ProblemType:	CARP
NumberNodes:	1743
NumberEdges:	2296
DepotNodeNumber:	1290
NumberOfFractions:	1
NumberOfIntervalsForFraction	Paper	1	14
GRAPH
EdgeNumber	EdgeId	StartNodeNumber	EndNodeNumber	Cost	Demand_0	Bins_0
START
0	9	3	4	41	255	1
1	37	7	8	98	0	0
2	67	15	16	58	0	0
3	68	16	17	27	765	3
4	73	18	19	8	0	0
5	74	20	21	81	0	0
6	76	21	22	50	0	0
7	99	23	24	267	0	0
8	103	27	28	128	102	1
9	104	28	29	54	204	2
10	137	30	31	388	0	0
11	138	32	33	22	510	2
12	146	34	35	65	255	1
13	154	36	37	39	510	2
14	155	38	39	10	0	0
15	156	39	40	37	765	3
16	166	42	43	98	102	1
17	167	43	44	19	0	0
18	249	57	58	199	0	0
19	250	53	59	1009	0	0
20	251	59	60	488	0	0
21	255	52	60	729	0	0
22	256	62	63	966	0	0
23	292	71	72	77	1020	4
24	293	72	73	36	0	0
25	302	38	76	64	102	1
26	303	77	78	15	0	0
27	305	33	79	48	510	2
28	306	79	80	24	0	0
29	311	82	83	226	0	0
30	312	83	84	172	510	1
31	318	86	87	76	765	3
32	319	88	89	18	204	2
33	327	90	91	9	765	3
34	329	90	92	39	0	0
35	338	76	94	17	255	1
36	339	94	36	54	510	2
37	342	95	96	101	0	0
38	343	97	98	83	0	0
39	349	100	101	45	0	0
40	355	102	103	55	0	0
41	417	105	106	298	59	1
42	430	107	108	160	0	0
43	444	112	113	172	0	0
44	445	114	115	131	765	3
45	452	118	119	23	510	2
46	454	120	121	22	0	0
47	478	125	126	74	0	0
48	480	127	128	17	0	0
49	481	128	129	92	255	1
50	507	131	132	40	255	1
51	509	133	134	32	0	0
52	554	137	138	48	0	0
53	573	141	142	33	0	0
54	574	142	143	27	0	0
55	578	145	146	77	510	2
56	579	146	147	47	0	0
57	605	10	152	489	204	2
58	642	153	154	147	102	1
59	645	19	155	135	255	1
60	657	157	158	23	510	2
61	664	160	161	41	0	0
62	665	161	162	39	102	1
63	667	163	164	63	1020	4
64	672	165	166	249	102	1
65	689	167	168	66	0	0
66	691	169	167	253	102	1
67	709	171	172	255	0	0
68	724	174	175	51	102	1
69	725	175	176	46	204	2
70	730	177	178	81	0	0
71	745	179	180	71	102	1
72	747	181	182	120	0	0
73	748	183	184	132	0	0
74	749	185	183	35	510	2
75	756	13	187	112	102	1
76	778	190	191	3	765	3
77	779	191	192	140	0	0
78	781	193	194	567	0	0
79	784	195	196	627	0	0
80	905	209	210	44	255	1
81	921	213	166	233	0	0
82	973	124	226	153	255	1
83	1014	227	120	112	255	1
84	1015	228	229	77	102	1
85	1071	222	233	35	255	1
86	1072	233	234	9	0	0
87	1075	235	236	256	0	0
88	1101	243	199	147	0	0
89	1106	244	245	34	0	0
90	1107	245	246	120	204	2
91	1136	249	250	44	1122	5
92	1161	52	251	557	0	0
93	1170	252	59	1204	0	0
94	1200	254	127	19	0	0
95	1272	256	257	79	0	0
96	1273	127	99	27	0	0
97	1274	258	259	1466	0	0
98	1275	219	260	555	0	0
99	1276	260	261	667	0	0
100	1277	219	262	725	0	0
101	1286	264	265	195	102	1
102	1290	266	26	737	0	0
103	1293	267	268	104	0	0
104	1295	259	129	1247	0	0
105	1297	269	270	321	0	0
106	1298	270	271	192	0	0
107	1300	271	272	9	0	0
108	1301	272	268	69	0	0
109	1308	74	275	247	0	0
110	1310	276	267	44	0	0
111	1311	267	272	60	0	0
112	1314	271	260	2044	0	0
113	1316	277	261	1222	0	0
114	1321	278	279	311	0	0
115	1322	280	261	2414	0	0
116	1335	281	282	489	0	0
117	1343	283	284	305	102	1
118	1345	277	285	249	0	0
119	1349	285	286	275	0	0
120	1353	287	288	83	357	2
121	1355	286	283	162	0	0
122	1382	289	290	628	0	0
123	1383	289	291	501	0	0
124	1438	180	294	18	255	1
125	1442	295	296	690	102	1
126	1460	247	297	1493	0	0
127	1487	301	302	52	0	0
128	1489	303	304	64	255	1
129	1492	305	306	232	0	0
130	1493	307	308	445	0	0
131	1511	298	74	237	0	0
132	1531	312	313	323	0	0
133	1538	314	315	172	0	0
134	1540	316	314	172	0	0
135	1546	317	318	17	510	2
136	1547	315	319	173	0	0
137	1569	322	323	1362	0	0
138	1570	193	324	1564	0	0
139	1578	325	326	1617	0	0
140	1584	327	328	68	0	0
141	1590	329	196	145	0	0
142	1591	196	330	641	0	0
143	1637	332	213	212	102	1
144	1666	338	339	750	0	0
145	1667	340	330	577	0	0
146	1668	330	256	201	0	0
147	1669	296	341	1232	0	0
148	1672	342	343	776	0	0
149	1690	8	243	154	0	0
150	1698	346	347	509	0	0
151	1704	348	65	992	0	0
152	1711	349	350	87	102	1
153	1712	350	301	57	0	0
154	1726	352	353	251	102	1
155	1738	356	357	1196	102	1
156	1745	358	264	792	0	0
157	1752	324	338	655	0	0
158	1757	273	269	311	0	0
159	1774	360	361	43	0	0
160	1775	362	363	47	102	1
161	1778	364	365	15	510	2
162	1805	367	368	50	1810	12
163	1817	369	370	75	0	0
164	1823	319	316	173	0	0
165	1836	328	300	62	0	0
166	1837	328	301	51	0	0
167	1838	372	327	105	255	1
168	1839	327	302	52	0	0
169	1877	203	373	22	0	0
170	1880	374	203	25	0	0
171	1914	379	380	2115	0	0
172	1950	377	381	61	204	2
173	1993	386	387	11	408	4
174	1997	388	389	50	0	0
175	1998	389	390	43	255	1
176	1999	389	391	67	0	0
177	2019	71	392	60	204	2
178	2020	392	393	109	0	0
179	2021	394	367	8	0	0
180	2022	367	395	33	0	0
181	2026	397	398	322	0	0
182	2039	297	404	32	0	0
183	2061	407	151	30	0	0
184	2099	51	251	663	0	0
185	2109	417	418	49	0	0
186	2112	419	44	64	0	0
187	2117	421	422	75	255	1
188	2118	422	423	34	0	0
189	2120	424	137	104	510	2
190	2146	427	428	95	0	0
191	2150	429	430	973	0	0
192	2155	431	427	239	0	0
193	2165	432	433	33	255	1
194	2197	279	434	94	102	1
195	2201	435	436	611	0	0
196	2202	435	437	33	0	0
197	2203	437	438	99	0	0
198	2204	437	439	33	0	0
199	2205	439	440	99	0	0
200	2206	439	435	62	0	0
201	2213	407	408	72	0	0
202	2220	322	441	1375	0	0
203	2225	442	207	723	0	0
204	2231	145	415	10	0	0
205	2258	357	197	234	0	0
206	2299	444	445	111	1020	4
207	2301	446	447	84	2040	4
208	2324	247	398	191	0	0
209	2349	256	449	116	0	0
210	2358	451	452	107	0	0
211	2363	453	454	50	102	1
212	2380	231	321	187	255	1
213	2393	455	456	142	255	1
214	2420	454	458	44	0	0
215	2428	461	295	152	0	0
216	2430	462	461	99	0	0
217	2431	462	295	151	0	0
218	2457	465	466	20	0	0
219	2458	467	468	17	0	0
220	2459	468	469	205	0	0
221	2460	469	470	271	0	0
222	2461	471	472	269	0	0
223	2462	471	473	15	0	0
224	2470	474	476	8	0	0
225	2486	477	478	149	0	0
226	2488	479	480	193	0	0
227	2489	480	478	60	0	0
228	2492	477	479	224	0	0
229	2499	481	482	104	255	1
230	2507	483	223	128	510	2
231	2510	485	486	11	102	1
232	2517	488	485	329	0	0
233	2519	489	490	649	0	0
234	2523	489	208	445	0	0
235	2524	492	493	1287	0	0
236	2525	492	494	43	0	0
237	2534	498	499	20	510	2
238	2535	499	500	36	0	0
239	2536	483	501	143	0	0
240	2537	502	442	62	0	0
241	2544	503	504	87	510	2
242	2561	507	239	7	0	0
243	2570	509	510	1849	0	0
244	2597	516	518	188	0	0
245	2608	519	520	560	510	2
246	2609	519	156	19	0	0
247	2614	512	513	28	0	0
248	2615	521	522	184	0	0
249	2617	523	524	370	0	0
250	2624	525	518	106	0	0
251	2629	526	527	21	510	2
252	2630	527	528	52	0	0
253	2631	528	525	66	0	0
254	2632	527	529	247	0	0
255	2638	530	531	22	0	0
256	2639	532	531	74	0	0
257	2640	531	525	161	255	1
258	2641	525	533	200	0	0
259	2653	292	535	262	0	0
260	2655	179	537	18	0	0
261	2660	493	539	239	0	0
262	2662	540	541	356	0	0
263	2666	484	542	86	0	0
264	2682	546	111	8	0	0
265	2684	547	548	60	0	0
266	2686	549	522	53	0	0
267	2687	522	112	37	0	0
268	2688	521	549	153	0	0
269	2698	550	209	22	0	0
270	2699	209	551	79	0	0
271	2714	553	554	515	0	0
272	2722	555	556	705	0	0
273	2738	558	559	104	102	1
274	2739	560	561	120	0	0
275	2740	561	562	30	0	0
276	2741	562	559	40	0	0
277	2762	563	540	121	102	1
278	2766	564	565	55	357	2
279	2767	565	560	62	0	0
280	2769	565	566	140	510	2
281	2774	567	568	37	0	0
282	2775	568	569	33	0	0
283	2776	569	570	217	0	0
284	2777	570	571	120	765	3
285	2779	572	573	66	0	0
286	2780	573	574	125	0	0
287	2781	575	576	92	255	1
288	2782	576	577	220	0	0
289	2783	577	578	440	0	0
290	2785	567	579	46	0	0
291	2786	579	572	63	0	0
292	2787	572	344	105	0	0
293	2788	573	580	117	0	0
294	2789	558	581	96	0	0
295	2790	577	582	42	0	0
296	2802	584	585	11	0	0
297	2803	585	586	95	255	1
298	2804	586	587	75	0	0
299	2806	587	588	42	0	0
300	2807	588	589	143	0	0
301	2823	592	593	98	0	0
302	2824	334	405	517	0	0
303	2830	594	595	93	0	0
304	2837	596	597	102	0	0
305	2838	597	598	77	0	0
306	2839	598	599	92	0	0
307	2844	600	108	45	510	2
308	2850	601	602	46	510	2
309	2857	603	604	132	102	1
310	2867	109	605	657	0	0
311	2868	606	262	448	0	0
312	2875	607	608	162	0	0
313	2880	609	610	27	255	1
314	2885	608	612	39	0	0
315	2888	611	608	21	0	0
316	2891	613	240	76	0	0
317	2892	240	614	39	0	0
318	2893	614	263	68	0	0
319	2898	615	612	32	0	0
320	2903	616	617	636	0	0
321	2929	618	619	92	0	0
322	2930	618	620	67	0	0
323	2934	621	622	77	306	3
324	2940	624	28	102	0	0
325	2943	254	625	155	255	1
326	2948	627	628	9	0	0
327	2954	100	629	47	357	2
328	2955	629	624	50	204	2
329	2956	624	29	55	0	0
330	2960	99	605	42	0	0
331	2961	605	625	67	0	0
332	2962	625	125	216	0	0
333	2965	129	254	58	0	0
334	2967	630	631	120	255	1
335	2968	632	633	102	255	1
336	2972	635	591	53	0	0
337	2973	631	633	114	0	0
338	2974	636	637	28	0	0
339	2975	637	583	22	0	0
340	2976	583	638	28	0	0
341	2977	638	636	22	0	0
342	2978	639	640	36	0	0
343	2986	641	642	161	306	3
344	2988	593	643	303	0	0
345	3002	644	645	237	0	0
346	3004	646	647	26	0	0
347	3007	649	98	64	0	0
348	3008	650	651	107	255	1
349	3009	651	652	61	0	0
350	3010	653	654	21	255	1
351	3011	632	630	87	255	1
352	3012	635	655	8	0	0
353	3017	648	645	68	0	0
354	3023	657	658	28	0	0
355	3024	658	646	99	0	0
356	3029	659	660	170	255	1
357	3032	661	382	158	0	0
358	3033	382	649	217	0	0
359	3034	657	593	263	0	0
360	3040	662	594	26	0	0
361	3041	594	643	67	0	0
362	3044	595	663	64	510	2
363	3059	666	667	432	0	0
364	3060	667	668	730	0	0
365	3061	669	667	887	0	0
366	3063	667	670	2175	0	0
367	3083	669	636	699	0	0
368	3092	672	673	304	0	0
369	3097	670	351	648	0	0
370	3116	96	675	26	0	0
371	3117	675	360	30	0	0
372	3119	675	676	108	0	0
373	3123	677	599	50	0	0
374	3124	599	678	224	0	0
375	3127	680	681	165	0	0
376	3131	351	682	816	0	0
377	3136	682	672	422	0	0
378	3141	683	366	58	0	0
379	3143	684	685	26	0	0
380	3145	686	687	257	0	0
381	3147	688	689	188	0	0
382	3155	212	333	110	0	0
383	3156	679	690	176	0	0
384	3161	691	677	88	0	0
385	3162	360	688	25	0	0
386	3166	693	694	14	0	0
387	3169	695	696	114	0	0
388	3177	313	700	18	0	0
389	3178	700	701	85	0	0
390	3181	685	690	45	255	1
391	3182	690	609	47	0	0
392	3183	609	702	170	663	5
393	3184	702	692	20	102	1
394	3187	697	703	75	0	0
395	3203	282	266	389	255	1
396	3209	352	214	193	0	0
397	3230	216	355	702	0	0
398	3232	336	705	131	102	1
399	3236	335	704	814	0	0
400	3238	706	707	797	0	0
401	3240	704	708	714	0	0
402	3242	707	709	647	0	0
403	3244	710	310	1543	0	0
404	3279	713	714	21	510	2
405	3301	715	716	70	255	1
406	3302	361	717	27	510	2
407	3304	674	718	1257	0	0
408	3315	719	697	50	204	2
409	3318	679	694	182	0	0
410	3334	216	709	5	0	0
411	3335	709	706	966	0	0
412	3386	721	711	20	0	0
413	3389	722	723	164	0	0
414	3393	95	725	86	0	0
415	3394	725	696	82	0	0
416	3395	364	725	18	0	0
417	3398	726	715	29	0	0
418	3399	715	596	142	0	0
419	3400	361	726	13	0	0
420	3402	695	686	1147	0	0
421	3416	727	698	58	0	0
422	3417	728	727	48	255	1
423	3418	729	728	58	0	0
424	3425	730	731	19	0	0
425	3431	101	628	100	0	0
426	3433	732	623	34	255	1
427	3446	449	257	105	0	0
428	3447	257	733	593	0	0
429	3452	734	735	13	0	0
430	3458	739	740	20	0	0
431	3464	742	27	74	0	0
432	3471	276	362	13	0	0
433	3506	652	653	34	510	2
434	3510	635	630	67	0	0
435	3512	744	745	45	255	1
436	3515	746	747	80	255	1
437	3516	747	586	108	0	0
438	3517	748	640	75	255	1
439	3563	698	750	99	0	0
440	3564	750	692	72	255	1
441	3570	689	694	71	0	0
442	3577	701	751	38	510	2
443	3582	752	729	23	255	1
444	3586	753	754	803	0	0
445	3587	755	756	24	0	0
446	3609	757	425	51	0	0
447	3611	759	760	100	0	0
448	3618	761	762	85	0	0
449	3619	762	763	96	0	0
450	3621	764	758	159	0	0
451	3625	459	737	495	0	0
452	3633	765	766	808	0	0
453	3657	413	46	282	0	0
454	3658	614	613	114	0	0
455	3659	620	619	143	0	0
456	3660	270	274	173	0	0
457	3661	768	278	692	102	1
458	3663	278	280	390	0	0
459	3720	217	218	250	255	1
460	3723	214	686	1205	0	0
461	3726	706	335	199	0	0
462	3727	336	712	1332	0	0
463	3736	306	769	62	0	0
464	3737	720	307	611	59	1
465	3761	432	743	913	0	0
466	3770	770	339	732	0	0
467	3772	340	733	439	0	0
468	3786	772	773	1765	0	0
469	3814	763	777	21	0	0
470	3820	761	757	118	0	0
471	3831	762	760	141	0	0
472	3832	760	236	191	510	2
473	3860	418	778	47	0	0
474	3862	778	779	37	255	1
475	3863	44	780	103	0	0
476	3875	783	93	101	0	0
477	3876	784	7	1073	357	2
478	3878	785	590	486	0	0
479	3879	8	198	102	102	1
480	3896	376	379	159	0	0
481	3910	787	786	43	0	0
482	3912	634	786	43	0	0
483	3915	787	634	38	0	0
484	3945	790	791	795	510	2
485	3946	791	792	653	0	0
486	3954	124	130	174	102	1
487	3957	794	795	71	0	0
488	3958	796	244	44	0	0
489	3963	755	754	1334	102	1
490	3968	798	799	96	0	0
491	3969	799	757	84	0	0
492	3970	762	799	111	0	0
493	3981	419	796	31	255	1
494	3983	777	798	92	102	1
495	3990	123	774	640	0	0
496	3994	378	753	1050	0	0
497	4002	801	802	556	0	0
498	4010	803	804	36	204	2
499	4011	805	806	30	510	2
500	4012	807	808	136	0	0
501	4015	201	809	125	1020	4
502	4021	204	810	74	510	2
503	4038	84	775	107	0	0
504	4044	811	808	7	0	0
505	4046	811	807	14	0	0
506	4047	807	38	16	255	1
507	4048	40	777	43	0	0
508	4049	40	805	16	0	0
509	4050	796	794	19	0	0
510	4051	780	189	143	0	0
511	4052	45	812	140	0	0
512	4082	813	192	105	357	2
513	4094	814	815	44	102	1
514	4095	759	763	166	0	0
515	4096	798	42	110	204	2
516	4097	816	817	154	408	4
517	4098	818	817	238	0	0
518	4099	819	820	54	0	0
519	4100	776	818	28	0	0
520	4101	776	821	22	0	0
521	4103	818	820	27	0	0
522	4104	820	821	24	0	0
523	4106	822	823	30	510	2
524	4109	824	825	33	510	2
525	4110	825	748	30	0	0
526	4111	68	826	101	765	3
527	4113	827	495	126	510	2
528	4122	828	829	43	765	3
529	4123	829	830	71	1020	2
530	4128	831	498	297	0	0
531	4130	788	789	204	0	0
532	4136	788	498	77	0	0
533	4158	121	832	49	0	0
534	4162	553	833	144	0	0
535	4171	497	831	274	0	0
536	4172	831	424	7	0	0
537	4173	86	88	56	0	0
538	4175	136	834	138	204	2
539	4176	834	483	113	255	1
540	4177	501	835	39	0	0
541	4178	835	836	57	255	1
542	4179	836	502	211	0	0
543	4185	741	457	11	0	0
544	4186	457	460	15	0	0
545	4187	460	411	9	0	0
546	4188	411	741	17	0	0
547	4196	840	841	73	0	0
548	4197	842	843	104	255	1
549	4198	843	844	72	0	0
550	4203	847	848	535	59	1
551	4204	848	783	148	255	1
552	4211	849	382	448	357	2
553	4214	850	851	116	510	2
554	4223	258	26	32	0	0
555	4252	852	700	88	0	0
556	4254	853	854	17	408	4
557	4269	448	858	45	0	0
558	4300	861	862	32	204	2
559	4301	781	812	47	0	0
560	4320	867	868	103	0	0
561	4330	869	870	220	255	1
562	4345	868	5	342	0	0
563	4348	75	871	277	0	0
564	4366	493	429	1076	255	1
565	4409	287	277	57	0	0
566	4417	860	54	1277	0	0
567	4428	873	874	117	0	0
568	4465	873	397	160	0	0
569	4467	874	397	259	102	1
570	4480	812	879	91	510	2
571	4496	880	881	98	765	3
572	4503	858	882	30	0	0
573	4504	883	884	214	0	0
574	4507	764	880	55	0	0
575	4508	887	888	138	255	1
576	4518	890	891	28	0	0
577	4526	892	893	81	1734	8
578	4530	894	895	75	102	1
579	4535	896	897	29	0	0
580	4538	899	900	42	0	0
581	4540	901	902	16	0	0
582	4541	902	903	194	510	2
583	4542	904	905	130	0	0
584	4544	906	907	2	0	0
585	4545	908	909	66	867	4
586	4546	909	906	37	510	2
587	4547	910	911	18	255	1
588	4549	912	913	191	408	4
589	4550	914	915	49	0	0
590	4551	915	916	16	204	2
591	4554	918	919	48	0	0
592	4556	921	922	55	0	0
593	4557	923	921	40	102	1
594	4571	926	925	19	0	0
595	4574	927	928	356	0	0
596	4594	840	929	62	510	2
597	4595	929	930	19	0	0
598	4609	932	933	84	1971	23
599	4621	934	935	176	0	0
600	4643	939	940	157	59	1
601	4655	942	943	53	765	3
602	4656	943	944	42	1275	5
603	4668	947	948	16	0	0
604	4669	949	950	587	0	0
605	4677	951	952	74	1020	4
606	4682	953	771	888	0	0
607	4691	194	770	1382	0	0
608	4692	194	954	273	0	0
609	4694	955	956	776	510	2
610	4695	957	955	180	0	0
611	4696	956	193	1049	0	0
612	4698	772	736	715	0	0
613	4700	958	766	796	0	0
614	4713	959	960	470	569	3
615	4716	181	961	185	0	0
616	4726	962	886	68	102	1
617	4730	964	965	49	0	0
618	4734	966	967	1369	0	0
619	4746	14	972	1463	0	0
620	4748	973	974	178	0	0
621	4749	974	975	36	0	0
622	4750	975	976	118	0	0
623	4751	976	977	87	0	0
624	4752	977	14	54	0	0
625	4754	977	978	349	0	0
626	4755	979	980	637	0	0
627	4756	979	972	214	0	0
628	4757	979	981	1081	102	1
629	4758	981	982	480	0	0
630	4764	983	984	291	0	0
631	4765	985	986	343	0	0
632	4783	987	988	153	0	0
633	4787	989	990	20	0	0
634	4794	991	992	103	0	0
635	4800	994	995	577	102	1
636	4811	996	998	937	0	0
637	4814	999	544	113	0	0
638	4831	1002	1003	1268	0	0
639	4833	1003	225	1275	0	0
640	4834	1003	1004	168	0	0
641	4843	1006	901	28	0	0
642	4844	1007	1008	26	0	0
643	4852	443	1010	1164	0	0
644	4854	205	1011	366	0	0
645	4855	1012	998	165	0	0
646	4856	1012	1013	178	255	1
647	4862	1014	1015	77	510	2
648	4863	1015	998	36	0	0
649	4872	1017	1018	103	459	3
650	4876	1019	102	20	0	0
651	4877	1019	884	43	0	0
652	4878	102	884	19	0	0
653	4880	1020	1021	1209	0	0
654	4881	1020	1022	38	0	0
655	4906	958	765	316	0	0
656	4910	770	767	1501	0	0
657	4911	770	329	1203	0	0
658	4915	1024	957	360	102	1
659	4919	412	722	98	0	0
660	4920	1026	722	9	0	0
661	4924	1026	723	161	0	0
662	4939	1027	1028	18	0	0
663	4940	1011	545	385	0	0
664	4942	1029	1030	515	0	0
665	4944	1031	1032	52	0	0
666	4945	1032	1028	24	0	0
667	4946	1030	1011	236	0	0
668	4949	1032	1027	31	0	0
669	4951	966	1034	140	0	0
670	4952	1034	1035	374	0	0
671	4953	1035	1036	406	0	0
672	4954	293	1036	325	0	0
673	4961	1039	1037	239	0	0
674	4964	1038	1040	504	0	0
675	4968	1041	1040	216	0	0
676	4970	973	975	217	0	0
677	4971	974	976	157	0	0
678	4995	1043	521	145	0	0
679	4997	982	556	192	0	0
680	4998	1044	1045	506	0	0
681	5000	1046	1044	573	0	0
682	5001	1046	1047	350	0	0
683	5009	1048	985	1096	0	0
684	5010	1048	342	141	0	0
685	5039	1050	1004	889	0	0
686	5048	1010	1041	1720	0	0
687	5079	1052	553	266	0	0
688	5080	1052	1023	187	102	1
689	5090	1053	1054	44	102	1
690	5110	1056	1057	125	0	0
691	5112	1058	1057	176	0	0
692	5113	1057	1059	28	0	0
693	5118	1051	1060	160	0	0
694	5119	1060	1056	91	0	0
695	5120	1056	1058	21	0	0
696	5121	1058	206	75	0	0
697	5123	443	1059	116	0	0
698	5186	207	1062	194	0	0
699	5215	1063	1064	65	0	0
700	5227	224	488	271	0	0
701	5238	472	468	14	0	0
702	5239	465	1067	13	0	0
703	5242	472	467	15	0	0
704	5243	466	1067	20	0	0
705	5275	1042	1069	134	306	3
706	5305	859	1054	276	0	0
707	5322	1070	122	104	0	0
708	5326	23	1071	120	0	0
709	5374	20	1073	145	0	0
710	5393	1074	1075	117	0	0
711	5395	234	543	395	0	0
712	5399	1076	121	46	0	0
713	5401	1077	116	76	255	1
714	5402	837	55	39	0	0
715	5409	1064	1072	56	102	1
716	5450	117	139	67	102	1
717	5510	430	70	244	0	0
718	5528	470	475	959	0	0
719	5545	1078	1079	56	357	2
720	5610	1084	1085	83	0	0
721	5611	865	110	29	0	0
722	5612	110	1084	23	0	0
723	5613	865	1074	26	0	0
724	5614	1074	1084	28	0	0
725	5672	860	1071	59	0	0
726	5737	1090	1091	27	255	1
727	5739	1092	442	915	0	0
728	5757	6	1093	14	255	1
729	5758	1094	1095	36	255	1
730	5763	111	1096	44	255	1
731	5857	1100	1101	326	102	1
732	5869	1033	1034	547	0	0
733	5895	490	225	447	0	0
734	5910	476	541	1913	0	0
735	5914	1104	508	271	0	0
736	5917	1105	1106	862	0	0
737	5919	1107	1089	865	0	0
738	5958	515	1109	277	102	1
739	5967	1110	1111	186	0	0
740	5984	1110	1112	162	357	2
741	5986	1113	348	964	0	0
742	6010	1114	1115	145	0	0
743	6023	512	514	29	0	0
744	6024	514	513	28	0	0
745	6038	438	1117	555	0	0
746	6039	1117	1118	389	0	0
747	6040	1118	936	89	0	0
748	6044	436	1120	1042	0	0
749	6054	1124	1121	72	0	0
750	6055	1121	1125	735	0	0
751	6072	152	1045	230	0	0
752	6074	1045	10	220	0	0
753	6086	903	1127	55	0	0
754	6088	1050	1002	601	0	0
755	6099	1128	914	66	510	5
756	6101	1129	914	50	0	0
757	6102	1130	1131	55	255	1
758	6103	911	931	57	714	4
759	6105	1132	1133	199	0	0
760	6106	917	1134	64	0	0
761	6107	917	1135	65	0	0
762	6108	1135	1136	69	510	2
763	6109	1137	908	21	204	2
764	6110	1138	1139	8	0	0
765	6111	1139	1140	77	510	2
766	6112	1141	1142	105	1530	9
767	6113	1142	1143	49	204	2
768	6115	923	1144	146	714	4
769	6117	1145	1146	167	0	0
770	6125	1147	842	12	0	0
771	6126	1148	1149	14	0	0
772	6132	507	1104	280	0	0
773	6136	1086	1150	1089	0	0
774	6137	1151	1152	115	255	1
775	6138	905	1153	101	255	1
776	6139	1153	1006	96	0	0
777	6140	1017	1154	50	255	1
778	6148	1147	1155	29	255	1
779	6149	1156	1157	15	255	1
780	6150	1157	1158	47	0	0
781	6151	1159	1160	62	0	0
782	6152	1160	1161	16	0	0
783	6155	1163	1006	70	255	1
784	6156	1164	1165	42	204	2
785	6157	1165	1166	153	255	1
786	6158	1154	1167	50	0	0
787	6159	1167	899	24	459	3
788	6160	1168	1169	33	0	0
789	6163	1170	1116	30	0	0
790	6166	1111	61	37	0	0
791	6186	1171	1172	53	0	0
792	6187	1172	1173	37	765	3
793	6194	1174	1175	57	510	2
794	6196	1176	1177	43	510	2
795	6211	1049	1179	947	0	0
796	6239	1180	1183	462	0	0
797	6254	70	1184	879	0	0
798	6262	391	388	38	0	0
799	6265	1187	388	77	0	0
800	6266	1188	1189	111	0	0
801	6267	1189	1190	43	0	0
802	6274	1191	1174	27	0	0
803	6275	1174	1192	50	0	0
804	6276	1192	1193	27	0	0
805	6277	1193	1194	23	0	0
806	6278	1194	1195	52	0	0
807	6280	1197	1198	122	510	2
808	6281	1188	1199	48	0	0
809	6307	1200	1118	82	0	0
810	6310	1201	440	173	0	0
811	6311	1125	1202	1477	0	0
812	6318	1203	555	639	0	0
813	6326	1204	152	830	0	0
814	6327	1204	1044	979	0	0
815	6328	1204	1205	192	0	0
816	6329	1205	1206	118	0	0
817	6330	1206	936	288	0	0
818	6332	1120	1207	53	204	2
819	6334	911	1208	47	510	2
820	6352	1168	1144	78	255	1
821	6353	1144	1165	57	161	2
822	6356	1138	1130	73	204	2
823	6358	1209	1162	67	0	0
824	6359	930	903	44	0	0
825	6361	1210	929	16	0	0
826	6362	905	1017	64	0	0
827	6363	1211	1136	15	0	0
828	6364	1140	1212	69	0	0
829	6365	1140	1128	49	255	1
830	6366	1128	1156	19	0	0
831	6367	1212	1148	74	0	0
832	6368	1213	1210	48	765	3
833	6369	1214	1215	77	1020	4
834	6370	1216	1217	16	510	2
835	6371	1217	1159	84	765	3
836	6372	1215	1216	48	204	2
837	6373	249	1160	33	0	0
838	6374	1218	1219	94	255	1
839	6375	913	1220	20	0	0
840	6376	1220	1221	77	255	1
841	6380	444	1223	63	0	0
842	6381	918	1151	9	0	0
843	6385	1224	578	18	0	0
844	6386	561	1225	19	0	0
845	6387	1225	1226	134	1122	5
846	6388	1226	1227	34	0	0
847	6389	1228	1226	39	255	1
848	6396	891	1229	51	255	1
849	6410	571	1230	200	0	0
850	6411	1231	568	119	0	0
851	6413	562	1232	50	255	1
852	6416	572	1227	20	0	0
853	6419	1233	1234	147	255	1
854	6429	1227	1235	110	510	2
855	6430	1235	564	30	0	0
856	6491	291	1106	872	0	0
857	6562	615	263	262	0	0
858	6563	611	612	37	0	0
859	6564	649	383	193	255	1
860	6612	645	1236	61	0	0
861	6613	1237	97	67	765	3
862	6638	638	405	495	0	0
863	6640	590	637	1121	0	0
864	6645	1025	735	23	0	0
865	6647	1025	734	25	0	0
866	6648	626	27	18	0	0
867	6650	340	765	757	0	0
868	6653	674	358	899	0	0
869	6659	1238	1239	33	1530	6
870	6671	1242	1243	30	0	0
871	6672	1244	1245	20	0	0
872	6679	1242	1246	48	867	4
873	6680	1247	1248	138	0	0
874	6681	1248	1249	196	357	2
875	6687	946	1250	159	0	0
876	6691	1251	1252	184	0	0
877	6694	1252	1253	94	0	0
878	6776	359	703	187	0	0
879	6780	648	1256	89	102	1
880	6796	107	603	73	0	0
881	6803	1236	1257	61	255	1
882	6817	1236	656	51	0	0
883	6825	676	695	84	255	1
884	6862	739	738	68	510	2
885	6864	730	1258	54	510	2
886	6866	101	1259	31	255	1
887	6867	742	851	87	510	2
888	6872	639	1260	7	0	0
889	6873	1260	655	209	510	1
890	6883	991	934	46	255	1
891	6886	1262	370	106	0	0
892	6887	370	1263	164	0	0
893	6890	390	1189	199	0	0
894	6896	390	1250	35	0	0
895	6898	1264	1265	350	0	0
896	6899	1265	1266	196	0	0
897	6902	1266	1268	268	0	0
898	6904	1266	168	570	0	0
899	6905	3	1269	543	0	0
900	6916	1249	1251	89	0	0
901	6920	945	575	651	0	0
902	6933	1271	1272	1005	0	0
903	6939	1273	160	97	0	0
904	6940	1273	1268	115	0	0
905	6941	1274	1275	147	0	0
906	6942	1276	1275	344	0	0
907	6943	1277	1275	1455	255	1
908	6944	1276	1278	891	0	0
909	6950	1278	1021	610	0	0
910	6987	665	713	305	0	0
911	7022	461	463	504	204	2
912	7039	670	672	882	102	1
913	7075	627	125	207	0	0
914	7077	126	626	29	357	2
915	7084	1254	1279	17	255	1
916	7110	657	592	217	0	0
917	7123	797	1284	86	0	0
918	7127	823	824	42	0	0
919	7129	584	1286	88	255	1
920	7169	925	1288	529	0	0
921	7170	926	174	132	0	0
922	7176	404	1290	38	0	0
923	7186	1291	1292	1143	255	1
924	7193	1022	1293	210	102	1
925	7199	1022	409	318	0	0
926	7205	1294	1295	1354	0	0
927	7206	928	1296	1178	0	0
928	7209	927	1297	102	0	0
929	7210	1298	1297	146	0	0
930	7211	1297	1294	188	0	0
931	7213	1288	371	951	0	0
932	7219	1300	1301	226	0	0
933	7220	1302	1303	11	0	0
934	7221	1304	1305	31	765	2
935	7224	1306	1307	51	459	3
936	7225	1306	1308	60	0	0
937	7226	1308	1159	45	0	0
938	7229	844	1209	140	0	0
939	7231	1309	1310	12	510	2
940	7232	1311	1312	64	2040	4
941	7233	1309	1311	78	0	0
942	7234	1313	1314	42	0	0
943	7248	313	852	107	1275	5
944	7269	48	279	47	0	0
945	7277	1315	366	62	0	0
946	7278	1258	731	33	0	0
947	7285	1316	246	356	0	0
948	7286	817	764	98	0	0
949	7292	1317	819	129	510	1
950	7297	1318	802	553	0	0
951	7320	188	781	18	0	0
952	7322	797	1319	35	0	0
953	7323	1284	417	156	0	0
954	7324	800	1285	157	0	0
955	7325	1285	192	113	0	0
956	7326	37	1320	27	0	0
957	7328	795	816	15	0	0
958	7329	816	244	61	0	0
959	7333	1321	1322	34	255	1
960	7335	780	1319	57	0	0
961	7341	1282	1324	665	102	1
962	7348	1282	793	1166	0	0
963	7358	847	200	78	0	0
964	7418	80	764	108	204	2
965	7443	1152	1211	33	510	2
966	7445	841	1325	43	204	2
967	7452	921	1327	33	0	0
968	7453	1327	1168	114	459	3
969	7454	1327	1328	18	255	1
970	7455	1166	923	58	0	0
971	7457	899	921	112	969	5
972	7458	1303	1329	66	459	3
973	7459	1304	1302	29	204	2
974	7461	1330	1331	115	2040	4
975	7480	1334	1335	84	1275	5
976	7483	1336	1337	64	102	1
977	7490	262	607	841	0	0
978	7499	691	1315	83	765	3
979	7521	1316	819	84	0	0
980	7527	821	323	291	0	0
981	7536	1338	1339	99	255	1
982	7549	1340	1281	176	0	0
983	7560	1340	1283	160	0	0
984	7571	420	1341	72	0	0
985	7572	1341	1338	45	510	2
986	7580	78	1342	36	510	2
987	7587	1341	34	101	0	0
988	7588	758	795	87	0	0
989	7590	794	42	215	0	0
990	7606	1343	1344	69	204	2
991	7607	930	1345	23	0	0
992	7608	1345	904	88	0	0
993	7611	1346	384	105	1275	5
994	7627	1320	45	48	0	0
995	7628	1320	42	74	204	2
996	7635	1348	1270	179	0	0
997	7640	1349	802	460	255	1
998	7648	801	1349	245	0	0
999	7651	1323	1350	37	510	2
1000	7694	77	811	77	0	0
1001	7702	1325	1345	16	0	0
1002	7714	843	1354	50	510	2
1003	7727	188	420	185	0	0
1004	7744	1166	1329	49	510	2
1005	7759	1355	1357	53	102	1
1006	7776	1360	1361	110	1275	5
1007	7777	1322	417	63	102	1
1008	7782	800	1323	58	204	2
1009	7784	1284	1360	11	0	0
1010	7813	1362	1363	41	1275	5
1011	7815	1364	1365	25	255	1
1012	7817	1366	1124	61	0	0
1013	7818	1366	980	1125	0	0
1014	7819	1123	1366	155	0	0
1015	7820	1046	555	631	0	0
1016	7821	1217	1163	21	306	3
1017	7822	1367	901	35	0	0
1018	7823	1127	1367	179	1830	23
1019	7825	904	919	48	0	0
1020	7896	400	401	1023	0	0
1021	7899	737	773	755	0	0
1022	7901	740	412	99	0	0
1023	7902	740	738	50	0	0
1024	7907	724	767	1231	0	0
1025	7939	920	1372	6	0	0
1026	7941	922	444	93	510	2
1027	7973	1378	1379	28	255	1
1028	7984	1380	1158	78	0	0
1029	7987	1381	941	54	510	2
1030	7988	1005	1382	155	0	0
1031	7991	1383	1384	52	510	2
1032	8041	302	1387	20	0	0
1033	8042	1387	769	93	102	1
1034	8055	1390	1097	273	204	2
1035	8077	344	345	21	0	0
1036	8100	345	31	52	0	0
1037	8106	1142	249	72	0	0
1038	8107	319	314	10	0	0
1039	8108	319	1392	139	306	3
1040	8109	1393	314	140	0	0
1041	8122	1395	446	49	0	0
1042	8123	446	1396	13	0	0
1043	8127	1399	1400	57	255	1
1044	8175	671	202	272	102	1
1045	8201	662	1402	39	255	1
1046	8202	1402	646	275	0	0
1047	8213	1403	1404	54	0	0
1048	8214	1404	1405	62	255	1
1049	8219	1019	1164	52	0	0
1050	8228	1406	1407	38	2040	8
1051	8229	1407	1408	15	0	0
1052	8251	195	954	418	102	1
1053	8258	1410	58	96	0	0
1054	8269	1411	1412	636	0	0
1055	8279	1414	1415	152	0	0
1056	8296	1352	1416	98	0	0
1057	8310	897	1418	72	255	1
1058	8330	1299	1419	1161	102	1
1059	8331	1419	177	1742	0	0
1060	8333	1420	211	148	0	0
1061	8337	1421	1386	1574	0	0
1062	8343	1411	30	1793	0	0
1063	8347	1423	1424	294	0	0
1064	8355	556	1203	591	0	0
1065	8356	1215	1367	9	0	0
1066	8365	1425	1426	94	0	0
1067	8366	1427	951	20	102	1
1068	8367	1428	1427	50	0	0
1069	8375	1430	1431	259	0	0
1070	8408	928	399	243	0	0
1071	8411	877	1298	3159	0	0
1072	8417	970	1435	1581	0	0
1073	8422	1082	1436	169	0	0
1074	8433	1409	1389	119	0	0
1075	8437	1438	1437	15	0	0
1076	8481	1440	67	474	0	0
1077	8483	1218	913	105	0	0
1078	8484	893	1168	79	1020	4
1079	8485	1223	893	17	0	0
1080	8486	1441	1442	83	0	0
1081	8487	1442	984	818	510	2
1082	8494	1080	135	896	0	0
1083	8498	965	1443	57	255	1
1084	8500	1444	1445	27	765	3
1085	8508	1446	1312	79	0	0
1086	8513	1447	396	1646	0	0
1087	8516	1448	172	410	102	1
1088	8517	960	961	190	0	0
1089	8536	354	1449	233	0	0
1090	8540	1295	1450	1200	0	0
1091	8576	1451	402	176	0	0
1092	8585	1452	1453	347	0	0
1093	8600	1391	1455	39	0	0
1094	8602	1033	1455	810	0	0
1095	8605	1126	1375	26	0	0
1096	8606	1456	1126	30	0	0
1097	8607	1454	1457	1183	0	0
1098	8608	1456	1375	27	0	0
1099	8609	251	1458	70	0	0
1100	8610	1458	1459	123	0	0
1101	8612	1459	1460	76	0	0
1102	8613	1460	1461	798	0	0
1103	8614	1461	61	39	0	0
1104	8621	112	114	78	0	0
1105	8622	1085	546	364	0	0
1106	8627	548	1463	16	0	0
1107	8640	1442	1464	66	0	0
1108	8648	1179	1462	962	0	0
1109	8649	1179	428	251	0	0
1110	8666	1465	1466	76	102	1
1111	8668	1467	1445	8	255	1
1112	8670	1468	1469	69	204	2
1113	8672	538	1470	113	0	0
1114	8675	963	964	39	255	1
1115	8687	292	1471	585	0	0
1116	8688	1471	962	64	0	0
1117	8713	1449	1472	1085	0	0
1118	8716	1472	406	270	0	0
1119	8718	46	617	582	0	0
1120	8720	1472	617	711	0	0
1121	8723	413	1473	763	102	1
1122	8738	1088	1474	322	0	0
1123	8744	1087	238	19	0	0
1124	8749	238	1474	23	0	0
1125	8755	550	242	50	0	0
1126	8761	242	551	113	0	0
1127	8762	551	1475	44	0	0
1128	8772	1479	64	28	0	0
1129	8776	539	1480	154	0	0
1130	8777	1480	1478	24	0	0
1131	8780	1482	1479	312	0	0
1132	8781	1479	1483	32	0	0
1133	8783	1483	64	25	0	0
1134	8787	1484	1481	185	0	0
1135	8788	1484	539	371	0	0
1136	8805	1436	1485	125	0	0
1137	8806	1485	1082	104	0	0
1138	8808	1081	153	129	0	0
1139	8811	290	1105	574	102	1
1140	8823	1098	1108	101	0	0
1141	8825	1107	1486	547	0	0
1142	8833	1463	1487	75	0	0
1143	8834	1487	546	75	102	1
1144	8837	1488	1489	57	0	0
1145	8843	1462	1085	215	0	0
1146	8855	120	1076	100	255	1
1147	8866	21	18	27	0	0
1148	8870	22	1490	40	0	0
1149	8916	1043	864	251	0	0
1150	8944	1087	1474	25	0	0
1151	8950	1481	1491	615	0	0
1152	8951	1491	1184	32	0	0
1153	8952	1184	1492	206	255	1
1154	8953	1492	1486	708	0	0
1155	8957	1492	563	19	0	0
1156	8961	541	1486	391	0	0
1157	8967	532	533	120	102	1
1158	8969	1493	534	450	0	0
1159	8974	1476	1493	1509	0	0
1160	8979	502	1494	79	255	1
1161	8983	1495	1496	95	102	1
1162	9028	1497	1498	90	0	0
1163	9032	552	41	14	0	0
1164	9034	1498	41	21	0	0
1165	9036	1498	552	23	0	0
1166	9037	1461	1111	33	0	0
1167	9040	1458	1460	89	0	0
1168	9042	1456	1457	496	0	0
1169	9053	1469	1470	71	0	0
1170	9055	208	429	699	0	0
1171	9057	414	1086	161	0	0
1172	9066	1499	489	105	0	0
1173	9067	494	1499	32	0	0
1174	9068	138	494	22	0	0
1175	9072	1401	1500	109	0	0
1176	9137	1501	1502	102	0	0
1177	9138	1502	1490	25	0	0
1178	9139	1490	50	23	0	0
1179	9140	1502	50	21	0	0
1180	9141	484	487	135	0	0
1181	9142	1489	1503	40	102	1
1182	9167	832	228	38	0	0
1183	9178	1036	1455	1250	0	0
1184	9183	1500	1441	86	0	0
1185	9190	1102	1099	645	0	0
1186	9192	872	465	785	0	0
1187	9193	872	426	1937	0	0
1188	9211	1501	1504	97	255	1
1189	9214	1505	547	47	102	1
1190	9215	1505	1506	55	255	1
1191	9230	542	487	120	0	0
1192	9237	1465	1507	74	255	1
1193	9242	528	518	86	0	0
1194	9245	1075	1508	58	510	2
1195	9246	1075	1505	115	0	0
1196	9262	543	1494	464	0	0
1197	9263	234	1090	34	0	0
1198	9269	500	1509	45	102	1
1199	9271	1499	1092	25	0	0
1200	9272	1092	138	28	0	0
1201	9275	113	864	287	0	0
1202	9286	55	23	641	0	0
1203	9330	1388	1510	212	102	1
1204	9363	1000	341	133	0	0
1205	9380	57	1511	9	0	0
1206	9381	1511	1410	38	510	2
1207	9385	56	1094	95	0	0
1208	9386	1083	135	174	255	1
1209	9463	1500	1512	85	0	0
1210	9464	1512	1513	55	255	1
1211	9472	1514	1515	665	0	0
1212	9475	1435	1514	928	0	0
1213	9481	1515	1516	251	0	0
1214	9484	1517	1518	302	102	1
1215	9487	1029	224	502	0	0
1216	9490	466	467	130	0	0
1217	9491	471	470	310	0	0
1218	9495	1088	1068	454	0	0
1219	9499	1519	1520	376	0	0
1220	9501	1521	950	50	0	0
1221	9502	950	1519	465	0	0
1222	9503	856	1522	50	0	0
1223	9504	971	993	1156	0	0
1224	9506	1523	1477	731	0	0
1225	9508	1440	1122	1096	0	0
1226	9510	67	1374	287	0	0
1227	9512	1374	1523	51	0	0
1228	9513	1523	1516	870	0	0
1229	9522	536	1524	87	0	0
1230	9523	1524	963	35	102	1
1231	9524	537	1525	59	102	1
1232	9548	826	501	68	0	0
1233	9553	1485	1526	181	357	2
1234	9556	491	1527	24	510	2
1235	9575	832	227	17	0	0
1236	9577	499	789	120	0	0
1237	9601	948	1528	24	0	0
1238	9602	1373	1201	1686	0	0
1239	9606	1202	1518	21	0	0
1240	9607	1373	993	435	0	0
1241	9612	1521	1353	469	0	0
1242	9615	1119	1116	55	0	0
1243	9623	11	1203	849	0	0
1244	9624	11	436	116	0	0
1245	9656	1240	1529	44	255	1
1246	9663	1530	1531	65	510	2
1247	9665	1222	1146	128	0	0
1248	9666	1222	1241	63	0	0
1249	9674	1029	1150	609	59	1
1250	9677	51	60	294	0	0
1251	9701	1192	1533	56	510	2
1252	9702	1194	1534	57	1275	5
1253	9703	103	1535	73	765	3
1254	9720	1398	1536	101	0	0
1255	9721	1536	937	337	255	1
1256	9727	1397	1536	104	0	0
1257	9728	1537	1185	167	0	0
1258	9729	1538	1539	72	1275	5
1259	9754	1540	1541	86	0	0
1260	9758	1537	1397	72	0	0
1261	9760	1178	858	10	0	0
1262	9761	103	882	20	0	0
1263	9762	883	1542	121	255	1
1264	9765	1540	1185	27	0	0
1265	9767	1171	1543	9	0	0
1266	9769	1544	1369	90	255	1
1267	9773	1545	1546	142	0	0
1268	9776	1538	938	70	357	2
1269	9780	1229	1547	72	255	1
1270	9785	564	1225	51	255	1
1271	9787	557	1191	362	0	0
1272	9824	1393	1548	192	255	1
1273	9825	1548	1313	35	0	0
1274	9826	1314	989	33	0	0
1275	9827	990	1549	51	1861	11
1276	9828	1549	1550	9	0	0
1277	9829	1551	1552	66	2061	12
1278	9832	1408	1554	42	0	0
1279	9838	1396	1541	92	765	3
1280	9842	1541	1555	17	867	4
1281	9843	1555	1411	117	306	3
1282	9844	1556	1347	90	510	2
1283	9845	1411	1347	129	255	1
1284	9854	1557	1558	19	0	0
1285	9861	1560	1561	68	0	0
1286	9862	1561	1562	66	0	0
1287	9863	1563	1564	93	0	0
1288	9864	1564	1565	3	0	0
1289	9865	1414	1566	52	510	2
1290	9891	1447	1370	852	0	0
1291	9898	1570	1571	145	0	0
1292	9899	1571	1572	35	0	0
1293	9936	1433	1575	184	0	0
1294	9969	1576	961	147	0	0
1295	9976	170	182	67	0	0
1296	9977	181	1577	12	0	0
1297	9978	71	1578	82	255	1
1298	9979	1578	185	21	204	2
1299	9982	1358	1579	177	255	1
1300	9983	184	1580	75	0	0
1301	9984	1580	1574	156	0	0
1302	9999	991	1581	91	0	0
1303	10000	1581	1244	185	0	0
1304	10022	1582	4	1433	0	0
1305	10023	1582	988	220	0	0
1306	10035	1412	316	21	0	0
1307	10036	844	1446	57	0	0
1308	10037	1583	1309	62	510	2
1309	10038	1310	1548	27	0	0
1310	10039	1548	1330	76	0	0
1311	10040	1330	1412	64	0	0
1312	10041	1133	844	80	0	0
1313	10047	1406	1584	51	1020	4
1314	10059	1021	1429	342	0	0
1315	10063	1382	1114	46	0	0
1316	10066	1586	1566	315	1020	4
1317	10076	1415	1559	91	0	0
1318	10077	1557	1588	37	0	0
1319	10078	1561	581	152	1020	4
1320	10083	30	1560	95	0	0
1321	10085	1232	1394	94	0	0
1322	10086	1394	1228	33	0	0
1323	10087	1560	1589	174	0	0
1324	10096	1195	1590	33	510	2
1325	10098	1332	1591	105	3060	6
1326	10102	1591	989	32	0	0
1327	10103	1313	1592	52	2040	4
1328	10105	1290	1593	123	1020	4
1329	10118	1230	574	107	0	0
1330	10119	1594	1227	63	0	0
1331	10123	1595	1596	43	510	2
1332	10138	1598	1570	100	0	0
1333	10139	1571	1599	20	0	0
1334	10141	1598	1599	67	0	0
1335	10142	1599	1572	25	0	0
1336	10146	1245	1600	23	255	1
1337	10149	1161	1308	191	0	0
1338	10150	1601	1602	65	1530	6
1339	10151	1603	1601	16	0	0
1340	10152	1604	1605	85	765	3
1341	10153	942	931	38	255	1
1342	10154	1221	942	46	0	0
1343	10157	1131	1606	30	204	2
1344	10159	882	1607	91	255	1
1345	10160	1006	1608	133	314	2
1346	10161	1009	1609	130	1020	4
1347	10202	1610	1578	107	0	0
1348	10210	104	174	82	0	0
1349	10214	1611	1612	58	0	0
1350	10222	857	1613	305	0	0
1351	10223	1613	1614	66	0	0
1352	10224	1614	1615	65	357	2
1353	10225	73	1615	57	0	0
1354	10226	1615	1616	46	255	1
1355	10227	1616	1613	65	255	1
1356	10228	73	1610	96	0	0
1357	10229	1610	403	58	0	0
1358	10236	1617	169	184	0	0
1359	10238	162	1265	233	0	0
1360	10247	1618	1619	79	255	1
1361	10254	1612	1620	49	255	1
1362	10255	1620	1576	16	0	0
1363	10258	1450	1434	84	204	2
1364	10274	1377	1378	53	0	0
1365	10275	924	845	394	0	0
1366	10276	1377	924	299	0	0
1367	10278	1622	1433	451	0	0
1368	10280	1622	987	899	0	0
1369	10284	567	578	97	0	0
1370	10285	1182	1247	86	0	0
1371	10298	410	1623	179	204	2
1372	10302	1588	1562	163	0	0
1373	10311	1429	1624	40	0	0
1374	10312	1624	168	6	0	0
1375	10313	1624	1625	245	102	1
1376	10327	1619	1371	53	0	0
1377	10328	1385	1617	59	0	0
1378	10329	162	160	137	0	0
1379	10334	1565	1626	47	1020	4
1380	10336	876	1627	380	255	1
1381	10354	1628	1629	73	0	0
1382	10355	1600	1629	24	0	0
1383	10357	1630	1631	66	102	1
1384	10360	1543	1632	114	510	2
1385	10363	1428	1633	31	204	2
1386	10365	841	919	80	0	0
1387	10366	1018	1153	120	0	0
1388	10367	1634	1635	21	255	1
1389	10368	1356	1636	45	510	2
1390	10371	1637	1638	29	510	2
1391	10373	1639	1186	124	510	2
1392	10385	1348	1640	231	102	1
1393	10392	1641	1305	15	0	0
1394	10396	1382	1642	36	0	0
1395	10397	1642	1643	53	765	3
1396	10422	176	926	164	0	0
1397	10430	1621	1644	215	255	1
1398	10435	1645	401	719	102	1
1399	10437	1274	1385	134	0	0
1400	10438	1268	1617	24	0	0
1401	10452	170	1611	65	102	1
1402	10453	1614	1577	167	0	0
1403	10455	185	393	99	0	0
1404	10458	1647	1648	50	255	1
1405	10463	1649	149	358	0	0
1406	10467	1650	148	451	0	0
1407	10495	1645	371	68	0	0
1408	10498	1288	1651	1243	0	0
1409	10517	452	1652	379	102	1
1410	10550	1426	1653	52	1915	10
1411	10556	1654	1631	38	0	0
1412	10557	889	1654	28	1708	10
1413	10567	1169	1197	30	714	4
1414	10569	1198	1188	144	0	0
1415	10571	1307	1655	32	204	2
1416	10596	1136	840	44	0	0
1417	10606	935	1362	67	0	0
1418	10613	1239	1261	16	0	0
1419	10627	448	1657	71	1275	5
1420	10635	574	1231	81	0	0
1421	10636	944	1214	52	510	2
1422	10637	1603	1221	129	0	0
1423	10640	1658	1253	368	102	1
1424	10663	1129	1659	56	0	0
1425	10665	1007	1659	63	0	0
1426	10668	935	1119	259	0	0
1427	10674	1052	1660	67	0	0
1428	10675	1660	1661	33	255	1
1429	10694	861	1662	184	255	1
1430	10695	1663	1664	70	255	1
1431	10696	1145	1326	125	0	0
1432	10702	1585	1665	48	1020	4
1433	10703	1666	1667	93	0	0
1434	10712	1668	838	80	765	3
1435	10715	910	1669	40	255	1
1436	10716	1670	1671	40	255	1
1437	10717	900	1672	61	1275	5
1438	10720	1673	1674	64	102	1
1439	10754	580	1233	155	0	0
1440	10760	1667	1559	46	0	0
1441	10761	1667	1675	85	2040	8
1442	10762	1558	1666	27	765	3
1443	10763	1666	1676	85	1020	4
1444	10767	909	1677	23	0	0
1445	10768	1677	1678	25	102	1
1446	10769	1018	1670	33	510	2
1447	10770	1670	1641	53	0	0
1448	10772	1671	1303	102	0	0
1449	10791	746	1673	39	0	0
1450	10792	1673	587	83	0	0
1451	10793	745	1674	9	0	0
1452	10794	1674	746	20	0	0
1453	10796	1679	248	44	255	1
1454	10804	771	325	1029	0	0
1455	10805	325	340	448	0	0
1456	10821	339	324	417	0	0
1457	10826	1661	230	29	0	0
1458	10831	833	343	113	0	0
1459	10864	1680	898	322	0	0
1460	10951	9	1270	480	0	0
1461	10964	1681	1368	809	102	1
1462	10965	1682	1683	321	510	2
1463	10967	1683	1681	256	0	0
1464	10983	845	1684	731	204	2
1465	10985	1684	1432	870	0	0
1466	10993	1685	897	31	0	0
1467	10995	869	1351	155	0	0
1468	10997	867	1686	61	0	0
1469	11000	896	1687	58	0	0
1470	11003	1688	1689	46	765	3
1471	11004	1351	1688	39	0	0
1472	11005	1688	1337	134	0	0
1473	11017	1403	1691	26	0	0
1474	11023	1692	1680	135	0	0
1475	11026	1333	869	623	0	0
1476	11053	159	1693	378	0	0
1477	11058	1694	1649	32	0	0
1478	11062	1514	1477	569	0	0
1479	11067	1353	971	144	0	0
1480	11069	920	1326	39	0	0
1481	11080	1314	1311	48	0	0
1482	11081	1312	1133	45	0	0
1483	11083	1695	1696	89	2115	16
1484	11084	1553	1695	12	0	0
1485	11097	1274	1273	40	0	0
1486	11102	1649	1693	17	0	0
1487	11104	1659	1170	316	0	0
1488	11111	1583	1446	18	255	1
1489	11112	1158	1212	70	0	0
1490	11141	1301	178	1658	0	0
1491	11142	1301	1277	316	0	0
1492	11153	1431	1421	198	0	0
1493	11170	1686	1698	28	0	0
1494	11171	1698	1685	35	0	0
1495	11174	1699	1700	23	0	0
1496	11180	1699	1376	1496	0	0
1497	11183	968	177	137	0	0
1498	11196	1416	1680	133	0	0
1499	11225	1439	1386	283	0	0
1500	11233	1528	1291	364	0	0
1501	11234	969	1646	609	0	0
1502	11247	1693	1650	19	0	0
1503	11255	1701	1594	68	459	3
1504	11256	1594	579	19	0	0
1505	11260	582	385	58	0	0
1506	11280	885	1597	363	0	0
1507	11282	369	939	50	0	0
1508	11284	1190	946	124	204	2
1509	11290	1550	1551	63	1729	12
1510	11293	1589	581	112	204	2
1511	11296	1577	71	65	0	0
1512	11332	1296	450	40	102	1
1513	11334	1702	517	708	0	0
1514	11335	1702	401	158	0	0
1515	11338	1703	1704	96	0	0
1516	11340	1705	1451	100	0	0
1517	11342	1651	1704	485	510	2
1518	11343	1704	1706	46	0	0
1519	11344	1706	1705	10	0	0
1520	11348	1700	1707	22	0	0
1521	11350	1699	1707	23	0	0
1522	11351	1707	1419	154	0	0
1523	11358	1417	1692	58	102	1
1524	11373	1422	1493	689	0	0
1525	11388	1395	1696	28	0	0
1526	11398	1195	1408	41	0	0
1527	11400	1414	1565	89	0	0
1528	11401	1675	1564	20	0	0
1529	11402	1676	1563	20	0	0
1530	11403	1562	1563	25	510	2
1531	11404	1588	581	55	1020	4
1532	11405	1559	1557	94	0	0
1533	11411	1230	1231	31	0	0
1534	11413	1522	315	813	0	0
1535	11417	1703	1706	63	0	0
1536	11418	1380	1008	52	510	2
1537	11419	1519	1292	264	0	0
1538	11425	1149	1139	43	510	2
1539	11426	907	1138	33	510	2
1540	11427	1148	1708	69	510	2
1541	11430	1213	1637	62	0	0
1542	11431	1637	908	15	0	0
1543	11434	1137	1127	69	255	1
1544	11435	917	1356	126	510	2
1545	11437	1595	1709	13	0	0
1546	11439	1710	1141	13	0	0
1547	11440	1710	1214	60	204	2
1548	11443	1711	1187	33	119	2
1549	11456	1528	947	22	0	0
1550	11460	856	347	275	0	0
1551	11461	347	1292	18	0	0
1552	11466	346	1532	169	0	0
1553	11473	949	1520	387	0	0
1554	11474	1170	949	26	0	0
1555	11494	1413	1162	59	255	1
1556	11495	1209	1712	57	0	0
1557	11496	1712	1132	92	510	2
1558	11500	1690	1336	130	0	0
1559	11501	1690	1334	30	0	0
1560	11536	1224	386	59	0	0
1561	11538	1701	1235	83	0	0
1562	11540	1245	828	7	0	0
1563	11541	1713	1714	52	765	3
1564	11542	1629	1713	22	0	0
1565	11543	1243	1244	31	510	2
1566	11545	1380	1628	63	0	0
1567	11546	1628	1713	50	1020	4
1568	11548	1007	1129	43	0	0
1569	11549	916	1130	69	255	1
1570	11550	1131	910	35	0	0
1571	11551	1208	1220	20	765	3
1572	11553	1709	1604	79	255	1
1573	11554	1604	1603	9	0	0
1574	11576	1428	1715	23	0	0
1575	11577	1715	1546	57	255	1
1576	11578	1425	1546	52	0	0
1577	11579	1545	1653	52	0	0
1578	11580	1634	1425	24	0	0
1579	11587	1400	1181	41	0	0
1580	11594	1631	1171	41	0	0
1581	11596	1716	890	60	510	2
1582	11607	1687	1717	94	510	2
1583	11611	1218	1532	204	0	0
1584	11613	1129	912	140	0	0
1585	11629	440	1521	568	0	0
1586	11636	887	159	183	0	0
1587	11638	1685	1718	28	0	0
1588	11641	1719	394	66	1020	4
1589	11651	1720	838	27	0	0
1590	11652	1246	1721	22	255	1
1591	11653	1721	1380	6	0	0
1592	11658	1656	1722	34	255	1
1593	11679	1723	1724	67	1530	3
1594	11680	1724	1698	2	0	0
1595	11681	1418	1725	23	510	1
1596	11698	1372	1726	41	102	1
1597	11706	1718	1727	22	1530	3
1598	11711	1728	1720	32	510	2
1599	11712	1726	1146	83	0	0
1600	11760	1196	1587	18	2040	8
1601	11765	1542	1729	122	204	2
1602	11769	1554	1730	15	1530	6
1603	11770	1730	1731	56	0	0
1604	11771	1731	1732	18	1530	6
1605	11772	1732	1196	55	0	0
1606	11775	1183	1251	142	0	0
1607	11808	196	766	107	0	0
1608	11815	766	329	193	0	0
1609	11816	1272	1733	117	255	1
1610	11848	1734	721	71	102	1
1611	11867	182	1611	114	306	3
1612	11871	104	1735	90	510	2
1613	11872	1289	1736	21	510	2
1614	11889	1737	833	29	102	1
1615	11932	137	492	110	0	0
1616	11938	25	54	273	0	0
1617	11997	1738	1424	146	4080	6
1618	12007	326	773	741	0	0
1619	12008	326	765	800	0	0
1620	12087	425	1739	52	255	1
1621	12098	1740	134	64	255	1
1622	12110	141	143	68	0	0
1623	12117	1741	780	64	255	1
1624	-1	445	1223	1	0	0
1625	-2	716	726	1	0	0
1626	-4	1	2	184	0	0
1627	-5	5	1	911	0	0
1628	-8	6	22	47	0	0
1629	-16	10	9	1203	0	0
1630	-18	11	1125	790	0	0
1631	-20	978	12	1123	0	0
1632	-23	14	980	1348	0	0
1633	-28	25	1071	133	0	0
1634	-31	1	0	1830	0	0
1635	-34	41	1103	1493	0	0
1636	-35	45	814	181	0	0
1637	-38	281	616	2146	0	0
1638	-43	48	263	2130	0	0
1639	-44	49	20	239	0	0
1640	-45	50	51	898	0	0
1641	-47	52	506	1535	0	0
1642	-55	1078	18	259	0	0
1643	-57	57	56	271	0	0
1644	-66	65	1113	1318	0	0
1645	-70	66	510	196	0	0
1646	-74	68	491	75	0	0
1647	-76	443	69	1667	0	0
1648	-79	544	66	194	0	0
1649	-85	74	712	312	0	0
1650	-89	85	963	195	0	0
1651	-97	104	1289	51	0	0
1652	-98	109	107	431	0	0
1653	-106	123	124	243	0	0
1654	-112	135	86	1101	0	0
1655	-113	136	223	210	0	0
1656	-116	139	229	93	0	0
1657	-118	117	118	78	0	0
1658	-119	140	58	158	0	0
1659	-120	140	1465	170	0	0
1660	-122	61	140	322	0	0
1661	-123	141	241	1464	0	0
1662	-126	144	143	250	0	0
1663	-140	416	415	110	0	0
1664	-141	156	13	727	0	0
1665	-142	157	156	88	0	0
1666	-143	159	149	305	0	0
1667	-144	163	403	82	0	0
1668	-146	170	857	285	0	0
1669	-147	173	291	728	0	0
1670	-148	178	1359	275	0	0
1671	-151	189	797	148	0	0
1672	-153	230	321	130	0	0
1673	-167	198	199	34	0	0
1674	-169	1324	200	1048	0	0
1675	-171	201	188	476	0	0
1676	-173	203	204	1539	0	0
1677	-178	46	406	711	0	0
1678	-179	205	69	1132	0	0
1679	-180	206	1062	1014	0	0
1680	-181	207	221	439	0	0
1681	-196	166	333	797	0	0
1682	-200	214	215	1058	0	0
1683	-216	312	220	959	0	0
1684	-217	222	223	173	0	0
1685	-220	225	208	358	0	0
1686	-221	230	231	198	0	0
1687	-224	231	1001	252	0	0
1688	-225	232	1390	1002	0	0
1689	-228	238	426	1049	0	0
1690	-230	239	488	793	0	0
1691	-232	241	512	898	0	0
1692	-233	242	1457	1839	0	0
1693	-238	247	404	1290	0	0
1694	-240	53	252	777	0	0
1695	-241	252	253	1126	0	0
1696	-251	273	266	1595	0	0
1697	-253	274	273	189	0	0
1698	-254	274	276	131	0	0
1699	-259	283	285	198	0	0
1700	-266	289	280	757	0	0
1701	-272	1055	221	911	0	0
1702	-274	1055	293	2250	0	0
1703	-281	300	349	99	0	0
1704	-282	300	372	81	0	0
1705	-285	309	721	601	0	0
1706	-286	309	308	2667	0	0
1707	-299	305	197	606	0	0
1708	-300	300	197	475	0	0
1709	-305	320	317	27	0	0
1710	-306	54	64	4055	0	0
1711	-307	82	93	1286	0	0
1712	-310	259	269	86	0	0
1713	-321	334	656	235	0	0
1714	-325	336	337	807	0	0
1715	-326	220	355	1371	0	0
1716	-329	344	1394	103	0	0
1717	-330	345	580	68	0	0
1718	-331	349	299	1653	0	0
1719	-332	218	351	596	0	0
1720	-335	687	212	2058	0	0
1721	-336	353	355	382	0	0
1722	-337	767	730	2464	0	0
1723	-338	354	331	1518	0	0
1724	-348	366	684	189	0	0
1725	-350	371	400	1066	0	0
1726	-354	335	308	2503	0	0
1727	-362	373	374	46	0	0
1728	-363	374	199	194	0	0
1729	-364	375	376	594	0	0
1730	-366	377	756	104	0	0
1731	-369	382	383	223	0	0
1732	-370	384	1347	53	0	0
1733	-371	385	248	398	0	0
1734	-372	75	838	122	0	0
1735	-375	1266	396	2861	0	0
1736	-376	399	400	1749	0	0
1737	-377	401	402	1305	0	0
1738	-378	403	183	102	0	0
1739	-386	395	368	83	0	0
1740	-398	457	412	367	0	0
1741	-399	413	47	1244	0	0
1742	-403	511	105	366	0	0
1743	-406	416	66	1711	0	0
1744	-407	420	782	84	0	0
1745	-408	425	758	102	0	0
1746	-413	426	431	1468	0	0
1747	-419	872	431	3172	0	0
1748	-422	448	1663	207	0	0
1749	-427	459	458	1066	0	0
1750	-432	331	464	838	0	0
1751	-438	473	1001	1170	0	0
1752	-441	475	474	592	0	0
1753	-442	476	875	900	0	0
1754	-443	1484	70	711	0	0
1755	-446	331	47	1422	0	0
1756	-448	480	724	1989	0	0
1757	-449	424	481	75	0	0
1758	-450	482	827	232	0	0
1759	-454	487	62	1236	0	0
1760	-456	507	542	1147	0	0
1761	-460	495	496	94	0	0
1762	-463	497	788	72	0	0
1763	-465	504	147	172	0	0
1764	-466	505	144	1262	0	0
1765	-471	488	1031	191	0	0
1766	-472	239	508	186	0	0
1767	-479	414	511	818	0	0
1768	-480	509	1065	928	0	0
1769	-486	513	515	1577	0	0
1770	-489	450	516	1651	0	0
1771	-490	517	516	763	0	0
1772	-492	142	415	281	0	0
1773	-493	517	534	2017	0	0
1774	-494	529	530	212	0	0
1775	-496	92	538	65	0	0
1776	-497	543	62	811	0	0
1777	-499	1044	544	1741	0	0
1778	-500	524	1043	492	0	0
1779	-501	523	1106	219	0	0
1780	-508	552	53	3331	0	0
1781	-510	557	558	221	0	0
1782	-511	65	1491	784	0	0
1783	-515	611	607	120	0	0
1784	-517	584	583	396	0	0
1785	-519	591	97	510	0	0
1786	-522	592	743	297	0	0
1787	-523	596	96	274	0	0
1788	-528	603	628	170	0	0
1789	-529	108	601	25	0	0
1790	-530	477	109	1416	0	0
1791	-532	100	603	177	0	0
1792	-535	608	613	179	0	0
1793	-540	616	619	473	0	0
1794	-544	618	26	858	0	0
1795	-546	621	620	584	0	0
1796	-547	622	732	71	0	0
1797	-552	626	627	145	0	0
1798	-555	29	623	256	0	0
1799	-556	589	634	1013	0	0
1800	-557	383	644	197	0	0
1801	-558	334	644	117	0	0
1802	-559	647	648	209	0	0
1803	-560	655	744	122	0	0
1804	-562	641	648	161	0	0
1805	-565	656	647	247	0	0
1806	-568	659	658	430	0	0
1807	-569	660	661	135	0	0
1808	-571	664	405	1654	0	0
1809	-572	664	665	513	0	0
1810	-574	1449	665	1489	0	0
1811	-578	666	669	1126	0	0
1812	-579	666	671	772	0	0
1813	-582	669	668	840	0	0
1814	-585	674	681	616	0	0
1815	-586	301	303	121	0	0
1816	-587	303	310	1271	0	0
1817	-588	95	680	241	0	0
1818	-589	677	685	150	0	0
1819	-590	597	679	232	0	0
1820	-591	358	687	2026	0	0
1821	-602	689	695	39	0	0
1822	-605	697	698	167	0	0
1823	-607	699	703	159	0	0
1824	-608	701	1255	140	0	0
1825	-613	218	699	2679	0	0
1826	-622	704	311	948	0	0
1827	-623	337	212	1086	0	0
1828	-628	299	710	188	0	0
1829	-629	711	707	1312	0	0
1830	-630	711	712	429	0	0
1831	-633	305	720	2251	0	0
1832	-634	683	691	199	0	0
1833	-638	682	673	718	0	0
1834	-639	708	312	1683	0	0
1835	-640	679	688	70	0	0
1836	-641	693	692	151	0	0
1837	-642	719	702	52	0	0
1838	-647	729	1255	44	0	0
1839	-648	240	261	1192	0	0
1840	-649	736	739	1354	0	0
1841	-650	736	735	1375	0	0
1842	-651	723	737	630	0	0
1843	-652	738	722	137	0	0
1844	-653	741	734	1543	0	0
1845	-657	173	286	3079	0	0
1846	-658	383	1256	139	0	0
1847	-660	98	650	83	0	0
1848	-661	459	478	1074	0	0
1849	-669	479	606	1777	0	0
1850	-672	606	731	345	0	0
1851	-673	215	693	412	0	0
1852	-677	123	380	289	0	0
1853	-678	718	264	504	0	0
1854	-680	760	761	205	0	0
1855	-683	733	953	1778	0	0
1856	-684	379	378	1297	0	0
1857	-685	275	298	323	0	0
1858	-688	771	772	860	0	0
1859	-690	775	774	631	0	0
1860	-692	235	775	115	0	0
1861	-696	776	235	1225	0	0
1862	-698	77	81	108	0	0
1863	-702	781	189	86	0	0
1864	-703	782	93	414	0	0
1865	-704	380	124	121	0	0
1866	-706	378	243	2296	0	0
1867	-707	376	373	1349	0	0
1868	-708	786	375	519	0	0
1869	-709	375	130	2428	0	0
1870	-713	136	1509	102	0	0
1871	-714	790	1287	1539	0	0
1872	-716	793	464	1287	0	0
1873	-718	253	49	179	0	0
1874	-719	800	418	67	0	0
1875	-720	81	201	285	0	0
1876	-721	775	759	436	0	0
1877	-727	953	801	1166	0	0
1878	-729	759	81	111	0	0
1879	-732	787	785	704	0	0
1880	-733	756	803	220	0	0
1881	-735	1280	782	129	0	0
1882	-736	814	808	106	0	0
1883	-740	88	92	31	0	0
1884	-741	423	837	258	0	0
1885	-742	320	1206	77	0	0
1886	-743	320	839	250	0	0
1887	-744	845	846	276	0	0
1888	-746	668	678	1598	0	0
1889	-748	623	258	513	0	0
1890	-749	853	215	274	0	0
1891	-750	82	201	284	0	0
1892	-759	2	1697	937	0	0
1893	-760	455	1270	1350	0	0
1894	-761	455	1262	296	0	0
1895	-763	860	15	852	0	0
1896	-764	863	936	1018	0	0
1897	-765	864	865	686	0	0
1898	-771	1070	24	589	0	0
1899	-775	871	1352	107	0	0
1900	-777	875	878	1366	0	0
1901	-778	63	1103	483	0	0
1902	-779	63	1100	1929	0	0
1903	-781	469	474	1272	0	0
1904	-783	458	460	514	0	0
1905	-784	322	774	1360	0	0
1906	-785	876	877	1458	0	0
1907	-787	514	144	1106	0	0
1908	-788	873	1568	765	0	0
1909	-792	889	890	98	0	0
1910	-795	917	1009	118	0	0
1911	-796	920	905	60	0	0
1912	-797	924	1582	116	0	0
1913	-799	863	1263	613	0	0
1914	-800	931	1137	78	0	0
1915	-804	885	1263	214	0	0
1916	-805	937	1423	81	0	0
1917	-809	582	1679	379	0	0
1918	-814	946	1597	431	0	0
1919	-819	959	1598	2476	0	0
1920	-820	962	966	795	0	0
1921	-822	1033	886	960	0	0
1922	-824	969	1439	2082	0	0
1923	-827	971	1201	615	0	0
1924	-828	973	1040	203	0	0
1925	-831	133	967	979	0	0
1926	-832	987	1433	1144	0	0
1927	-836	993	947	702	0	0
1928	-837	994	972	1081	0	0
1929	-838	996	999	1692	0	0
1930	-840	997	981	1166	0	0
1931	-841	996	997	131	0	0
1932	-843	1001	1000	2993	0	0
1933	-850	1005	438	669	0	0
1934	-851	1013	545	967	0	0
1935	-853	1016	998	858	0	0
1936	-854	1016	510	866	0	0
1937	-857	232	1023	284	0	0
1938	-862	324	1024	559	0	0
1939	-863	463	955	3022	0	0
1940	-865	1026	412	95	0	0
1941	-867	1038	12	755	0	0
1942	-869	1037	1038	432	0	0
1943	-880	1048	983	817	0	0
1944	-887	1035	1004	1654	0	0
1945	-888	1051	1041	1590	0	0
1946	-891	994	1010	1163	0	0
1947	-897	554	342	466	0	0
1948	-898	1051	206	271	0	0
1949	-902	232	475	973	0	0
1950	-904	117	1061	1659	0	0
1951	-905	117	116	132	0	0
1952	-915	237	55	545	0	0
1953	-921	1088	1066	1629	0	0
1954	-922	1067	1068	1369	0	0
1955	-923	1042	110	379	0	0
1956	-925	855	859	251	0	0
1957	-926	855	866	341	0	0
1958	-929	1072	1063	109	0	0
1959	-932	15	229	190	0	0
1960	-933	17	837	269	0	0
1961	-938	1063	237	510	0	0
1962	-942	144	147	264	0	0
1963	-943	1064	24	875	0	0
1964	-946	1045	520	1605	0	0
1965	-947	416	519	211	0	0
1966	-949	878	428	1849	0	0
1967	-950	878	1098	455	0	0
1968	-951	1080	1437	935	0	0
1969	-960	343	986	857	0	0
1970	-962	1099	983	2995	0	0
1971	-963	985	1083	646	0	0
1972	-965	131	85	369	0	0
1973	-966	85	1445	71	0	0
1974	-967	1459	414	1212	0	0
1975	-970	1027	224	263	0	0
1976	-971	1028	1030	787	0	0
1977	-977	473	1066	2176	0	0
1978	-978	423	237	491	0	0
1979	-980	1480	495	1176	0	0
1980	-985	523	549	456	0	0
1981	-986	13	9	2007	0	0
1982	-987	1097	70	2163	0	0
1983	-989	1113	1061	2415	0	0
1984	-993	967	1050	160	0	0
1985	-994	1482	348	980	0	0
1986	-995	1102	1000	1197	0	0
1987	-999	105	241	564	0	0
1988	-1001	545	1065	1097	0	0
1989	-1002	69	1031	1051	0	0
1990	-1004	1100	789	905	0	0
1991	-1008	1101	1497	934	0	0
1992	-1009	997	1047	1804	0	0
1993	-1011	49	1073	188	0	0
1994	-1012	253	122	6218	0	0
1995	-1014	1107	1108	984	0	0
1996	-1015	1108	1089	683	0	0
1997	-1016	1016	1065	1000	0	0
1998	-1017	999	1047	1246	0	0
1999	-1020	484	1062	2520	0	0
2000	-1022	1115	1005	196	0	0
2001	-1024	1116	1530	159	0	0
2002	-1025	1114	1119	207	0	0
2003	-1028	982	1121	975	0	0
2004	-1029	1122	1123	499	0	0
2005	-1032	1126	1037	1249	0	0
2006	-1033	1002	430	2687	0	0
2007	-1034	1141	1595	32	0	0
2008	-1036	1413	1161	170	0	0
2009	-1037	1162	1147	107	0	0
2010	-1041	1089	255	3716	0	0
2011	-1043	1178	1177	208	0	0
2012	-1044	866	859	350	0	0
2013	-1046	1180	1182	581	0	0
2014	-1048	1181	1180	403	0	0
2015	-1051	1185	1186	170	0	0
2016	-1054	1711	938	217	0	0
2017	-1055	1196	1193	283	0	0
2018	-1056	1199	391	131	0	0
2019	-1059	941	1238	173	0	0
2020	-1061	1200	1261	274	0	0
2021	-1062	1125	1203	758	0	0
2022	-1068	856	346	530	0	0
2023	-1070	892	1222	363	0	0
2024	-1071	566	1224	142	0	0
2025	-1073	557	1559	160	0	0
2026	-1075	661	641	171	0	0
2027	-1078	631	639	150	0	0
2028	-1079	743	464	1693	0	0
2029	-1080	195	449	926	0	0
2030	-1081	1240	1241	130	0	0
2031	-1084	1656	1240	345	0	0
2032	-1086	992	1242	251	0	0
2033	-1087	1182	1183	186	0	0
2034	-1090	598	678	293	0	0
2035	-1091	309	298	1086	0	0
2036	-1093	589	590	671	0	0
2037	-1095	411	47	1274	0	0
2038	-1096	359	699	111	0	0
2039	-1097	1255	359	117	0	0
2040	-1099	894	1261	281	0	0
2041	-1100	1267	1429	1498	0	0
2042	-1101	1269	1267	489	0	0
2043	-1105	1272	1262	1516	0	0
2044	-1106	1262	369	65	0	0
2045	-1108	1271	945	967	0	0
2046	-1112	1278	1430	1434	0	0
2047	-1113	335	220	1240	0	0
2048	-1114	708	311	853	0	0
2049	-1115	643	664	530	0	0
2050	-1116	710	217	4550	0	0
2051	-1117	680	718	1941	0	0
2052	-1118	219	99	1533	0	0
2053	-1119	1258	607	548	0	0
2054	-1120	621	1254	303	0	0
2055	-1121	1280	1338	210	0	0
2056	-1126	1282	1025	671	0	0
2057	-1127	1283	1281	302	0	0
2058	-1128	1285	1360	105	0	0
2059	-1131	1287	792	2381	0	0
2060	-1132	1289	1357	82	0	0
2061	-1133	863	9	2004	0	0
2062	-1134	839	1207	96	0	0
2063	-1135	1293	408	218	0	0
2064	-1136	407	409	327	0	0
2065	-1137	927	1295	1519	0	0
2066	-1139	1299	1300	174	0	0
2067	-1141	749	263	2897	0	0
2068	-1143	1066	341	1156	0	0
2069	-1145	1281	1318	442	0	0
2070	-1147	1316	1318	1399	0	0
2071	-1148	44	1321	55	0	0
2072	-1149	1323	1340	254	0	0
2073	-1150	1324	1280	856	0	0
2074	-1152	793	200	262	0	0
2075	-1153	1283	1285	331	0	0
2076	-1155	792	441	892	0	0
2077	-1156	441	323	698	0	0
2078	-1158	123	753	1899	0	0
2079	-1160	1326	918	109	0	0
2080	-1161	1332	1133	45	0	0
2081	-1167	1333	870	619	0	0
2082	-1172	569	385	423	0	0
2083	-1175	381	1287	354	0	0
2084	-1176	204	785	323	0	0
2085	-1177	1351	868	464	0	0
2086	-1183	1355	925	329	0	0
2087	-1184	1356	1212	74	0	0
2088	-1185	1291	1353	972	0	0
2089	-1188	1355	877	359	0	0
2090	-1192	1252	945	904	0	0
2091	-1202	1370	1694	664	0	0
2092	-1203	1371	170	360	0	0
2093	-1207	1373	451	252	0	0
2094	-1210	1375	12	370	0	0
2095	-1212	1267	1622	1723	0	0
2096	-1214	1269	1293	590	0	0
2097	-1216	1420	1376	231	0	0
2098	-1217	1377	988	168	0	0
2099	-1219	508	506	163	0	0
2100	-1229	1385	169	156	0	0
2101	-1230	1386	211	2254	0	0
2102	-1231	292	1388	472	0	0
2103	-1234	356	299	1670	0	0
2104	-1235	311	310	1321	0	0
2105	-1236	307	306	1452	0	0
2106	-1237	275	213	1779	0	0
2107	-1238	337	216	1174	0	0
2108	-1239	670	202	2611	0	0
2109	-1246	1452	1437	3181	0	0
2110	-1247	861	1663	107	0	0
2111	-1248	1397	1398	56	0	0
2112	-1249	1399	1369	95	0	0
2113	-1252	1082	1081	1481	0	0
2114	-1254	535	1080	1427	0	0
2115	-1255	588	591	356	0	0
2116	-1256	25	1070	648	0	0
2117	-1258	1039	1055	2069	0	0
2118	-1259	839	1205	231	0	0
2119	-1260	1120	1117	275	0	0
2120	-1261	1123	1124	160	0	0
2121	-1262	293	1039	1260	0	0
2122	-1263	995	205	838	0	0
2123	-1264	333	281	3401	0	0
2124	-1265	696	681	216	0	0
2125	-1267	524	173	1182	0	0
2126	-1268	1061	255	494	0	0
2127	-1269	395	1687	77	0	0
2128	-1270	1398	1178	182	0	0
2129	-1271	1409	1436	629	0	0
2130	-1272	506	1086	1649	0	0
2131	-1278	1423	1191	728	0	0
2132	-1279	1417	867	405	0	0
2133	-1281	559	1589	26	0	0
2134	-1282	1420	968	976	0	0
2135	-1285	948	969	732	0	0
2136	-1286	171	1371	281	0	0
2137	-1287	1430	1020	717	0	0
2138	-1289	0	1432	1342	0	0
2139	-1290	1434	186	2403	0	0
2140	-1291	1376	970	1290	0	0
2141	-1293	1409	153	1203	0	0
2142	-1295	1438	1389	723	0	0
2143	-1298	1264	1573	2679	0	0
2144	-1299	978	1440	1515	0	0
2145	-1305	1401	1099	2894	0	0
2146	-1308	1122	1516	1143	0	0
2147	-1311	338	615	4079	0	0
2148	-1313	749	48	2491	0	0
2149	-1315	529	1452	3354	0	0
2150	-1319	399	1298	51	0	0
2151	-1322	402	1703	161	0	0
2152	-1325	530	1391	3424	0	0
2153	-1326	1454	550	2138	0	0
2154	-1327	1391	1453	1720	0	0
2155	-1328	1462	1488	346	0	0
2156	-1329	548	113	593	0	0
2157	-1331	1438	1464	411	0	0
2158	-1332	1495	536	130	0	0
2159	-1333	964	292	256	0	0
2160	-1334	1470	986	1666	0	0
2161	-1337	535	294	363	0	0
2162	-1338	406	354	894	0	0
2163	-1339	1105	1087	2369	0	0
2164	-1340	1474	1068	438	0	0
2165	-1341	1475	534	586	0	0
2166	-1343	242	1374	2340	0	0
2167	-1344	1475	1476	2069	0	0
2168	-1345	1476	1477	934	0	0
2169	-1346	1478	1482	1137	0	0
2170	-1347	1478	1481	634	0	0
2171	-1348	1483	496	1090	0	0
2172	-1349	1457	67	2209	0	0
2173	-1352	1463	426	1384	0	0
2174	-1353	1488	111	221	0	0
2175	-1354	132	1471	86	0	0
2176	-1355	1078	56	289	0	0
2177	-1356	1073	1501	57	0	0
2178	-1358	533	550	2419	0	0
2179	-1359	1103	1104	2351	0	0
2180	-1360	1098	875	1023	0	0
2181	-1362	1476	970	1058	0	0
2182	-1363	1497	122	2222	0	0
2183	-1364	255	866	4328	0	0
2184	-1368	515	505	2196	0	0
2185	-1372	1441	1464	76	0	0
2186	-1373	1389	1401	251	0	0
2187	-1374	538	179	144	0	0
2188	-1375	1495	1525	56	0	0
2189	-1376	511	509	370	0	0
2190	-1377	1059	1060	93	0	0
2191	-1378	496	497	228	0	0
2192	-1379	116	421	101	0	0
2193	-1380	1388	1453	963	0	0
2194	-1381	221	490	1226	0	0
2195	-1382	1454	1391	1492	0	0
2196	-1383	1102	1081	2740	0	0
2197	-1384	1515	1517	371	0	0
2198	-1388	1364	1115	224	0	0
2199	-1389	1241	885	669	0	0
2200	-1393	1537	1540	144	0	0
2201	-1394	1542	1199	123	0	0
2202	-1396	1181	1545	66	0	0
2203	-1398	938	883	144	0	0
2204	-1399	1552	1553	70	0	0
2205	-1401	1406	1585	298	0	0
2206	-1407	1155	1393	212	0	0
2207	-1409	148	1568	1822	0	0
2208	-1412	149	1569	1945	0	0
2209	-1414	1572	1569	645	0	0
2210	-1415	1573	1569	823	0	0
2211	-1416	1573	396	759	0	0
2212	-1420	1447	1575	1677	0	0
2213	-1421	1574	1570	2201	0	0
2214	-1422	960	1576	94	0	0
2215	-1423	184	1358	223	0	0
2216	-1426	1581	1530	210	0	0
2217	-1431	393	1574	204	0	0
2218	-1432	1553	1395	102	0	0
2219	-1436	1587	1415	85	0	0
2220	-1439	30	1567	383	0	0
2221	-1440	887	297	1434	0	0
2222	-1441	1247	1597	198	0	0
2223	-1443	1616	403	249	0	0
2224	-1444	1359	968	334	0	0
2225	-1446	1612	171	152	0	0
2226	-1447	1621	174	1175	0	0
2227	-1449	1647	1580	180	0	0
2228	-1450	1432	410	487	0	0
2229	-1453	1579	1264	1639	0	0
2230	-1458	178	1276	1588	0	0
2231	-1460	186	1294	1833	0	0
2232	-1461	1627	186	277	0	0
2233	-1463	1431	1359	1421	0	0
2234	-1464	1683	1271	2004	0	0
2235	-1465	1641	1655	58	0	0
2236	-1466	1644	857	1078	0	0
2237	-1470	1435	1646	1172	0	0
2238	-1471	1370	148	809	0	0
2239	-1472	1300	176	2526	0	0
2240	-1473	1522	1439	1909	0	0
2241	-1474	1348	1368	443	0	0
2242	-1478	1575	396	1153	0	0
2243	-1483	1538	951	185	0	0
2244	-1484	894	992	105	0	0
2245	-1486	610	684	87	0	0
2246	-1487	1145	1134	442	0	0
2247	-1489	31	1343	434	0	0
2248	-1490	75	5	557	0	0
2249	-1491	1520	1532	212	0	0
2250	-1493	724	958	852	0	0
2251	-1494	554	1052	322	0	0
2252	-1508	1368	505	2818	0	0
2253	-1509	846	1379	238	0	0
2254	-1511	1686	896	68	0	0
2255	-1512	1690	1403	177	0	0
2256	-1513	1691	1333	169	0	0
2257	-1514	1337	1691	287	0	0
2258	-1517	1451	1422	1240	0	0
2259	-1518	1593	398	1394	0	0
2260	-1519	1544	1543	77	0	0
2261	-1520	1421	1697	1209	0	0
2262	-1521	1650	1694	30	0	0
2263	-1522	409	1697	869	0	0
2264	-1524	0	408	1674	0	0
2265	-1526	1700	1705	1575	0	0
2266	-1527	1728	1352	152	0	0
2267	-1528	1646	211	1407	0	0
2268	-1531	1567	898	2460	0	0
2269	-1532	1200	932	893	0	0
2270	-1533	1716	560	273	0	0
2271	-1537	1702	1422	2209	0	0
2272	-1539	2	869	507	0	0
2273	-1540	1392	1333	1114	0	0
2274	-1541	1405	1567	3405	0	0
2275	-1543	898	1416	405	0	0
2276	-1544	1708	1213	70	0	0
2277	-1546	1182	1250	241	0	0
2278	-1547	1242	1134	305	0	0
2279	-1548	1634	1383	171	0	0
2280	-1549	1568	846	6587	0	0
2281	-1551	462	749	802	0	0
2282	-1552	268	285	1408	0	0
2283	-1553	1042	1049	1471	0	0
2284	-1554	855	1049	441	0	0
2285	-1555	673	683	1097	0	0
2286	-1556	3	1267	445	0	0
2287	-1557	1319	1321	116	0	0
2288	-1559	427	1489	1019	0	0
2289	-1560	151	1742	1	0	0
2290	593	1742	150	60	408	4
2291	-135	151	150	53	0	0
2292	-1563	871	410	3166	0	0
2293	-1565	632	654	60	0	0
2294	-1566	536	133	548	0	0
2295	-1568	1202	451	206	0	0
END
-----------------------------------------
InputUsedToGenerateTheGraph:
County:	Norddjurs
CenterNodeId:	0
Radius:	1000000
HouseTypes:	Apartment
NumberOfWasteFractions: 1
IntervalsForWasteFraction:	paper	7.0	14.0	28.0
-----------------------------------------


