ProblemType:	CARP
NumberNodes:	1323
NumberEdges:	1470
DepotNodeNumber:	35
NumberOfFractions:	1
NumberOfIntervalsForFraction	General_Glass_Metal_Plastic_Organic	1	14
GRAPH
EdgeNumber	EdgeId	StartNodeNumber	EndNodeNumber	Cost	Demand_0	Bins_0
START
0	10867	0	1	21	323	2
1	10868	1	2	39	0	0
2	10881	3	4	45	969	6
3	10884	5	6	97	2593	9
4	10887	7	8	98	1122	1
5	10889	8	9	56	663	3
6	10907	10	11	101	10536	12
7	10908	10	12	93	0	0
8	10909	13	14	94	944	5
9	10910	14	15	13	0	0
10	10915	16	17	9	0	0
11	10916	16	18	38	502	2
12	10917	19	20	120	119	1
13	10918	21	22	428	162	1
14	10919	23	24	428	162	1
15	10920	25	26	164	162	1
16	10921	27	28	151	204	1
17	10926	29	30	70	366	2
18	10927	31	32	169	162	1
19	10941	33	34	109	204	1
20	10967	35	36	362	340	1
21	10968	37	38	139	162	1
22	10974	39	40	335	162	1
23	10997	43	44	5	0	0
24	10998	44	45	123	204	1
25	10999	37	46	85	162	1
26	11003	47	48	33	162	1
27	11018	49	50	162	6054	13
28	11025	51	52	35	2244	2
29	11026	53	54	50	808	5
30	11027	54	55	22	162	1
31	11028	55	56	30	510	4
32	11030	57	58	51	0	0
33	11031	57	59	65	366	2
34	11037	60	61	41	366	2
35	11038	61	62	14	0	0
36	11045	4	63	27	578	4
37	11046	63	18	16	323	2
38	11056	64	65	98	0	0
39	11060	66	67	61	0	0
40	11075	68	69	69	663	3
41	11076	70	71	137	4488	4
42	11079	72	73	46	816	4
43	11080	74	75	23	162	1
44	11081	76	77	73	893	5
45	11084	78	79	120	16662	11
46	11085	80	81	47	2244	2
47	11086	82	83	36	162	1
48	11089	84	85	20	408	1
49	11090	86	87	71	1531	8
50	11100	88	89	127	3128	7
51	11101	90	91	100	204	1
52	11129	92	93	90	1097	6
53	11130	93	94	25	485	3
54	11131	95	96	18	0	0
55	11133	97	98	16	323	2
56	11138	96	99	33	689	4
57	11140	100	101	33	162	1
58	11147	102	103	51	162	1
59	11149	104	105	159	162	1
60	11150	93	106	75	544	2
61	11151	92	107	52	646	4
62	11152	108	109	22	162	1
63	11153	110	111	40	255	2
64	11155	112	113	145	366	2
65	11157	114	115	72	8541	9
66	11160	116	117	209	204	1
67	11161	117	118	102	0	0
68	11162	117	119	37	0	0
69	11163	119	120	103	0	0
70	11164	120	116	72	0	0
71	11165	120	121	13	0	0
72	11166	121	122	60	0	0
73	11167	123	124	130	162	1
74	11172	125	46	17	0	0
75	11173	99	126	20	0	0
76	11175	126	127	29	323	2
77	11176	127	128	7	162	1
78	11182	129	130	17	162	1
79	11183	129	131	22	162	1
80	11184	131	132	18	0	0
81	11189	133	134	124	340	1
82	11196	135	136	52	323	2
83	11200	133	137	47	0	0
84	11201	138	136	81	0	0
85	11202	136	139	33	0	0
86	11206	140	141	56	162	1
87	11210	142	143	11	0	0
88	11212	144	145	112	119	1
89	11227	146	147	134	162	1
90	11235	148	149	106	162	1
91	11237	150	151	147	2924	6
92	11240	152	153	46	1310	1
93	11252	141	135	19	162	1
94	11254	154	155	65	162	1
95	11260	156	157	68	162	1
96	11265	158	159	19	340	1
97	11266	160	0	77	204	1
98	11277	155	161	173	0	0
99	11290	162	163	349	0	0
100	11291	164	165	61	808	5
101	11301	166	167	467	0	0
102	11303	168	169	328	162	1
103	11304	169	170	5	0	0
104	11305	171	172	5	0	0
105	11306	172	173	112	1675	9
106	11307	174	171	20	0	0
107	11325	175	176	46	8488	12
108	11332	177	178	7	0	0
109	11333	178	179	98	1335	8
110	11336	180	181	78	1828	4
111	11337	181	182	99	1012	6
112	11338	183	184	86	11382	6
113	11339	185	186	151	1819	11
114	11340	186	182	3	0	0
115	11341	187	188	192	2644	15
116	11342	188	189	4	0	0
117	11353	190	167	1180	0	0
118	11357	191	192	204	0	0
119	11358	193	194	209	162	1
120	11359	195	123	136	162	1
121	11372	196	197	130	1292	8
122	11373	197	180	6	0	0
123	11374	198	199	50	809	4
124	11375	199	185	30	323	2
125	11377	185	200	76	884	5
126	11378	200	187	8	0	0
127	11379	187	201	12	0	0
128	11380	202	203	72	0	0
129	11387	204	205	4	0	0
130	11388	205	206	242	4260	19
131	11390	207	208	60	323	2
132	11391	208	58	26	162	1
133	11392	209	210	80	0	0
134	11393	211	212	6	0	0
135	11401	213	214	537	0	0
136	11404	139	19	164	204	1
137	11408	215	216	61	1309	2
138	11412	159	217	80	0	0
139	11414	218	219	44	986	5
140	11430	220	221	303	162	1
141	11473	193	222	59	323	2
142	11475	223	224	395	204	1
143	11480	225	226	215	3324	21
144	11481	227	228	35	366	2
145	11483	229	230	46	0	0
146	11484	231	232	95	204	1
147	11503	233	234	60	0	0
148	11517	235	236	33	340	1
149	11518	236	237	5	0	0
150	11519	238	209	114	7466	11
151	11520	239	235	67	0	0
152	11521	240	238	52	2567	3
153	11522	6	241	4	0	0
154	11523	242	243	97	595	3
155	11525	244	245	64	646	4
156	11534	246	247	84	0	0
157	11535	248	249	114	162	1
158	11558	250	251	91	162	1
159	11561	252	154	309	162	1
160	11562	230	253	77	485	3
161	11565	254	255	61	3604	4
162	11566	255	256	41	0	0
163	11567	257	258	50	162	1
164	11568	258	259	51	1122	2
165	11569	148	78	39	0	0
166	11570	260	261	989	0	0
167	11571	262	263	7	0	0
168	11572	263	264	78	850	5
169	11573	265	266	723	204	1
170	11574	266	261	5	0	0
171	11575	267	268	33	7668	6
172	11576	269	270	20	1310	1
173	11577	270	271	63	578	4
174	11583	272	273	55	485	3
175	11584	273	269	44	561	1
176	11585	274	275	16	162	1
177	11586	275	276	2	0	0
178	11587	277	278	39	0	0
179	11588	278	65	20	680	1
180	11620	279	280	50	0	0
181	11622	281	282	5	0	0
182	11623	282	283	291	162	1
183	11624	284	285	5	0	0
184	11625	285	286	19	323	2
185	11626	287	288	396	0	0
186	11627	288	289	290	340	1
187	11628	290	291	6	0	0
188	11629	291	292	376	323	2
189	11630	293	294	30	0	0
190	11632	289	295	136	0	0
191	11658	296	297	34	162	1
192	11659	297	298	45	162	1
193	11660	299	300	29	0	0
194	11665	301	302	10	0	0
195	11667	303	304	78	0	0
196	11668	304	305	6	655	1
197	11669	306	307	135	5746	9
198	11670	307	308	117	8373	19
199	11671	309	310	68	162	1
200	11672	310	311	23	1284	3
201	11673	312	313	6	2244	4
202	11674	313	314	112	2108	11
203	11675	315	175	205	0	0
204	11683	316	317	17	0	0
205	11698	318	319	187	485	3
206	11703	320	321	40	162	1
207	11704	322	321	82	510	4
208	11708	324	325	20	0	0
209	11709	325	326	23	0	0
210	11710	327	328	64	765	5
211	11711	329	330	75	162	1
212	11712	331	256	129	2244	2
213	11713	332	333	145	162	1
214	11714	334	335	41	0	0
215	11715	240	241	64	0	0
216	11716	336	337	33	1122	1
217	11718	269	267	37	0	0
218	11719	15	338	49	10262	5
219	11720	338	339	72	0	0
220	11721	340	240	150	5760	19
221	11722	13	341	44	0	0
222	11723	342	343	35	162	1
223	11724	344	345	138	1131	7
224	11725	346	347	62	162	1
225	11730	274	348	68	323	2
226	11731	348	349	55	366	2
227	11735	350	351	55	442	3
228	11737	352	353	162	1632	9
229	11738	2	354	43	0	0
230	11740	355	356	51	162	1
231	11745	357	358	70	0	0
232	11746	358	359	139	323	2
233	11747	360	361	170	3706	22
234	11748	361	362	23	162	1
235	11749	363	364	78	1530	10
236	11750	364	365	55	825	4
237	11751	366	246	132	11919	26
238	11752	246	367	37	3366	6
239	11753	247	368	132	0	0
240	11754	369	370	22	162	1
241	11755	370	350	45	323	2
242	11756	365	371	170	2032	13
243	11757	372	373	89	1309	2
244	11758	374	375	57	255	2
245	11759	376	377	637	0	0
246	11760	36	378	578	0	0
247	11761	379	380	92	204	1
248	11764	353	381	86	162	1
249	11766	382	383	92	4046	7
250	11767	384	385	39	323	2
251	11768	385	386	19	162	1
252	11769	7	387	98	3928	3
253	11771	388	389	752	323	2
254	11772	390	391	312	323	2
255	11773	392	393	165	0	0
256	11774	394	392	160	0	0
257	11775	394	395	168	0	0
258	11776	395	393	147	162	1
259	11778	396	397	303	324	2
260	11779	398	397	134	162	1
261	11780	399	400	300	485	3
262	11782	401	402	71	0	0
263	11787	403	349	86	162	1
264	11788	404	405	45	162	1
265	11794	177	406	39	646	4
266	11796	407	309	78	1174	6
267	11810	301	408	105	323	2
268	11811	408	409	31	323	2
269	11813	302	410	94	1029	5
270	11821	237	411	119	2661	14
271	11826	412	413	1232	0	0
272	11832	414	415	125	765	5
273	11835	416	417	86	646	4
274	11836	418	416	151	0	0
275	11837	416	419	129	162	1
276	11838	420	421	879	578	4
277	11839	422	423	81	578	4
278	11840	422	50	44	1165	5
279	11841	424	422	140	2100	13
280	11852	355	425	105	1029	5
281	11853	426	427	578	0	0
282	11854	428	429	220	0	0
283	11862	224	430	83	162	1
284	11863	223	380	636	1021	3
285	11864	431	432	537	485	3
286	11865	432	433	85	0	0
287	11866	434	435	384	162	1
288	11868	436	437	21	162	1
289	11869	438	439	253	0	0
290	11870	440	441	125	3230	14
291	11871	441	442	93	1420	7
292	11872	443	444	307	485	3
293	11873	445	446	530	162	1
294	11874	447	445	287	442	3
295	11875	448	449	206	689	4
296	11876	450	451	484	0	0
297	11877	452	453	928	808	5
298	11878	454	455	322	162	1
299	11879	455	456	479	162	1
300	11880	456	457	238	485	3
301	11921	458	459	461	485	3
302	11924	279	460	126	323	2
303	11942	237	336	12	0	0
304	11944	461	462	540	808	5
305	11945	461	435	349	0	0
306	11957	463	156	45	162	1
307	11958	156	464	41	0	0
308	11962	465	190	692	94	1
309	11963	190	466	327	162	1
310	11964	167	467	35	502	2
311	11971	468	469	127	323	2
312	11977	470	150	7	0	0
313	11978	150	471	70	255	2
314	11994	472	473	31	0	0
315	11996	474	475	26	162	1
316	12001	476	477	25	323	2
317	12002	478	479	45	162	1
318	12003	380	480	428	459	2
319	12004	481	482	52	0	0
320	12006	483	484	47	162	1
321	12007	484	485	412	442	3
322	12010	486	487	9	0	0
323	12011	487	488	194	162	1
324	12012	489	226	78	0	0
325	12020	490	164	108	0	0
326	12021	491	492	75	204	1
327	12022	492	493	5	0	0
328	12023	148	494	12	0	0
329	12027	360	142	12	0	0
330	12032	189	495	190	2873	17
331	12033	383	114	31	0	0
332	12035	55	496	53	485	3
333	12036	242	152	48	0	0
334	12037	152	497	29	162	1
335	12042	171	498	266	969	6
336	12044	217	0	39	323	2
337	12067	164	499	47	0	0
338	12073	500	108	40	0	0
339	12074	108	501	509	0	0
340	12078	502	137	73	0	0
341	12079	137	503	51	0	0
342	12080	504	505	711	204	1
343	12081	505	506	6	0	0
344	12086	507	508	3	0	0
345	12087	508	509	695	323	2
346	12088	510	481	56	0	0
347	12090	511	512	28	162	1
348	12091	66	513	192	0	0
349	12092	514	515	779	689	4
350	12093	515	516	5	0	0
351	12094	433	517	332	485	3
352	12095	517	518	398	0	0
353	12096	519	520	109	0	0
354	12098	521	522	72	366	2
355	12099	522	523	25	0	0
356	12100	524	525	53	0	0
357	12101	526	527	94	1054	6
358	12102	521	528	97	1250	4
359	12103	528	529	110	366	2
360	12104	499	530	82	578	4
361	12105	530	521	40	204	1
362	12107	531	532	202	1454	9
363	12108	532	533	35	162	1
364	12110	534	535	34	5236	4
365	12111	535	536	149	323	2
366	12112	533	537	50	162	1
367	12113	537	475	11	0	0
368	12120	538	539	85	646	4
369	12121	539	125	1099	417	3
370	12122	97	514	47	0	0
371	12123	229	540	480	646	4
372	12124	540	541	5	0	0
373	12125	229	542	88	162	1
374	12126	542	543	5	0	0
375	12127	544	545	1074	1216	7
376	12130	546	524	52	0	0
377	12133	547	548	56	204	1
378	12134	548	549	64	94	1
379	12135	550	551	191	0	0
380	12137	552	553	112	528	2
381	12138	553	483	5	0	0
382	12145	554	555	703	0	0
383	12147	556	557	121	162	1
384	12148	557	558	5	0	0
385	12150	559	287	22	0	0
386	12154	480	560	50	162	1
387	12155	560	538	225	1216	7
388	12156	512	561	26	162	1
389	12157	561	547	45	323	2
390	12159	562	132	208	0	0
391	12163	563	564	32	485	3
392	12164	564	565	32	0	0
393	12170	192	194	13	0	0
394	12180	143	360	16	0	0
395	12225	566	567	4	0	0
396	12226	567	568	190	162	1
397	12227	569	294	69	0	0
398	12241	570	571	114	1496	9
399	12242	572	573	31	323	2
400	12243	573	374	12	162	1
401	12251	337	575	104	1734	11
402	12252	576	577	27	323	2
403	12253	577	578	22	0	0
404	12257	11	372	4	0	0
405	12258	52	12	91	3265	8
406	12259	579	580	16	0	0
407	12260	579	340	92	5202	7
408	12262	308	581	104	0	0
409	12268	323	582	233	561	1
410	12277	201	583	22	323	2
411	12278	583	217	8	0	0
412	12279	584	585	53	0	0
413	12280	212	586	135	2432	2
414	12281	586	272	4	0	0
415	12295	250	587	108	0	0
416	12297	588	239	105	485	3
417	12299	589	590	5	0	0
418	12300	590	591	110	3995	12
419	12301	591	592	22	12716	6
420	12302	592	593	51	1131	7
421	12303	243	594	34	162	1
422	12304	594	180	4	0	0
423	12307	51	247	63	0	0
424	12310	595	596	5	0	0
425	12311	596	597	104	162	1
426	12312	598	599	51	527	3
427	12313	599	600	111	1938	10
428	12320	582	321	81	0	0
429	12336	585	602	31	8214	14
430	12337	603	328	115	1454	9
431	12338	86	604	7	0	0
432	12339	604	605	65	646	4
433	12342	606	607	6	0	0
434	12343	607	608	97	162	1
435	12344	609	610	137	323	2
436	12345	610	611	5	0	0
437	12348	613	614	6	0	0
438	12349	614	615	317	162	1
439	12382	616	617	59	162	1
440	12383	617	618	8	0	0
441	12388	619	118	139	1496	9
442	12389	118	620	3	0	0
443	12394	122	619	57	944	6
444	12395	621	622	22	0	0
445	12396	622	623	168	2049	12
446	12397	624	625	68	646	4
447	12398	625	626	41	162	1
448	12411	627	628	263	0	0
449	12412	629	26	88	162	1
450	12414	234	630	43	204	1
451	12415	630	88	41	323	2
452	12416	445	102	19	0	0
453	12417	102	144	77	0	0
454	12418	615	215	352	0	0
455	12422	464	124	811	1122	6
456	12423	124	631	41	0	0
457	12424	632	92	61	570	3
458	12425	633	110	34	0	0
459	12426	110	634	107	0	0
460	12429	635	636	36	323	2
461	12430	636	637	35	162	1
462	12432	638	639	44	1122	2
463	12433	327	329	327	0	0
464	12434	329	613	458	0	0
465	12435	640	104	246	119	1
466	12436	104	641	188	646	4
467	12439	162	643	329	0	0
468	12442	397	644	165	162	1
469	12448	145	645	296	204	1
470	12451	646	192	17	323	2
471	12453	647	622	35	323	2
472	12454	625	648	35	690	3
473	12455	121	119	109	204	1
474	12457	649	650	48	808	5
475	12459	651	131	9	162	1
476	12460	639	652	42	162	1
477	12461	653	654	32	0	0
478	12462	654	655	57	910	4
479	12463	654	656	60	204	1
480	12464	656	657	80	1411	6
481	12465	656	658	58	0	0
482	12466	658	659	114	935	5
483	12467	162	660	250	0	0
484	12473	452	214	392	0	0
485	12474	214	661	174	0	0
486	12476	213	662	195	400	2
487	12486	663	342	58	459	3
488	12487	664	665	73	2594	3
489	12495	666	667	44	0	0
490	12496	401	668	63	1122	2
491	12508	669	76	68	646	4
492	12509	669	670	40	689	4
493	12511	601	671	22	2244	2
494	12527	672	673	506	255	2
495	12528	674	32	262	0	0
496	12529	32	675	284	0	0
497	12549	676	677	29	0	0
498	12551	308	366	94	6886	31
499	12558	678	679	62	808	5
500	12559	620	680	95	162	1
501	12560	680	626	74	0	0
502	12561	681	682	172	0	0
503	12563	683	684	74	0	0
504	12564	684	681	110	442	3
505	12565	619	685	60	459	3
506	12567	685	686	150	1471	8
507	12568	686	683	22	0	0
508	12569	687	688	61	1097	5
509	12570	689	690	87	3487	5
510	12571	690	691	124	3188	7
511	12572	692	693	33	204	1
512	12575	694	695	253	808	5
513	12576	695	696	32	162	1
514	12577	691	697	75	366	2
515	12578	698	417	49	162	1
516	12581	699	700	70	1131	7
517	12582	700	701	59	485	3
518	12583	525	531	141	740	5
519	12606	171	166	337	1615	10
520	12607	166	702	46	0	0
521	12714	703	704	330	162	1
522	12718	705	672	110	0	0
523	12719	672	695	99	485	3
524	12723	706	707	395	323	2
525	12724	708	709	25	0	0
526	12725	709	426	53	0	0
527	12726	709	710	584	162	1
528	12727	711	712	245	162	1
529	12728	713	714	263	162	1
530	12729	713	715	885	663	3
531	12732	716	717	600	527	3
532	12733	717	718	371	0	0
533	12745	381	719	144	0	0
534	12758	529	720	186	1301	7
535	12762	722	723	74	162	1
536	12763	724	725	718	4726	34
537	12774	699	726	15	323	2
538	12775	477	727	141	1513	8
539	12776	728	729	117	1743	10
540	12777	730	728	60	527	3
541	12778	67	731	85	0	0
542	12779	67	732	118	774	3
543	12780	472	519	136	0	0
544	12781	519	733	145	323	2
545	12794	734	624	37	281	2
546	12795	624	735	63	646	4
547	12796	736	737	30	689	4
548	12799	738	739	188	0	0
549	12804	740	741	220	0	0
550	12805	741	742	125	0	0
551	12808	743	76	164	2423	15
552	12809	276	744	13	323	2
553	12810	745	746	59	323	2
554	12811	746	747	223	2703	17
555	12814	748	749	16	0	0
556	12819	750	751	237	0	0
557	12820	751	418	682	162	1
558	12830	59	62	88	459	3
559	12860	752	753	37	0	0
560	12861	753	754	99	366	2
561	12862	611	587	658	0	0
562	12863	587	755	29	0	0
563	12864	317	756	15	162	1
564	12865	756	2	122	323	2
565	12867	271	339	88	485	3
566	12868	204	339	93	0	0
567	12875	529	523	131	527	3
568	12876	523	720	85	884	3
569	12883	757	334	111	10243	21
570	12884	758	70	102	3750	10
571	12885	70	51	22	1309	2
572	12886	697	122	141	3749	8
573	12887	638	653	9	0	0
574	12888	653	730	73	0	0
575	12889	759	760	335	1012	6
576	12890	759	761	228	689	4
577	12891	762	763	117	1012	6
578	12892	763	764	85	808	5
579	12893	763	731	39	0	0
580	12894	731	759	79	162	1
581	12895	459	765	88	0	0
582	12896	766	767	317	162	1
583	12897	501	390	367	0	0
584	12898	641	768	828	485	3
585	12917	769	770	126	0	0
586	12918	771	707	242	162	1
587	12919	707	379	314	0	0
588	12924	324	772	78	1122	1
589	12925	326	262	75	0	0
590	12926	773	324	24	0	0
591	12927	326	773	18	0	0
592	12929	774	775	104	0	0
593	12931	323	74	276	0	0
594	12933	776	777	290	162	1
595	12936	549	778	75	0	0
596	12938	778	779	115	162	1
597	12939	775	780	15	502	2
598	12941	43	781	175	204	1
599	12946	782	265	193	1054	6
600	12947	315	783	55	1377	4
601	12948	784	177	38	323	2
602	12949	783	495	16	0	0
603	12950	495	784	22	0	0
604	12951	784	783	22	0	0
605	12957	785	786	169	2754	16
606	12958	685	692	58	646	4
607	12967	787	788	78	0	0
608	12968	788	789	62	323	2
609	12971	790	233	56	1292	8
610	12977	493	473	34	0	0
611	12979	791	520	50	162	1
612	12980	791	792	70	961	5
613	12981	791	793	25	204	1
614	12982	526	794	40	0	0
615	12983	794	791	54	323	2
616	12984	794	795	103	1292	8
617	12985	499	526	33	0	0
618	12986	257	254	28	0	0
619	12997	66	491	41	0	0
620	13001	742	796	254	0	0
621	13002	742	797	143	0	0
622	13003	798	799	1275	527	3
623	13004	800	801	17	0	0
624	13006	802	799	83	281	2
625	13007	803	804	1117	1267	8
626	13008	804	805	31	162	1
627	13009	806	805	36	0	0
628	13015	721	722	881	1131	7
629	13016	722	725	45	162	1
630	13017	807	808	75	527	3
631	13018	809	807	75	162	1
632	13019	807	810	62	0	0
633	13020	138	811	66	0	0
634	13021	774	812	340	162	1
635	13022	812	140	20	0	0
636	13023	140	811	111	323	2
637	13024	811	813	446	689	4
638	13025	812	767	398	0	0
639	13026	767	814	249	527	3
640	13027	815	816	71	204	1
641	13028	816	817	92	204	1
642	13029	818	819	82	646	4
643	13030	820	730	56	162	1
644	13031	376	814	165	1743	10
645	13032	821	815	152	0	0
646	13033	815	822	99	646	4
647	13034	822	552	228	2567	4
648	13035	821	820	270	2763	16
649	13036	820	823	28	162	1
650	13037	823	824	47	323	2
651	13038	825	818	92	782	5
652	13039	818	826	116	969	6
653	13040	822	827	101	969	6
654	13041	827	824	92	646	4
655	13042	827	552	358	4009	29
656	13043	828	516	188	0	0
657	13045	829	828	116	0	0
658	13055	830	413	455	162	1
659	13056	831	634	71	162	1
660	13057	832	643	214	0	0
661	13058	833	444	111	0	0
662	13059	834	835	492	255	2
663	13060	835	500	208	340	1
664	13061	832	500	393	162	1
665	13062	501	833	359	162	1
666	13063	833	836	300	0	0
667	13066	837	838	383	119	1
668	13067	839	840	481	0	0
669	13068	840	841	101	162	1
670	13069	841	842	238	774	4
671	13070	842	843	355	162	1
672	13071	449	844	71	808	5
673	13072	844	845	97	689	4
674	13073	845	846	116	323	2
675	13074	847	848	414	0	0
676	13075	768	628	22	0	0
677	13076	628	846	102	0	0
678	13077	849	718	506	162	1
679	13078	850	851	40	162	1
680	13079	852	853	52	808	5
681	13080	854	855	61	323	2
682	13081	856	857	207	366	2
683	13082	295	858	185	502	2
684	13083	859	860	57	485	3
685	13084	861	862	82	1768	5
686	13085	839	863	321	689	4
687	13086	863	861	241	1224	8
688	13087	569	857	71	544	2
689	13088	804	806	19	0	0
690	13098	864	865	323	162	1
691	13099	866	867	119	94	1
692	13100	867	868	243	0	0
693	13101	868	724	199	162	1
694	13102	869	868	210	162	1
695	13103	359	675	254	0	0
696	13104	870	724	172	0	0
697	13105	725	871	78	485	3
698	13106	872	873	30	0	0
699	13107	873	544	450	485	3
700	13108	871	357	72	162	1
701	13109	809	874	59	0	0
702	13111	426	694	889	323	2
703	13112	427	875	656	578	4
704	13113	876	877	140	323	2
705	13114	875	877	268	0	0
706	13115	878	879	827	1224	8
707	13116	880	428	930	578	4
708	13124	881	882	34	323	2
709	13125	536	562	42	94	1
710	13130	883	884	124	0	0
711	13131	884	429	31	655	1
712	13140	885	412	945	0	0
713	13141	721	813	319	0	0
714	13150	343	13	75	969	6
715	13153	886	887	133	162	1
716	13154	888	889	170	162	1
717	13155	765	890	48	162	1
718	13156	891	892	221	434	2
719	13157	876	223	607	1335	8
720	13158	891	431	362	0	0
721	13161	66	893	39	0	0
722	13162	894	893	43	527	3
723	13163	895	649	82	765	5
724	13164	896	897	89	1471	8
725	13165	898	899	72	1335	8
726	13166	898	896	92	1003	7
727	13167	896	895	130	1088	7
728	13168	895	546	49	323	2
729	13169	900	901	31	162	1
730	13170	901	525	28	162	1
731	13173	883	431	218	204	1
732	13176	902	903	324	1377	8
733	13178	904	905	73	0	0
734	13179	377	550	865	1386	9
735	13194	816	906	278	1573	10
736	13195	906	552	46	0	0
737	13196	752	826	50	884	3
738	13197	826	483	297	3978	24
739	13198	825	511	158	1743	10
740	13199	754	907	299	0	0
741	13200	754	908	291	323	2
742	13201	909	910	384	162	1
743	13202	910	886	243	323	2
744	13203	909	911	110	0	0
745	13204	378	439	287	162	1
746	13205	912	913	282	0	0
747	13206	914	635	238	1811	10
748	13207	914	890	492	323	2
749	13208	538	554	123	646	4
750	13209	554	514	213	808	5
751	13211	915	916	13	94	1
752	13212	917	513	115	0	0
753	13214	518	828	34	0	0
754	13228	918	676	929	255	2
755	13229	677	919	746	162	1
756	13231	541	543	515	0	0
757	13232	551	506	66	162	1
758	13233	506	485	76	0	0
759	13235	920	771	902	808	5
760	13236	435	438	631	162	1
761	13237	438	846	239	0	0
762	13238	921	922	112	1888	5
763	13239	634	727	35	162	1
764	13240	125	432	137	162	1
765	13241	923	442	120	1700	10
766	13242	924	510	116	255	2
767	13243	482	925	124	162	1
768	13244	925	713	331	0	0
769	13245	555	516	988	0	0
770	13246	555	507	65	0	0
771	13247	507	481	792	0	0
772	13261	926	716	514	646	4
773	13262	716	927	284	323	2
774	13265	928	677	739	0	0
775	13266	929	930	803	485	3
776	13267	446	640	426	0	0
777	13268	929	931	953	808	5
778	13270	543	931	164	0	0
779	13271	931	447	429	0	0
780	13272	447	613	1082	0	0
781	13274	144	932	410	0	0
782	13275	446	932	90	0	0
783	13276	845	479	56	0	0
784	13277	933	934	19	0	0
785	13292	935	847	558	0	0
786	13293	479	844	102	442	3
787	13294	450	936	37	162	1
788	13295	933	937	16	0	0
789	13296	938	937	583	162	1
790	13297	937	934	12	0	0
791	13298	939	95	48	0	0
792	13299	939	940	78	646	4
793	13303	389	457	392	162	1
794	13304	941	942	182	162	1
795	13305	660	943	548	0	0
796	13306	660	388	249	0	0
797	13307	388	941	7	0	0
798	13308	944	945	11	646	4
799	13309	392	946	188	0	0
800	13310	393	944	135	162	1
801	13323	857	854	49	0	0
802	13324	854	244	40	323	2
803	13325	244	856	78	0	0
804	13327	856	860	25	0	0
805	13328	860	852	61	162	1
806	13329	852	851	67	162	1
807	13330	851	947	29	323	2
808	13331	935	863	412	1012	6
809	13332	295	948	231	0	0
810	13333	938	949	12	0	0
811	13334	451	950	551	0	0
812	13335	951	400	237	1012	6
813	13336	400	950	146	1309	8
814	13337	950	452	237	1131	7
815	13338	952	953	445	1301	9
816	13339	954	952	31	0	0
817	13340	453	955	291	0	0
818	13341	952	956	544	0	0
819	13342	956	955	153	0	0
820	13343	955	957	231	0	0
821	13344	949	954	363	417	3
822	13345	457	394	88	162	1
823	13346	454	958	22	0	0
824	13347	958	959	695	323	2
825	13362	410	960	108	1428	9
826	13363	960	961	58	485	3
827	13364	789	962	40	0	0
828	13365	962	963	63	0	0
829	13366	964	963	39	604	4
830	13368	965	962	64	1012	6
831	13369	962	966	37	578	4
832	13370	967	968	67	969	6
833	13371	968	969	54	646	4
834	13372	970	968	39	0	0
835	13373	787	971	49	646	4
836	13374	971	972	67	2100	13
837	13389	877	879	41	0	0
838	13390	973	974	95	2567	4
839	13391	974	206	115	2994	17
840	13396	975	60	116	527	3
841	13397	58	970	87	0	0
842	13398	970	787	21	0	0
843	13399	789	976	61	621	4
844	13400	976	977	74	324	2
845	13466	164	978	111	1471	8
846	13503	633	979	34	825	4
847	13504	785	980	30	323	2
848	13505	293	981	18	0	0
849	13534	363	982	88	825	4
850	13535	758	983	95	1471	3
851	13537	666	984	78	323	2
852	13538	363	985	81	1513	8
853	13539	575	7	49	0	0
854	13542	986	987	55	1122	2
855	13610	988	940	102	323	2
856	13612	989	990	119	485	3
857	13613	991	248	36	323	2
858	13614	170	702	132	621	4
859	13616	992	403	59	969	6
860	13617	574	992	196	0	0
861	13619	284	281	238	867	4
862	13620	917	226	84	204	1
863	13621	993	699	100	1445	3
864	13624	481	994	1025	0	0
865	13625	995	470	403	4038	22
866	13640	996	997	65	162	1
867	13641	997	998	627	0	0
868	13642	997	999	254	162	1
869	13643	769	1000	261	162	1
870	13644	769	1001	549	366	2
871	13645	1001	872	200	0	0
872	13646	1001	1002	241	162	1
873	13647	1003	1004	95	162	1
874	13651	738	704	127	0	0
875	13652	1005	647	37	162	1
876	13653	1006	1007	306	162	1
877	13654	424	1008	116	162	1
878	13655	697	1009	81	3273	5
879	13662	1010	1011	95	162	1
880	13665	1012	1013	55	323	2
881	13666	490	900	201	850	5
882	13667	737	1014	92	935	5
883	13671	356	1015	162	417	3
884	13678	808	1016	31	646	4
885	13679	874	1017	57	485	3
886	13680	721	1018	233	366	2
887	13687	1019	915	409	0	0
888	13688	637	1020	45	485	3
889	13689	819	1021	25	0	0
890	13690	437	1022	38	0	0
891	13691	1023	1024	763	0	0
892	13692	1023	1025	595	723	2
893	13694	1026	21	379	485	3
894	13696	1024	797	483	527	3
895	13697	1024	1027	366	162	1
896	13698	1028	1029	447	0	0
897	13699	1029	870	109	162	1
898	13700	1029	1030	149	162	1
899	13701	1031	885	163	162	1
900	13703	981	1032	33	94	1
901	13704	840	990	195	162	1
902	13705	990	1033	89	3103	5
903	13706	928	926	127	1105	7
904	13717	1034	1035	29	323	2
905	13723	1036	170	289	485	3
906	13724	1037	1038	102	808	5
907	13726	1039	565	99	162	1
908	13731	829	486	788	162	1
909	13732	486	1040	243	0	0
910	13733	834	1041	308	323	2
911	13734	1041	829	60	323	2
912	13735	1041	1042	30	204	1
913	13736	500	943	164	0	0
914	13740	1043	1044	41	323	2
915	13751	1022	1045	61	119	1
916	13752	905	1046	117	0	0
917	13753	1046	1047	99	825	4
918	13754	1046	1048	73	162	1
919	13755	1048	193	24	0	0
920	13757	904	1049	261	162	1
921	13758	1050	1049	118	204	1
922	13759	1049	1051	109	0	0
923	13760	1051	1052	293	646	4
924	13761	1051	1053	139	323	2
925	13762	1052	33	38	0	0
926	13765	342	1054	45	638	5
927	13787	1055	954	389	340	1
928	13788	1055	1056	60	162	1
929	13789	1057	1058	193	323	2
930	13790	942	1059	41	162	1
931	13791	981	1060	114	298	2
932	13792	1061	933	225	0	0
933	13793	1062	1061	142	162	1
934	13794	989	1063	195	94	1
935	13795	951	1064	58	0	0
936	13796	1064	396	570	0	0
937	13797	1064	1065	155	162	1
938	13798	642	1066	123	204	1
939	13804	1067	1068	53	731	4
940	13805	1069	1011	29	646	4
941	13817	957	776	1244	162	1
942	13819	398	1070	126	0	0
943	13820	1070	948	395	323	2
944	13821	1070	1071	415	162	1
945	13822	1072	1073	177	204	1
946	13823	1073	948	302	408	2
947	13824	1004	621	904	1105	7
948	13825	1004	1074	263	162	1
949	13826	626	1075	242	366	2
950	13827	1075	1076	258	94	1
951	13828	1075	1077	169	162	1
952	13829	1077	1006	14	0	0
953	13830	1077	1078	205	366	2
954	13831	741	1079	85	162	1
955	13832	1080	742	460	162	1
956	13833	1080	1081	217	204	1
957	13834	1082	1080	78	0	0
958	13835	1082	1083	103	162	1
959	13836	798	319	223	204	1
960	13837	319	1082	146	0	0
961	13838	1084	1085	28	162	1
962	13839	42	1003	377	94	1
963	13840	42	1086	161	162	1
964	13841	1007	1087	166	502	2
965	13843	675	1088	166	204	1
966	13863	433	1089	185	204	1
967	13864	708	1090	482	604	4
968	13865	1090	765	474	323	2
969	13866	1090	1091	114	324	1
970	13867	427	1092	312	204	1
971	13868	779	1093	70	162	1
972	13869	810	43	82	0	0
973	13870	549	629	109	485	3
974	13871	629	774	109	0	0
975	13872	989	994	234	0	0
976	13874	1094	885	126	340	1
977	13875	1095	904	604	647	3
978	13877	1096	864	84	162	1
979	13886	565	1097	153	0	0
980	13889	943	1098	128	204	1
981	13890	707	1099	293	162	1
982	13892	379	1100	102	162	1
983	13893	714	843	49	0	0
984	13894	714	1101	129	204	1
985	13895	925	1102	1382	578	4
986	13896	1102	538	77	0	0
987	13897	1102	1103	135	204	1
988	13898	509	831	221	162	1
989	13900	913	1104	32	162	1
990	13901	1104	504	118	162	1
991	13902	1105	458	398	0	0
992	13903	1106	1105	281	162	1
993	13904	912	36	600	162	1
994	13905	36	1107	300	162	1
995	13906	911	1108	171	502	2
996	13907	1108	912	394	0	0
997	13908	1108	1109	330	162	1
998	13909	903	1110	175	808	5
999	13910	1110	376	68	850	5
1000	13911	1110	1111	134	298	2
1001	13912	88	312	56	0	0
1002	13914	1112	1113	31	0	0
1003	13915	1113	336	25	4676	4
1004	13916	1114	1115	105	4277	16
1005	13917	1115	1116	98	4676	4
1006	13918	33	902	250	323	2
1007	13919	1117	676	511	0	0
1008	13920	1117	1118	25	162	1
1009	13928	395	1119	264	162	1
1010	13929	941	1055	31	0	0
1011	13933	642	1120	258	162	1
1012	13934	1120	1121	186	204	1
1013	13935	1120	848	213	0	0
1014	13937	848	1122	248	204	1
1015	13938	927	40	67	0	0
1016	13939	40	929	109	0	0
1017	13940	932	1123	36	0	0
1018	13941	1123	161	473	0	0
1019	13942	1123	1124	150	324	1
1020	13943	837	1125	295	0	0
1021	13944	1125	928	575	553	4
1022	13945	1125	1126	273	162	1
1023	13948	849	1127	326	0	0
1024	13949	1127	926	105	323	2
1025	13950	1127	1128	171	162	1
1026	13957	1073	1129	150	162	1
1027	13958	566	284	251	162	1
1028	13959	283	1130	105	323	2
1029	13960	1131	1132	98	162	1
1030	13961	1132	662	427	162	1
1031	13962	1132	1133	245	204	1
1032	13963	1134	616	983	162	1
1033	13965	1135	220	147	0	0
1034	13966	220	661	1131	162	1
1035	13967	1136	1137	52	162	1
1036	13968	1137	1134	133	162	1
1037	13969	1137	1138	86	162	1
1038	13970	1139	1140	66	485	3
1039	13971	174	1141	175	1676	3
1040	13972	496	386	26	0	0
1041	13973	496	1142	59	204	1
1042	13976	1143	189	26	323	2
1043	13978	893	1144	51	689	4
1044	13979	1144	1145	115	1454	9
1045	13980	1145	1146	56	646	4
1046	13981	1146	894	112	1335	8
1047	13983	536	1147	138	1615	10
1048	13984	1147	546	120	162	1
1049	13985	781	138	116	0	0
1050	13987	823	1148	71	689	4
1051	13988	1148	1149	54	1224	8
1052	13989	749	202	172	5236	4
1053	13993	968	1150	66	417	3
1054	13998	1150	1151	24	689	4
1055	13999	1152	468	36	0	0
1056	14006	12	210	45	119	1
1057	14009	368	1153	5	0	0
1058	14010	1153	64	22	485	3
1059	14011	303	1154	12	162	1
1060	14012	1154	581	17	0	0
1061	14013	312	74	66	0	0
1062	14015	314	73	66	2738	11
1063	14016	73	306	96	12003	16
1064	14020	82	1155	143	1777	11
1065	14021	333	90	4	0	0
1066	14022	90	335	73	5934	5
1067	14024	593	80	43	0	0
1068	14025	80	1156	138	0	0
1069	14026	1157	1158	34	162	1
1070	14027	1158	322	77	740	5
1071	14028	1158	1159	71	2244	2
1072	14030	1160	1161	167	4188	12
1073	14031	1161	1162	62	1122	2
1074	14032	254	1162	68	485	3
1075	14033	1162	1160	24	0	0
1076	14034	259	78	118	0	0
1077	14036	773	84	84	323	2
1078	14037	84	260	200	162	1
1079	14041	1163	183	3	0	0
1080	14042	182	1163	11	0	0
1081	14043	1163	1143	75	901	6
1082	14048	1164	1165	924	1539	9
1083	14049	1165	428	179	0	0
1084	14050	836	1166	236	1472	2
1085	14059	300	1167	372	204	1
1086	14060	1167	450	6	0	0
1087	14065	378	436	771	485	3
1088	14066	1168	1169	423	204	1
1089	14067	1169	810	6	0	0
1090	14068	770	358	370	0	0
1091	14069	740	711	620	162	1
1092	14070	711	770	486	0	0
1093	14071	355	1170	239	2635	10
1094	14072	1170	420	286	689	4
1095	14078	462	635	22	162	1
1096	14094	146	1171	88	162	1
1097	14095	425	750	675	204	1
1098	14096	867	27	148	340	1
1099	14097	1025	1168	1156	578	4
1100	14104	1170	29	25	162	1
1101	14105	1172	1096	117	162	1
1102	14106	1173	146	102	502	2
1103	14113	456	1174	235	162	1
1104	14115	455	1175	109	162	1
1105	14118	946	1176	45	485	3
1106	14120	1177	1167	97	3468	7
1107	14131	838	1178	459	323	2
1108	14132	1179	1180	885	162	1
1109	14133	905	1181	278	162	1
1110	14134	906	1182	28	502	2
1111	14144	911	908	341	255	2
1112	14146	436	641	295	646	4
1113	14147	1183	841	144	1981	12
1114	14148	462	1184	54	442	3
1115	14154	341	1185	99	5236	2
1116	14156	605	603	3	0	0
1117	14169	847	627	273	1539	9
1118	14170	627	478	9	0	0
1119	14171	842	231	92	323	2
1120	14172	231	449	276	1063	7
1121	14176	21	357	377	0	0
1122	14178	934	163	743	323	2
1123	14179	163	939	270	1496	9
1124	14196	101	1072	400	0	0
1125	14212	1186	1031	213	0	0
1126	14216	996	738	19	0	0
1127	14217	1006	1187	51	323	2
1128	14220	1188	1028	619	1122	2
1129	14221	1186	1189	377	1683	3
1130	14222	1189	1188	61	0	0
1131	14224	874	1026	45	0	0
1132	14225	808	1190	36	366	2
1133	14226	814	47	127	731	4
1134	14227	47	821	119	986	5
1135	14228	511	1021	77	1310	7
1136	14229	1021	752	42	527	3
1137	14230	191	1191	176	570	3
1138	14231	1191	1052	226	162	1
1139	14235	1192	606	109	485	3
1140	14268	976	1193	54	1105	7
1141	14270	971	1194	4	0	0
1142	14271	1194	1195	47	1615	10
1143	14275	412	1095	321	0	0
1144	14281	434	1105	239	646	4
1145	14282	451	1061	373	119	1
1146	14284	369	1140	60	0	0
1147	14286	1140	1196	53	323	2
1148	14298	472	1197	80	204	1
1149	14308	1198	1199	470	366	2
1150	14309	1200	1201	195	323	2
1151	14310	1187	1199	75	0	0
1152	14311	1199	996	263	850	5
1153	14332	1202	1203	118	646	4
1154	14333	1203	1204	841	204	1
1155	14334	1205	1203	311	646	4
1156	14335	623	1206	81	162	1
1157	14336	1206	1205	88	0	0
1158	14337	1202	414	51	646	4
1159	14338	414	1207	76	1199	7
1160	14339	1206	1208	70	850	5
1161	14357	1209	418	522	162	1
1162	14358	419	41	150	366	2
1163	14359	1210	1209	726	340	1
1164	14360	1209	421	109	0	0
1165	14362	1211	1212	227	1539	8
1166	14366	1213	1003	428	0	0
1167	14367	417	419	112	417	3
1168	14368	1214	1084	182	0	0
1169	14369	41	1214	334	162	1
1170	14371	1215	1216	65	808	5
1171	14372	1217	1218	62	969	6
1172	14373	1219	1220	97	1335	8
1173	14374	1221	1222	90	1012	6
1174	14375	621	545	35	0	0
1175	14376	545	1223	43	0	0
1176	14377	1223	50	6	0	0
1177	14378	682	1215	40	162	1
1178	14379	1215	734	35	485	3
1179	14380	681	1217	40	162	1
1180	14381	1217	1219	51	162	1
1181	14382	1219	678	19	0	0
1182	14383	678	1221	58	527	3
1183	14384	1221	687	13	0	0
1184	14385	687	620	40	323	2
1185	14386	798	689	389	0	0
1186	14387	1224	1207	99	2278	13
1187	14399	1200	1225	174	0	0
1188	14400	1225	801	46	162	1
1189	14401	801	1226	150	527	3
1190	14402	1226	803	123	689	4
1191	14422	751	674	246	162	1
1192	14423	425	870	907	646	4
1193	14424	1210	750	217	0	0
1194	14425	750	674	244	2780	5
1195	14426	873	1227	21	0	0
1196	14427	872	1227	24	162	1
1197	14428	1227	1228	254	204	1
1198	14429	1228	1213	395	689	4
1199	14448	289	294	271	0	0
1200	14449	294	299	1189	0	0
1201	14450	299	994	34	0	0
1202	14451	262	327	76	0	0
1203	14452	1229	1230	94	323	2
1204	14453	1230	570	80	323	2
1205	14454	570	572	110	2109	10
1206	14455	1230	1231	64	969	6
1207	14456	352	995	96	1335	8
1208	14457	256	333	79	204	1
1209	14458	335	240	82	2108	10
1210	14459	1232	332	76	162	1
1211	14460	332	331	76	485	3
1212	14471	402	1233	130	1666	11
1213	14472	1234	1235	104	1454	9
1214	14473	1236	1237	107	1547	10
1215	14479	179	666	56	0	0
1216	14480	667	218	53	162	1
1217	14482	497	745	250	2992	18
1218	14484	631	1131	73	323	2
1219	14485	281	463	80	0	0
1220	14486	463	618	216	323	2
1221	14487	618	280	30	1539	4
1222	14552	1238	598	6	0	0
1223	14553	755	234	36	680	1
1224	14579	1239	405	72	578	4
1225	14580	405	1152	29	162	1
1226	14581	1135	776	191	162	1
1227	14582	1240	404	126	1734	11
1228	14597	1241	242	169	2142	13
1229	14603	824	825	62	646	4
1230	14620	1242	320	120	1377	8
1231	14621	321	325	49	0	0
1232	14622	259	772	6	0	0
1233	14623	1243	320	259	2627	16
1234	14624	782	1244	70	162	1
1235	14625	745	382	193	2508	15
1236	14627	261	612	91	0	0
1237	14628	612	290	324	0	0
1238	14629	290	287	183	0	0
1239	14638	328	1114	78	1131	7
1240	14644	559	947	612	1335	8
1241	14645	1136	1072	51	0	0
1242	14647	776	296	251	1131	7
1243	14648	399	213	194	0	0
1244	14708	1245	669	86	859	6
1245	14709	960	572	234	2899	17
1246	14710	1246	1229	71	323	2
1247	14711	1229	1247	69	604	4
1248	14712	1196	1248	54	485	3
1249	14719	1196	1249	162	1938	12
1250	14721	757	367	89	7439	11
1251	14722	576	1156	54	0	0
1252	14723	1156	1250	18	3928	3
1253	14724	1251	1252	103	1377	8
1254	14725	204	203	94	14402	8
1255	14726	203	584	155	2143	12
1256	14727	584	316	47	604	4
1257	14728	354	315	169	1582	7
1258	14729	748	53	77	0	0
1259	14731	196	384	9	162	1
1260	14732	386	973	188	4755	26
1261	14733	973	588	39	0	0
1262	14735	206	53	43	162	1
1263	14736	1253	365	113	1131	7
1264	14737	365	1254	88	119	1
1265	14738	574	595	170	0	0
1266	14739	1255	142	47	323	2
1267	14740	497	382	90	663	3
1268	14741	382	747	87	255	2
1269	14742	747	1155	86	2448	2
1270	14743	1155	401	12	0	0
1271	14744	402	1235	84	0	0
1272	14745	1235	1237	83	0	0
1273	14746	411	1256	56	1250	8
1274	14747	1256	180	119	1819	11
1275	14748	589	1112	51	1472	2
1276	14749	593	576	88	7744	9
1277	14751	331	1157	105	2423	8
1278	14752	1257	719	32	162	1
1279	14753	719	782	195	7645	21
1280	14754	411	1258	193	1598	11
1281	14755	1257	1258	66	323	2
1282	14756	1258	1241	78	1224	8
1283	14757	1259	332	117	3324	11
1284	14758	1260	331	101	910	7
1285	14759	366	1261	51	885	2
1286	14760	1262	1259	72	1445	3
1287	14761	581	1262	99	1879	10
1288	14762	1262	1263	63	1701	5
1289	14763	1232	757	9	0	0
1290	14764	367	340	15	1122	2
1291	14765	961	143	55	825	4
1292	14766	1245	1255	50	204	1
1293	14767	362	375	63	162	1
1294	14768	375	306	84	1224	4
1295	14769	362	1254	27	561	1
1296	14770	1254	277	208	4633	12
1297	14771	277	1264	104	2780	5
1298	14772	1264	1265	6	0	0
1299	14773	1253	369	141	1386	9
1300	14774	351	1264	75	485	3
1301	14775	371	351	80	417	3
1302	14776	371	277	92	417	3
1303	14781	1266	667	52	621	4
1304	14782	1267	179	67	1046	7
1305	14793	1268	1269	128	647	4
1306	14794	1270	1271	21	646	4
1307	14795	1040	1272	169	162	1
1308	14814	196	198	65	646	4
1309	14817	1273	384	120	4643	13
1310	14819	1256	68	73	647	4
1311	14820	68	1241	64	646	4
1312	14821	1244	1274	155	1386	9
1313	14822	1244	745	50	162	1
1314	14823	471	1275	80	1122	1
1315	14824	471	782	62	0	0
1316	14826	578	352	69	1088	7
1317	14827	1263	1232	72	2763	7
1318	14829	1276	1253	198	2142	13
1319	14830	1277	1276	74	485	3
1320	14831	17	985	9	0	0
1321	14839	464	248	74	646	4
1322	14840	248	616	114	255	2
1323	14852	665	1278	37	323	2
1324	14853	665	60	37	162	1
1325	14865	890	227	121	0	0
1326	14866	465	279	344	162	1
1327	14867	421	1279	270	485	3
1328	14868	1279	1211	64	527	3
1329	14882	914	458	372	323	2
1330	14883	694	427	952	340	1
1331	14884	806	878	104	0	0
1332	14886	683	1202	153	1590	10
1333	14890	1273	235	82	3179	5
1334	14891	1261	1262	39	485	3
1335	14895	541	558	29	0	0
1336	14898	907	1025	90	162	1
1337	14899	908	1025	259	0	0
1338	14900	909	908	236	0	0
1339	14901	888	886	384	0	0
1340	14903	924	442	109	1292	8
1341	14904	831	440	118	1292	8
1342	14908	65	308	11	0	0
1343	14917	112	1280	62	0	0
1344	14918	1280	1205	923	0	0
1345	14919	1280	1281	186	204	1
1346	14963	191	1282	249	162	1
1347	14964	412	1180	753	0	0
1348	14998	922	924	43	366	2
1349	14999	1283	1284	269	162	1
1350	15000	1284	835	880	502	2
1351	15001	558	551	616	0	0
1352	15012	1097	864	78	162	1
1353	15013	910	458	833	485	3
1354	15014	985	1255	33	162	1
1355	15015	1252	17	54	366	2
1356	15017	589	241	61	646	4
1357	15018	865	1031	742	0	0
1358	15021	280	1285	346	2482	15
1359	15024	1279	1286	57	646	4
1360	15025	796	1287	214	255	2
1361	15026	1287	802	822	0	0
1362	15027	879	1164	227	0	0
1363	15031	489	1011	237	527	3
1364	15032	1269	1270	67	808	5
1365	15033	1268	1288	43	689	4
1366	15037	1289	1238	40	646	4
1367	15041	1277	1290	63	646	4
1368	15042	1276	1291	98	1088	6
1369	15066	1292	1293	35	527	3
1370	15067	1294	1295	36	527	3
1371	15068	1296	1297	36	485	3
1372	15069	1296	1298	29	485	3
1373	15070	1294	1296	60	400	3
1374	15071	901	1292	38	323	2
1375	15072	1292	1294	62	527	3
1376	15074	493	518	802	0	0
1377	15075	1299	1300	40	323	2
1378	15076	513	701	53	162	1
1379	15077	701	1299	46	1795	4
1380	15078	1272	917	28	0	0
1381	15079	1272	1268	104	1131	7
1382	15080	209	211	115	3434	8
1383	15081	211	272	68	162	1
1384	15083	1040	503	95	0	0
1385	15084	503	1301	139	3273	5
1386	15085	502	916	180	298	2
1387	15086	1302	1303	31	366	2
1388	15087	953	1302	119	969	6
1389	15088	1302	454	142	808	5
1390	15089	1304	1057	19	0	0
1391	15090	953	1304	96	986	5
1392	15091	1304	956	323	323	2
1393	15135	637	771	467	1158	7
1394	15204	998	1200	157	162	1
1395	15206	739	1198	19	0	0
1396	15207	739	1305	113	162	1
1397	15211	1306	1307	168	366	2
1398	15212	800	1308	465	162	1
1399	15213	1308	1306	185	0	0
1400	15214	1308	1309	80	366	2
1401	15215	805	1310	444	689	4
1402	15216	1310	880	173	0	0
1403	15217	1310	1311	110	162	1
1404	15218	696	1312	269	1292	8
1405	15219	1312	802	23	162	1
1406	15220	1312	1313	137	162	1
1407	15221	1306	705	379	0	0
1408	15222	1314	705	386	204	1
1409	15224	881	1315	44	0	0
1410	15225	1315	898	148	1666	11
1411	15231	606	611	56	0	0
1412	15234	691	424	3	0	0
1413	15235	1005	1224	126	2134	11
1414	15236	1223	1005	47	2584	4
1415	15237	1316	1224	43	323	2
1416	15238	1316	1317	28	502	2
1417	15248	533	1318	36	485	3
1418	15250	475	1319	40	646	4
1419	15251	490	737	32	204	1
1420	15253	562	1012	37	0	0
1421	15256	1283	1019	213	323	2
1422	15259	95	509	123	485	3
1423	15260	940	643	26	0	0
1424	15261	1320	785	98	442	3
1425	15262	785	633	70	578	4
1426	15300	468	298	8	0	0
1427	15301	404	1034	9	0	0
1428	15302	1034	298	29	204	1
1429	15323	1285	1036	53	0	0
1430	15324	569	632	46	0	0
1431	15325	632	861	53	646	4
1432	15326	396	293	432	94	1
1433	15346	494	995	45	0	0
1434	15347	575	1257	125	5180	9
1435	15351	373	986	185	2236	10
1436	15352	986	207	30	162	1
1437	15355	1265	368	40	0	0
1438	15356	1265	758	37	323	2
1439	15357	309	1157	78	765	5
1440	15358	1247	598	62	485	3
1441	15359	1247	1321	48	94	1
1442	15360	1043	1229	60	527	3
1443	15362	1067	301	20	1530	2
1444	15363	595	1252	30	0	0
1445	15364	349	1037	76	323	2
1446	15365	1037	1277	38	94	1
1447	15366	403	1322	47	442	3
1448	15383	345	346	30	162	1
1449	15384	346	343	85	2890	8
1450	15385	62	663	74	485	3
1451	15389	146	1186	896	646	4
1452	15390	1026	1168	518	2244	3
1453	15392	1166	444	870	442	3
1454	15395	377	1282	951	1292	8
1455	15404	23	902	500	808	5
1456	15433	12	580	74	3120	7
1457	-1	415	1207	1	0	0
1458	-2	1201	1225	1	0	0
1459	-4	41	42	279	0	0
1460	-6	748	602	138	0	0
1461	-7	323	303	311	0	0
1462	-9	524	473	490	0	0
1463	-10	132	546	118	0	0
1464	-11	574	601	129	0	0
1465	-13	161	642	188	0	0
1466	-14	718	611	1372	0	0
1467	-15	721	1031	1982	0	0
1468	-16	494	5	385	0	0
1469	-17	216	612	607	0	0
END
-----------------------------------------
InputUsedToGenerateTheGraph:
County:	SkanderborgOdder
CenterNodeId:	10261
Radius:	7500
HouseTypes:	Normal	Summer	Apartment
NumberOfWasteFractions: 1
IntervalsForWasteFraction:	general	2.333333	3.5	7.0	14.0	28.0
-----------------------------------------


