ProblemType:	CARP
NumberNodes:	1131
NumberEdges:	1220
DepotNodeNumber:	86
NumberOfFractions:	1
NumberOfIntervalsForFraction	General_Glass_Metal_Plastic_Organic	1	14
GRAPH
EdgeNumber	EdgeId	StartNodeNumber	EndNodeNumber	Cost	Demand_0	Bins_0
START
0	22	0	1	1567	502	2
1	85	2	3	631	0	0
2	155	4	5	185	162	1
3	195	6	7	28	162	1
4	196	8	9	81	646	4
5	197	9	10	44	323	2
6	198	10	11	15	0	0
7	199	12	13	102	1054	6
8	200	13	2	48	162	1
9	254	14	15	94	0	0
10	262	16	17	194	204	1
11	279	18	19	105	986	5
12	280	18	20	11	0	0
13	281	21	22	34	527	3
14	282	23	24	39	162	1
15	285	25	26	280	162	1
16	286	27	20	86	647	3
17	287	20	26	161	808	5
18	288	28	29	132	986	5
19	289	23	21	89	969	6
20	290	21	30	58	527	3
21	333	31	32	145	255	2
22	334	33	34	426	162	1
23	459	35	36	259	94	1
24	461	37	38	13	162	1
25	576	39	40	404	162	1
26	601	41	42	39	162	1
27	602	42	43	56	969	6
28	631	44	45	110	485	3
29	652	46	47	718	162	1
30	680	48	49	92	901	6
31	699	50	51	176	0	0
32	701	52	53	110	0	0
33	757	55	56	142	527	3
34	758	56	57	122	366	2
35	759	58	0	401	0	0
36	760	0	39	32	162	1
37	769	59	60	86	1513	8
38	771	58	61	718	910	3
39	829	62	63	232	1284	2
40	830	55	64	22	0	0
41	831	64	57	113	646	4
42	832	57	65	115	0	0
43	834	66	67	105	162	1
44	835	67	56	51	408	2
45	849	68	69	60	850	5
46	880	70	71	155	324	1
47	912	72	73	299	0	0
48	913	72	74	185	0	0
49	914	73	75	130	162	1
50	915	76	77	383	0	0
51	938	78	79	356	340	1
52	954	80	81	207	0	0
53	955	82	83	67	0	0
54	956	84	85	350	162	1
55	1023	86	87	958	10049	20
56	1024	88	89	303	162	1
57	1025	90	91	142	0	0
58	1026	92	93	153	162	1
59	1027	94	95	240	0	0
60	1028	96	97	220	1105	7
61	1029	98	96	335	340	1
62	1030	98	94	201	323	2
63	1031	94	99	470	0	0
64	1032	100	101	81	1131	7
65	1033	101	97	78	1141	3
66	1034	101	102	143	851	5
67	1040	104	105	120	1403	9
68	1041	106	107	151	162	1
69	1042	108	70	388	0	0
70	1136	109	110	338	0	0
71	1137	111	112	453	323	2
72	1138	113	114	31	0	0
73	1139	115	116	99	1250	8
74	1140	50	117	197	162	1
75	1141	118	115	66	0	0
76	1142	115	119	58	0	0
77	1143	119	120	17	0	0
78	1144	49	121	23	94	1
79	1145	48	122	30	323	2
80	1146	123	124	84	485	3
81	1148	125	112	476	162	1
82	1149	112	126	488	459	3
83	1150	127	128	156	0	0
84	1156	129	130	75	485	3
85	1157	130	131	101	162	1
86	1209	132	133	230	162	1
87	1277	134	135	292	323	2
88	1279	136	137	175	1335	8
89	1280	137	138	11	0	0
90	1281	138	139	94	485	3
91	1282	139	140	81	323	2
92	1283	140	141	104	94	1
93	1285	142	143	1296	162	1
94	1286	137	144	43	527	3
95	1287	138	145	33	323	2
96	1288	139	146	48	366	2
97	1289	110	147	344	0	0
98	1290	110	52	59	0	0
99	1291	143	148	27	0	0
100	1292	148	149	248	0	0
101	1293	150	151	39	0	0
102	1295	152	153	832	323	2
103	1296	153	154	317	366	2
104	1297	152	155	169	0	0
105	1298	156	157	437	0	0
106	1299	158	156	127	204	1
107	1300	156	159	83	0	0
108	1301	160	84	283	162	1
109	1302	161	37	98	204	1
110	1303	72	161	135	604	4
111	1304	161	150	51	94	1
112	1323	162	163	134	162	1
113	1334	154	162	17	0	0
114	1335	162	164	378	0	0
115	1336	135	165	21	0	0
116	1345	166	167	276	0	0
117	1346	136	168	13	0	0
118	1350	103	169	109	281	2
119	1351	169	170	152	1097	5
120	1352	171	170	110	1012	6
121	1353	172	173	291	646	4
122	1354	174	76	294	366	2
123	1355	114	174	90	162	1
124	1357	126	175	320	0	0
125	1358	176	177	246	94	1
126	1369	178	166	212	204	1
127	1370	179	180	541	162	1
128	1371	181	182	11	0	0
129	1372	183	78	247	0	0
130	1449	184	185	121	119	1
131	1473	186	187	136	0	0
132	1474	188	189	143	0	0
133	1475	190	191	71	646	4
134	1476	173	190	26	0	0
135	1477	190	192	241	2219	14
136	1478	192	193	40	485	3
137	1479	193	105	41	485	3
138	1480	106	172	31	0	0
139	1481	173	194	276	0	0
140	1482	194	47	66	0	0
141	1483	193	172	88	0	0
142	1484	195	196	167	0	0
143	1485	196	173	31	0	0
144	1486	91	197	169	0	0
145	1498	198	199	34	323	2
146	1499	199	169	28	0	0
147	1500	171	199	230	298	2
148	1501	200	164	99	162	1
149	1502	201	198	17	0	0
150	1503	201	202	326	646	4
151	1509	203	204	401	255	2
152	1513	206	207	61	723	2
153	1514	207	208	53	162	1
154	1515	209	210	101	646	4
155	1524	211	212	255	0	0
156	1525	211	213	538	442	3
157	1526	214	215	110	0	0
158	1527	215	216	247	417	3
159	1528	217	218	167	0	0
160	1529	218	219	59	0	0
161	1530	220	221	72	0	0
162	1531	221	177	343	0	0
163	1532	127	222	172	162	1
164	1571	223	224	7	0	0
165	1572	224	225	169	935	4
166	1575	109	226	148	162	1
167	1576	226	227	236	0	0
168	1577	228	75	161	485	3
169	1578	75	229	513	0	0
170	1579	228	73	75	162	1
171	1621	230	231	136	0	0
172	1622	202	171	90	1224	8
173	1623	164	198	164	808	5
174	1628	232	233	559	94	1
175	1636	234	209	287	561	1
176	1638	233	235	93	0	0
177	1654	83	85	237	162	1
178	1655	85	99	238	204	1
179	1657	236	237	233	486	2
180	1658	238	239	40	323	2
181	1659	238	240	764	323	2
182	1660	82	236	86	162	1
183	1661	99	241	345	0	0
184	1662	242	225	65	0	0
185	1663	242	243	309	162	1
186	1664	244	245	106	527	3
187	1665	245	223	54	527	3
188	1666	244	246	126	646	4
189	1667	246	247	31	162	1
190	1668	248	249	165	323	2
191	1669	249	250	29	408	1
192	1670	251	248	510	527	3
193	1671	248	252	35	646	4
194	1672	244	253	84	459	3
195	1673	253	223	70	162	1
196	1674	225	254	20	162	1
197	1676	245	255	165	1012	6
198	1677	253	245	30	0	0
199	1678	256	254	40	0	0
200	1679	253	257	34	527	3
201	1681	246	249	78	0	0
202	1682	258	185	148	204	1
203	1683	259	260	84	162	1
204	1685	261	262	151	0	0
205	1686	262	259	578	162	1
206	1687	247	263	13	162	1
207	1688	263	181	74	204	1
208	1689	181	250	25	0	0
209	1690	264	265	122	1658	10
210	1691	263	44	24	0	0
211	1692	179	266	648	162	1
212	1693	44	265	146	646	4
213	1694	265	180	663	162	1
214	1695	267	268	47	0	0
215	1696	256	242	55	0	0
216	1893	269	270	73	119	1
217	1894	271	272	328	204	1
218	1895	45	273	97	323	2
219	1896	273	179	551	0	0
220	1899	274	275	128	323	2
221	1900	183	182	168	0	0
222	1901	276	277	130	204	1
223	1902	278	279	102	0	0
224	1903	279	280	374	0	0
225	1906	281	158	232	0	0
226	1909	282	283	300	0	0
227	1910	283	157	176	162	1
228	1911	284	285	443	723	2
229	1912	285	286	101	94	1
230	1921	229	287	172	0	0
231	1922	288	289	69	0	0
232	1923	290	291	40	417	3
233	1924	292	293	79	119	1
234	1928	294	295	108	162	1
235	1929	212	296	53	162	1
236	1932	297	298	633	0	0
237	1936	207	299	29	366	2
238	1944	300	301	63	162	1
239	1949	302	303	370	0	0
240	1971	237	304	309	0	0
241	1972	304	305	10	0	0
242	1974	306	307	1374	0	0
243	2003	308	309	125	366	2
244	2007	39	310	450	842	6
245	2016	311	312	26	162	1
246	2032	313	314	67	162	1
247	2033	315	316	688	162	1
248	2034	317	318	148	162	1
249	2053	321	322	130	0	0
250	2055	323	33	263	0	0
251	2056	324	323	299	0	0
252	2079	325	326	143	442	3
253	2110	327	328	41	323	2
254	2168	329	330	65	578	4
255	2177	331	332	475	162	1
256	2178	331	333	434	0	0
257	2184	334	335	82	485	3
258	2185	336	337	37	119	1
259	2198	153	338	71	0	0
260	2201	339	340	254	0	0
261	2211	341	342	90	204	1
262	2238	126	313	9	0	0
263	2242	343	227	1031	0	0
264	2251	344	345	232	0	0
265	2281	346	23	86	646	4
266	2289	47	347	720	162	1
267	2290	347	262	431	0	0
268	2291	46	348	226	162	1
269	2292	348	259	92	162	1
270	2301	349	350	199	0	0
271	2302	350	351	108	0	0
272	2303	352	256	470	1242	7
273	2304	271	307	209	94	1
274	2305	307	352	67	162	1
275	2306	353	354	141	0	0
276	2307	354	355	40	0	0
277	2338	356	357	64	1437	7
278	2339	358	359	43	621	3
279	2340	359	356	37	366	2
280	2341	360	361	110	867	4
281	2342	361	358	73	0	0
282	2343	362	360	157	0	0
283	2345	363	364	41	0	0
284	2346	364	365	66	0	0
285	2347	366	367	32	2244	2
286	2349	363	368	23	0	0
287	2350	368	366	20	162	1
288	2351	369	370	8	0	0
289	2352	370	371	46	663	3
290	2353	372	373	21	162	1
291	2354	373	6	24	884	3
292	2355	372	374	71	0	0
293	2356	374	375	80	204	1
294	2357	376	377	246	0	0
295	2358	319	284	468	0	0
296	2434	378	379	78	1046	7
297	2498	379	380	122	1913	12
298	2504	381	382	179	323	2
299	2571	383	385	35	323	2
300	2685	216	386	174	561	1
301	2731	387	388	95	808	5
302	2814	389	390	45	366	2
303	2858	391	392	84	119	1
304	2859	393	394	123	238	2
305	2860	395	396	103	680	1
306	2861	350	397	84	162	1
307	2862	149	398	179	162	1
308	2863	399	400	76	119	1
309	2878	151	401	136	162	1
310	2879	402	403	99	408	2
311	2881	287	404	294	162	1
312	2882	289	405	112	94	1
313	2883	289	406	176	323	2
314	2885	407	408	111	162	1
315	2886	409	410	71	204	1
316	2887	411	412	74	340	1
317	2892	413	414	83	162	1
318	2904	204	415	78	94	1
319	2911	416	417	35	94	1
320	2940	221	418	121	162	1
321	2951	419	420	119	204	1
322	2954	421	422	139	162	1
323	2957	423	424	363	162	1
324	2970	426	427	302	0	0
325	2971	426	428	281	0	0
326	2972	425	429	254	663	3
327	2976	430	175	549	94	1
328	2989	337	431	371	255	2
329	2999	338	432	220	340	1
330	3001	433	434	102	162	1
331	3002	434	435	282	162	1
332	3004	295	311	57	0	0
333	3005	296	436	88	340	1
334	3006	437	438	98	162	1
335	3007	439	437	119	0	0
336	3008	301	440	103	0	0
337	3010	147	441	68	162	1
338	3011	297	442	138	655	1
339	3012	297	443	131	0	0
340	3062	3	444	65	323	2
341	3063	233	445	98	655	1
342	3067	348	446	80	119	1
343	3068	70	447	258	94	1
344	3072	347	448	70	204	1
345	3089	331	449	39	349	3
346	3098	450	451	135	94	1
347	3101	211	452	68	162	1
348	3102	453	454	247	340	1
349	3105	455	456	56	94	1
350	3128	303	457	337	162	1
351	3129	458	459	85	162	1
352	3130	218	460	68	94	1
353	3131	215	461	167	162	1
354	3143	462	463	78	0	0
355	3151	464	465	454	162	1
356	3210	468	469	145	162	1
357	3211	469	470	32	0	0
358	3214	471	58	60	0	0
359	3215	472	471	210	162	1
360	3216	65	473	629	0	0
361	3217	473	472	163	255	2
362	3218	40	474	161	808	5
363	3219	474	475	139	162	1
364	3221	180	476	108	0	0
365	3222	476	178	29	0	0
366	3277	477	478	150	0	0
367	3278	478	479	213	621	4
368	3279	480	481	216	4234	19
369	3280	481	462	237	3706	18
370	3281	482	483	126	2432	2
371	3282	483	484	50	0	0
372	3300	485	486	180	162	1
373	3309	487	488	287	162	1
374	3310	489	490	310	162	1
375	3311	491	492	176	162	1
376	3312	493	494	140	204	1
377	3315	495	496	163	162	1
378	3358	497	498	171	340	1
379	3389	499	500	174	162	1
380	3391	501	241	32	0	0
381	3392	241	499	170	0	0
382	3423	465	502	84	162	1
383	3424	469	503	96	204	1
384	3515	463	504	127	5653	27
385	3516	505	506	138	7854	6
386	3641	510	511	240	323	2
387	3648	510	512	72	0	0
388	3653	513	306	232	0	0
389	3654	92	391	60	0	0
390	3655	391	90	347	366	2
391	3656	514	515	132	162	1
392	3657	516	517	541	323	2
393	3658	518	395	445	323	2
394	3659	395	195	422	0	0
395	3660	351	393	734	0	0
396	3661	393	196	335	162	1
397	3662	148	409	456	0	0
398	3663	409	189	27	0	0
399	3664	519	188	485	204	1
400	3665	189	520	609	366	2
401	3666	520	407	280	162	1
402	3669	522	523	95	0	0
403	3670	523	524	43	94	1
404	3671	108	292	434	323	2
405	3673	525	413	302	162	1
406	3674	413	526	68	162	1
407	3675	527	528	303	0	0
408	3676	528	529	72	0	0
409	3677	530	531	694	340	1
410	3678	531	532	7	0	0
411	3679	533	94	1233	1939	9
412	3740	279	534	64	162	1
413	3741	285	535	136	162	1
414	3742	283	536	98	162	1
415	3748	323	537	212	162	1
416	3749	474	538	73	162	1
417	3811	346	539	90	323	2
418	3812	321	540	86	162	1
419	3822	309	541	64	162	1
420	3872	528	542	84	119	1
421	3873	543	544	64	204	1
422	3875	157	545	76	162	1
423	3876	281	546	111	162	1
424	3877	340	547	93	162	1
425	3880	548	549	97	162	1
426	3882	550	551	126	323	2
427	3883	552	553	60	94	1
428	3884	306	554	33	204	1
429	3885	305	555	104	204	1
430	3886	304	556	75	119	1
431	3887	520	557	302	162	1
432	3888	293	522	185	0	0
433	3889	558	559	99	162	1
434	3890	560	561	80	204	1
435	3976	320	562	103	0	0
436	3983	563	477	28	0	0
437	3984	477	564	26	0	0
438	3986	77	565	117	162	1
439	4022	566	563	28	0	0
440	4157	567	568	47	663	3
441	4158	567	569	46	204	1
442	4159	570	567	82	689	4
443	4160	570	571	45	417	3
444	4161	572	570	44	485	3
445	4162	371	573	134	646	4
446	4163	208	574	165	1224	8
447	4165	366	573	40	162	1
448	4193	484	68	80	0	0
449	4194	484	575	59	1284	2
450	4195	575	563	191	0	0
451	4204	566	1	228	0	0
452	4241	576	577	794	0	0
453	4242	578	576	253	162	1
454	4291	572	579	171	204	1
455	4298	580	581	34	0	0
456	4361	582	268	52	323	2
457	4362	583	584	83	1284	2
458	4366	585	586	74	442	3
459	4375	587	588	257	0	0
460	4469	589	590	130	0	0
461	4470	590	591	235	255	2
462	4550	434	592	73	0	0
463	4551	592	433	46	0	0
464	4552	433	423	170	0	0
465	4553	419	111	320	0	0
466	4554	419	421	268	0	0
467	4556	174	118	47	162	1
468	4557	593	548	860	1760	12
469	4558	548	594	137	510	4
470	4559	594	595	657	162	1
471	4560	594	596	216	0	0
472	4561	596	416	274	0	0
473	4562	416	343	105	0	0
474	4563	343	597	198	0	0
475	4564	598	147	450	0	0
476	4566	599	552	60	0	0
477	4567	552	600	86	0	0
478	4569	332	333	256	162	1
479	4570	274	332	174	0	0
480	4571	11	269	319	485	3
481	4572	601	602	18	0	0
482	4573	269	274	120	0	0
483	4574	602	603	42	162	1
484	4575	7	604	110	1097	4
485	4576	604	605	4	0	0
486	4580	606	607	55	340	1
487	4581	608	606	82	680	2
488	4582	609	608	41	162	1
489	4583	608	610	34	0	0
490	4585	543	609	112	162	1
491	4586	402	611	244	0	0
492	4587	74	402	157	0	0
493	4588	74	399	425	0	0
494	4589	399	612	496	162	1
495	4590	612	560	267	162	1
496	4591	87	98	792	255	2
497	4596	613	614	149	1463	6
498	4597	614	615	83	969	6
499	4612	616	606	45	0	0
500	4613	617	618	190	366	2
501	4614	618	619	30	0	0
502	4615	620	558	126	0	0
503	4616	558	621	526	0	0
504	4647	310	622	212	162	1
505	4648	472	623	92	162	1
506	4649	624	625	56	162	1
507	4651	272	626	80	162	1
508	4652	627	183	141	0	0
509	4654	40	628	66	162	1
510	4655	471	629	114	340	1
511	4656	345	630	1042	647	4
512	4657	476	631	56	162	1
513	4681	473	632	86	204	1
514	4682	64	633	63	502	2
515	4683	67	634	125	162	1
516	4684	353	635	169	162	1
517	4685	354	636	74	162	1
518	4687	637	638	87	187	2
519	4936	470	640	99	162	1
520	4942	641	642	739	255	2
521	4943	642	643	291	162	1
522	4944	642	644	67	0	0
523	4945	644	261	199	0	0
524	4946	645	644	159	94	1
525	4947	646	647	102	0	0
526	4948	647	648	83	0	0
527	4949	649	647	117	162	1
528	4988	650	651	783	0	0
529	5001	355	82	255	0	0
530	5002	355	652	111	340	1
531	5003	353	653	502	162	1
532	5004	653	654	69	204	1
533	5030	648	4	648	366	2
534	5092	562	34	600	0	0
535	5093	284	655	251	0	0
536	5094	655	280	334	323	2
537	5095	280	282	335	0	0
538	5098	656	377	160	0	0
539	5108	657	527	231	0	0
540	5109	658	495	740	0	0
541	5110	495	657	6	0	0
542	5119	651	659	385	187	2
543	5120	565	660	114	0	0
544	5165	661	662	107	162	1
545	5173	663	664	393	340	1
546	5187	665	666	253	162	1
547	5188	308	667	82	162	1
548	5189	668	669	629	655	1
549	5200	565	670	102	323	2
550	5201	650	671	112	162	1
551	5203	672	660	348	162	1
552	5283	673	674	343	0	0
553	5285	675	676	124	570	3
554	5286	677	678	52	366	2
555	5287	673	676	468	0	0
556	5288	676	678	158	0	0
557	5289	267	679	170	0	0
558	5290	267	680	27	0	0
559	5502	60	475	136	485	3
560	5680	681	682	50	366	2
561	5681	682	683	58	323	2
562	5682	683	684	88	561	4
563	5915	219	685	163	162	1
564	5916	686	687	260	969	6
565	5961	688	13	32	162	1
566	5969	689	690	161	323	2
567	6000	691	692	67	162	1
568	6002	693	694	25	162	1
569	6018	695	696	14	1012	6
570	6020	697	411	281	0	0
571	6024	698	699	37	1003	7
572	6025	698	700	16	162	1
573	6026	131	509	227	0	0
574	6039	701	685	174	162	1
575	6040	702	214	109	94	1
576	6049	687	512	74	485	3
577	6050	216	300	51	162	1
578	6054	214	685	6	0	0
579	6056	703	704	36	485	3
580	6057	705	706	286	417	3
581	6058	707	695	28	323	2
582	6060	580	708	36	646	4
583	6061	709	580	20	162	1
584	6062	710	711	9	0	0
585	6063	712	713	276	0	0
586	6072	714	715	572	349	3
587	6082	14	716	31	323	2
588	6083	15	717	42	323	2
589	6116	701	718	227	0	0
590	6125	600	719	119	162	1
591	6143	521	720	357	162	1
592	6144	721	705	107	757	4
593	6145	705	722	80	0	0
594	6146	722	723	371	255	2
595	6147	724	721	3	0	0
596	6148	724	725	38	323	2
597	6149	726	703	31	162	1
598	6150	703	727	150	1734	11
599	6151	599	728	41	0	0
600	6152	728	362	119	0	0
601	6153	728	729	69	1182	5
602	6154	719	730	348	0	0
603	6166	731	732	32	485	3
604	6167	733	732	36	0	0
605	6168	731	733	26	204	1
606	6170	734	735	20	119	1
607	6171	735	736	783	1216	7
608	6183	686	737	29	162	1
609	6186	521	710	126	255	2
610	6198	35	738	544	0	0
611	6199	739	726	79	850	5
612	6200	740	292	173	323	2
613	6201	741	742	165	94	1
614	6205	694	743	24	485	3
615	6212	732	744	254	323	2
616	6213	744	745	201	94	1
617	6222	746	731	93	162	1
618	6223	747	746	125	0	0
619	6224	371	748	11	0	0
620	6240	749	206	373	162	1
621	6241	749	453	238	0	0
622	6275	738	750	55	162	1
623	6291	689	453	93	0	0
624	6353	734	751	24	204	1
625	6354	751	132	120	417	3
626	6355	751	735	29	0	0
627	6356	752	734	41	162	1
628	6414	329	32	151	740	5
629	6540	753	577	133	162	1
630	6541	754	281	860	0	0
631	6619	755	329	8	0	0
632	6622	753	532	29	0	0
633	6623	674	752	273	689	4
634	6652	26	666	49	0	0
635	6653	666	308	809	1216	7
636	6654	286	668	113	0	0
637	6655	668	664	652	323	2
638	6672	756	757	142	162	1
639	6673	278	758	259	162	1
640	6674	759	760	169	162	1
641	6675	761	762	151	162	1
642	6676	763	578	98	94	1
643	6677	764	765	98	204	1
644	6678	766	767	169	162	1
645	6680	768	769	292	162	1
646	6688	770	771	171	162	1
647	6700	284	772	290	162	1
648	6701	320	773	219	94	1
649	6702	562	774	184	162	1
650	6703	655	775	313	162	1
651	6704	282	776	215	162	1
652	6714	657	777	129	119	1
653	6741	778	779	421	0	0
654	6742	778	780	556	162	1
655	6743	660	779	64	0	0
656	6754	781	34	453	323	2
657	6796	680	583	213	808	5
658	6807	782	766	515	485	3
659	6808	754	533	381	0	0
660	6816	783	784	421	323	2
661	6911	34	25	435	0	0
662	6912	25	324	183	0	0
663	6923	656	339	237	162	1
664	6924	781	658	414	646	4
665	6925	785	754	155	0	0
666	6940	786	543	2120	0	0
667	7029	581	787	40	731	4
668	7058	788	789	80	94	1
669	7100	119	790	91	850	5
670	7101	790	791	39	1012	6
671	7113	792	793	442	162	1
672	7114	792	794	197	2244	2
673	7115	785	786	480	162	1
674	7126	358	795	62	867	4
675	7143	796	797	55	0	0
676	7144	798	796	57	0	0
677	7145	799	800	38	162	1
678	7150	799	681	100	969	6
679	7153	797	800	9	0	0
680	7154	798	797	18	0	0
681	7193	801	802	75	119	1
682	7194	801	803	120	825	4
683	7195	252	325	29	502	2
684	7196	325	244	71	323	2
685	7206	804	805	166	1046	4
686	7207	294	804	9	0	0
687	7208	804	806	31	0	0
688	7216	792	510	267	0	0
689	7259	807	808	391	162	1
690	7265	155	809	1020	94	1
691	7294	810	808	332	0	0
692	7315	308	268	109	323	2
693	7318	377	33	63	0	0
694	7339	239	585	29	485	3
695	7340	585	100	33	162	1
696	7373	736	811	241	0	0
697	7374	316	811	570	0	0
698	7375	811	812	1249	204	1
699	7385	498	650	84	0	0
700	7386	779	498	94	0	0
701	7392	126	813	199	162	1
702	7425	814	387	178	3061	12
703	7426	387	12	8	0	0
704	7427	7	389	34	162	1
705	7428	389	208	38	485	3
706	7460	1	475	9	0	0
707	7461	505	462	19	0	0
708	7474	489	458	118	0	0
709	7475	458	302	370	162	1
710	7477	107	342	9	0	0
711	7478	342	108	305	162	1
712	7479	104	317	342	689	4
713	7634	815	159	395	323	2
714	7872	816	641	234	162	1
715	7886	167	261	341	162	1
716	8161	817	818	145	94	1
717	8162	819	820	261	323	2
718	8169	815	821	435	527	3
719	8170	821	822	264	323	2
720	8171	821	823	420	94	1
721	8190	19	385	32	0	0
722	8191	680	783	96	162	1
723	8192	679	319	46	0	0
724	8222	678	784	47	0	0
725	8223	784	679	534	0	0
726	8232	783	824	73	1871	2
727	8233	825	826	297	162	1
728	8348	316	55	159	646	4
729	8369	827	828	82	808	5
730	8370	828	829	13	0	0
731	8371	829	830	134	485	3
732	8372	830	810	762	0	0
733	8373	831	832	87	323	2
734	8374	833	834	704	578	4
735	8375	208	835	67	0	0
736	8376	835	203	258	0	0
737	8377	8	836	55	162	1
738	8378	836	837	25	162	1
739	8379	838	129	135	162	1
740	8380	839	840	57	808	5
741	8381	840	841	40	323	2
742	8382	841	842	35	0	0
743	8383	842	843	57	808	5
744	8384	844	845	72	162	1
745	8385	845	846	75	0	0
746	8405	683	847	122	2586	15
747	8490	793	848	115	808	5
748	8493	682	849	55	1131	7
749	8496	850	851	14	162	1
750	8497	851	852	8	162	1
751	8513	853	854	12	323	2
752	8514	854	845	42	485	3
753	8515	845	855	34	502	2
754	8516	846	856	34	646	4
755	8531	817	819	31	0	0
756	8532	819	648	144	0	0
757	8566	740	857	129	162	1
758	8567	858	411	124	0	0
759	8568	186	741	429	0	0
760	8569	807	859	47	0	0
761	8570	858	860	497	0	0
762	8572	2	861	77	204	1
763	8573	861	572	109	162	1
764	8574	862	831	93	1624	7
765	8575	827	724	31	646	4
766	8582	832	863	89	204	1
767	8583	863	864	82	0	0
768	8584	864	589	32	162	1
769	8585	589	17	841	0	0
770	8586	865	866	87	927	6
771	8587	866	709	183	2559	15
772	8588	866	707	92	969	6
773	8589	365	865	49	646	4
774	8590	865	861	318	3978	23
775	8591	867	369	29	0	0
776	8592	748	814	61	1947	5
777	8593	868	739	134	2227	12
778	8594	364	726	160	1938	12
779	8595	700	869	32	162	1
780	8596	369	870	61	808	5
781	8597	862	698	79	1641	4
782	8598	864	871	168	2304	14
783	8599	863	872	125	2142	13
784	8600	832	873	119	2143	12
785	8601	874	550	231	1335	8
786	8602	875	829	78	0	0
787	8603	830	875	166	162	1
788	8604	875	721	100	765	5
789	8605	748	828	134	1615	10
790	8608	810	857	700	0	0
791	8609	715	876	287	0	0
792	8610	876	613	489	0	0
793	8611	613	372	54	417	3
794	8612	298	877	215	0	0
795	8613	298	876	742	0	0
796	8614	615	11	138	969	6
797	8615	862	867	22	1472	2
798	8620	837	601	41	162	1
799	8621	603	878	5	0	0
800	8622	878	605	28	323	2
801	8623	206	835	31	0	0
802	8624	878	879	81	808	5
803	8625	603	880	41	485	3
804	8626	601	881	80	765	5
805	8627	837	882	41	1003	3
806	8628	836	883	80	850	5
807	8629	9	884	68	1012	6
808	8630	713	455	567	94	1
809	8631	579	712	258	0	0
810	8632	712	885	5	0	0
811	8633	360	886	60	162	1
812	8634	689	887	521	0	0
813	8638	843	888	35	646	4
814	8639	889	842	34	527	3
815	8640	840	890	36	366	2
816	8641	891	839	36	485	3
817	8643	746	892	46	281	2
818	8654	129	893	93	1344	5
819	8655	855	894	38	689	4
820	8656	854	851	36	0	0
821	8658	747	895	140	162	1
822	8659	895	896	34	0	0
823	8660	896	844	152	0	0
824	8662	508	747	54	0	0
825	8669	509	691	110	0	0
826	8670	895	841	70	0	0
827	8671	841	897	76	323	2
828	8672	897	378	75	162	1
829	8673	898	899	29	0	0
830	8674	899	900	46	1131	7
831	8675	901	378	96	1615	10
832	8676	902	897	97	1267	8
833	8677	897	903	91	1428	9
834	8679	838	904	53	0	0
835	8680	904	905	96	2244	2
836	8682	131	905	200	680	2
837	8683	745	838	88	0	0
838	8684	906	896	21	0	0
839	8685	906	907	99	1182	4
840	8700	908	846	52	485	3
841	8704	684	909	72	162	1
842	8718	365	362	71	0	0
843	8720	867	910	105	323	2
844	8721	910	363	36	0	0
845	8722	599	911	71	1310	1
846	8723	681	14	75	0	0
847	8730	848	912	831	833	6
848	8731	912	796	108	663	3
849	8733	898	913	35	162	1
850	8734	913	914	22	808	5
851	8735	899	915	34	0	0
852	8746	916	806	100	655	1
853	8747	916	227	1905	0	0
854	8748	917	918	36	119	1
855	8749	919	918	78	323	2
856	8780	920	212	126	969	6
857	8781	806	686	72	706	3
858	8788	860	921	167	0	0
859	8789	522	922	20	94	1
860	8811	737	437	24	162	1
861	8816	686	920	65	162	1
862	8825	814	827	17	0	0
863	8826	923	887	189	162	1
864	8827	924	923	286	162	1
865	8828	210	731	344	1777	11
866	8829	925	210	58	162	1
867	8833	917	920	55	162	1
868	8847	375	926	57	808	5
869	8848	10	375	103	162	1
870	8854	927	489	105	0	0
871	8855	440	928	74	561	1
872	8887	929	848	71	655	1
873	8901	831	930	88	969	6
874	8902	930	874	51	731	4
875	8913	846	931	41	162	1
876	8914	931	898	2	0	0
877	8925	915	932	18	323	2
878	8934	742	858	94	0	0
879	8939	859	740	232	0	0
880	8940	720	933	238	0	0
881	8971	300	294	156	765	5
882	8976	934	935	72	94	1
883	8979	32	659	37	0	0
884	8984	859	523	190	0	0
885	8985	921	936	97	94	1
886	8986	933	591	114	0	0
887	8987	933	937	337	162	1
888	8988	730	938	47	204	1
889	8989	723	809	82	0	0
890	8990	809	939	225	162	1
891	8991	808	940	400	323	2
892	8992	711	941	124	255	2
893	8993	165	942	241	162	1
894	8994	942	943	172	162	1
895	8995	860	944	188	94	1
896	8996	205	935	640	706	3
897	8997	205	945	394	94	1
898	8998	885	946	194	0	0
899	8999	946	947	452	162	1
900	9000	946	948	158	162	1
901	9001	450	949	189	94	1
902	9002	333	950	619	0	0
903	9003	950	886	213	0	0
904	9004	950	951	194	162	1
905	9005	443	952	16	162	1
906	9006	615	953	53	162	1
907	9007	953	834	900	1888	5
908	9008	953	954	71	162	1
909	9009	439	955	38	204	1
910	9010	438	956	25	162	1
911	9015	887	957	93	94	1
912	9016	733	923	55	0	0
913	9021	877	958	595	204	1
914	9022	958	959	343	162	1
915	9024	714	960	77	340	1
916	9025	690	961	462	162	1
917	9044	117	927	214	0	0
918	9045	927	962	402	119	1
919	9046	302	217	155	0	0
920	9047	217	963	171	94	1
921	9048	718	964	178	162	1
922	9138	742	965	259	655	1
923	9139	942	750	107	204	1
924	9140	874	738	458	1862	6
925	9141	958	213	96	0	0
926	9143	718	966	90	162	1
927	9147	885	967	69	0	0
928	9148	967	450	30	0	0
929	9149	968	967	85	94	1
930	9152	17	697	241	162	1
931	9292	969	421	250	323	2
932	9312	781	970	96	0	0
933	9313	324	802	23	0	0
934	9314	802	30	125	485	3
935	9315	30	28	22	0	0
936	9316	28	27	29	0	0
937	9317	27	385	26	0	0
938	9318	19	322	151	417	3
939	9319	781	759	723	0	0
940	9320	658	376	197	0	0
941	9321	970	530	1166	1182	4
942	9416	529	971	248	162	1
943	9417	526	527	518	1310	1
944	9418	972	526	851	204	1
945	9419	532	785	106	680	2
946	9448	768	661	103	162	1
947	9449	661	376	93	0	0
948	9455	664	752	9	0	0
949	9479	756	278	114	0	0
950	9481	759	756	152	162	1
951	9482	280	761	176	94	1
952	9483	761	578	160	0	0
953	9484	766	764	110	0	0
954	9486	764	768	238	340	1
955	9492	527	770	475	0	0
956	9493	770	530	702	1071	5
957	9535	63	825	188	162	1
958	9538	755	973	20	527	3
959	9622	611	974	48	0	0
960	9623	975	976	132	0	0
961	9624	977	149	296	0	0
962	9687	978	979	73	408	2
963	9688	85	980	222	0	0
964	9718	124	981	12	162	1
965	9719	122	982	33	162	1
966	9720	982	123	109	502	2
967	9738	983	50	658	502	2
968	9741	260	336	533	323	2
969	9752	134	984	578	281	2
970	9754	985	228	63	323	2
971	9755	985	986	114	646	4
972	9756	985	610	73	850	5
973	9760	125	592	177	0	0
974	9761	175	987	164	0	0
975	9767	493	53	20	0	0
976	9768	974	288	379	0	0
977	9769	988	598	43	162	1
978	9770	597	989	21	323	2
979	9771	86	990	655	204	1
980	9772	491	833	708	0	0
981	9802	229	52	702	0	0
982	9803	991	160	121	0	0
983	9826	992	993	75	3928	3
984	9827	994	290	66	527	3
985	9828	95	994	69	366	2
986	9829	994	995	222	2848	15
987	9830	996	621	492	323	2
988	9839	243	997	495	204	1
989	9840	998	999	153	323	2
990	9841	1000	230	32	0	0
991	9843	168	1001	150	1615	10
992	9844	1002	1003	56	646	4
993	9845	1004	1005	40	162	1
994	9846	120	1006	84	1454	9
995	9847	1007	1008	64	0	0
996	9848	981	1009	476	0	0
997	9849	813	987	197	162	1
998	9850	982	987	82	204	1
999	9851	1010	1011	29	323	2
1000	9852	1012	983	155	0	0
1001	9854	124	122	294	1658	10
1002	9855	1013	1014	117	204	1
1003	9862	1015	1016	213	94	1
1004	9863	466	1017	106	162	1
1005	9864	61	1018	369	0	0
1006	9865	1018	466	227	0	0
1007	9866	1004	113	27	162	1
1008	9867	121	1005	20	162	1
1009	9868	113	121	53	323	2
1010	9869	1011	48	77	646	4
1011	9870	118	1011	10	0	0
1012	9871	174	1013	61	459	3
1013	9872	1013	1007	137	1921	5
1014	9873	1007	593	82	646	4
1015	9874	120	41	10	0	0
1016	9875	992	595	511	0	0
1017	9876	992	616	229	0	0
1018	9877	616	609	3	0	0
1019	9878	168	141	258	1131	7
1020	9879	142	976	259	485	3
1021	9880	141	1002	87	485	3
1022	9881	1002	142	23	0	0
1023	9882	996	187	504	162	1
1024	9883	237	980	69	162	1
1025	9884	980	501	291	740	5
1026	9885	978	238	33	162	1
1027	9886	95	96	16	0	0
1028	9887	100	1019	53	2406	5
1029	9888	1019	995	52	162	1
1030	9889	1020	271	606	723	2
1031	9890	240	1020	280	0	0
1032	9892	637	276	68	0	0
1033	9893	637	252	219	323	2
1034	9894	998	195	160	0	0
1035	9895	998	1021	69	0	0
1036	9897	194	334	34	0	0
1037	9898	588	192	365	323	2
1038	9900	1022	1023	128	162	1
1039	9901	1024	485	251	0	0
1040	9902	485	619	519	323	2
1041	9943	1025	1026	81	162	1
1042	9944	1027	1028	446	604	4
1043	9945	1027	1029	696	94	1
1044	9946	152	1030	572	544	2
1045	9947	1030	71	150	0	0
1046	9950	93	1031	71	162	1
1047	9952	1008	1032	229	561	1
1048	9953	1033	627	240	204	1
1049	9963	986	1034	25	323	2
1050	9964	1035	423	239	162	1
1051	9966	128	381	53	162	1
1052	9967	1036	128	134	162	1
1053	9980	624	1037	153	162	1
1054	9981	178	1038	110	0	0
1055	9982	1038	624	118	0	0
1056	9983	1038	1039	128	340	1
1057	9985	1040	81	331	162	1
1058	9987	80	1041	279	162	1
1059	9988	81	1042	213	0	0
1060	9989	1042	243	263	0	0
1061	9990	1042	1043	87	204	1
1062	9992	276	1044	701	0	0
1063	9993	1044	817	209	0	0
1064	9995	1045	1044	66	502	2
1065	9996	80	517	265	162	1
1066	9997	1046	516	191	94	1
1067	9998	516	514	37	0	0
1068	9999	514	90	348	323	2
1069	10000	197	1047	48	485	3
1070	10001	975	1048	169	323	2
1071	10002	110	493	72	0	0
1072	10004	427	1049	42	162	1
1073	10005	428	1050	22	204	1
1074	10006	51	426	162	162	1
1075	10007	596	1051	140	94	1
1076	10008	381	220	186	0	0
1077	10009	1052	220	250	162	1
1078	10010	288	990	96	0	0
1079	10011	990	1053	183	340	1
1080	10023	170	1054	452	2057	11
1081	10037	991	1055	371	162	1
1082	10038	156	1056	309	0	0
1083	10039	1056	991	44	0	0
1084	10040	1056	1057	143	204	1
1085	10041	176	1058	180	0	0
1086	10042	1059	1058	189	162	1
1087	10043	1058	54	49	0	0
1088	10044	1060	54	176	162	1
1089	10045	89	620	40	0	0
1090	10046	620	1061	159	162	1
1091	10047	89	1062	344	340	1
1092	10048	1062	996	517	204	1
1093	10049	1062	1063	218	162	1
1094	10050	621	513	26	0	0
1095	10051	513	1064	234	408	2
1096	10052	1064	92	183	0	0
1097	10053	1064	1065	260	323	2
1098	10075	997	1066	292	323	2
1099	10076	997	1067	18	0	0
1100	10077	1067	349	485	723	2
1101	10078	1067	1068	276	204	1
1102	10079	501	978	173	1105	7
1103	10080	1069	1000	216	162	1
1104	10081	1070	1069	201	340	1
1105	10082	231	587	285	340	1
1106	10083	1071	231	104	204	1
1107	10084	1072	1073	270	162	1
1108	10085	518	1074	265	162	1
1109	10086	232	1069	494	162	1
1110	10088	351	1075	435	162	1
1111	10089	1073	1076	173	162	1
1112	10090	1076	518	200	0	0
1113	10091	1076	1077	182	162	1
1114	10092	91	1078	68	0	0
1115	10093	1078	1073	12	0	0
1116	10094	1078	1079	134	162	1
1117	10095	53	487	309	0	0
1118	10096	487	1080	446	0	0
1119	10097	1080	136	214	0	0
1120	10098	1080	1081	160	119	1
1121	10099	981	1082	315	646	4
1122	10100	1082	177	812	162	1
1123	10101	1082	1083	240	323	2
1124	10102	593	1015	148	323	2
1125	10103	1015	983	295	281	2
1126	10108	1018	1084	79	162	1
1127	10109	467	251	223	0	0
1128	10110	1085	467	220	204	1
1129	10112	50	1086	204	340	1
1130	10113	175	1004	131	0	0
1131	10114	610	1087	66	323	2
1132	10117	1088	1089	264	162	1
1133	10118	1090	1089	92	162	1
1134	10119	1091	1090	235	162	1
1135	10120	1089	1092	44	0	0
1136	10121	1092	125	543	663	3
1137	10122	1093	1092	251	408	2
1138	10123	187	519	806	0	0
1139	10124	519	1094	337	655	1
1140	10125	977	86	209	162	1
1141	10126	1095	1096	32	0	0
1142	10127	1095	1097	196	162	1
1143	10128	619	1098	446	0	0
1144	10129	1098	88	72	0	0
1145	10130	1098	1099	187	323	2
1146	10131	97	617	23	0	0
1147	10132	617	1100	60	366	2
1148	10133	188	1022	307	0	0
1149	10134	1022	1096	324	162	1
1150	10140	1024	1101	197	323	2
1151	10141	1101	1095	159	0	0
1152	10142	1101	1102	249	162	1
1153	10143	1103	258	233	0	0
1154	10144	1103	1104	240	162	1
1155	10151	1105	1103	364	0	0
1156	10152	1105	1106	259	162	1
1157	10153	46	1107	83	162	1
1158	10154	235	1105	81	0	0
1159	10155	235	1108	63	1310	1
1160	10156	107	327	38	281	2
1161	10157	327	104	31	323	2
1162	10158	1021	1109	646	323	2
1163	10159	1109	186	999	0	0
1164	10160	1109	1110	243	162	1
1165	10161	1028	134	82	119	1
1166	10162	1028	1111	196	94	1
1167	10163	974	1112	426	0	0
1168	10164	1112	143	678	323	2
1169	10165	1112	1113	202	162	1
1170	10166	611	1114	174	94	1
1171	10168	976	1027	96	0	0
1172	10172	1030	1115	24	162	1
1173	10173	491	140	101	162	1
1174	10174	232	1116	135	816	2
1175	10175	1117	612	381	655	1
1176	10180	517	1118	124	162	1
1177	10181	51	1119	84	162	1
1178	10182	51	1120	124	162	1
1179	10183	1012	1121	335	162	1
1180	10184	1012	1122	245	94	1
1181	10185	977	1123	119	204	1
1182	10186	977	1124	196	561	1
1183	10187	1009	1025	154	162	1
1184	10199	344	182	68	162	1
1185	10675	639	646	253	323	2
1186	10676	822	653	158	0	0
1187	10677	653	66	356	663	3
1188	10678	646	1125	16	0	0
1189	10679	1125	1126	302	323	2
1190	10680	816	1127	110	672	5
1191	10688	816	1128	221	578	4
1192	10691	468	641	142	162	1
1193	10692	641	266	145	0	0
1194	10802	564	507	8	0	0
1195	10803	507	566	18	0	0
1196	10805	1129	505	48	0	0
1197	10807	564	1129	178	0	0
1198	10813	463	480	11	0	0
1199	-3	706	722	1	0	0
1200	-4	54	425	75	0	0
1201	-6	103	230	640	0	0
1202	-7	203	205	231	0	0
1203	-10	260	465	636	0	0
1204	-12	320	319	535	0	0
1205	-14	232	334	733	0	0
1206	-15	466	467	278	0	0
1207	-17	508	509	190	0	0
1208	-18	407	521	550	0	0
1209	-19	65	639	937	0	0
1210	-20	673	825	161	0	0
1211	-22	693	508	499	0	0
1212	-27	788	798	51	0	0
1213	-29	714	789	647	0	0
1214	-31	87	560	184	0	0
1215	-32	813	123	204	0	0
1216	-33	1129	507	182	0	0
1217	2570	1130	384	135	485	3
1218	-34	383	384	2	0	0
1219	-35	383	1130	1	0	0
END
-----------------------------------------
InputUsedToGenerateTheGraph:
County:	SkanderborgOdder
CenterNodeId:	1416
Radius:	7600
HouseTypes:	Normal	Summer	Apartment
NumberOfWasteFractions: 1
IntervalsForWasteFraction:	general	2.333333	3.5	7.0	14.0	28.0
-----------------------------------------


