ProblemType:	CARP
NumberNodes:	1587
NumberEdges:	1950
DepotNodeNumber:	1246
NumberOfFractions:	1
NumberOfIntervalsForFraction	General_Glass_Metal_Plastic_Organic	1	14
GRAPH
EdgeNumber	EdgeId	StartNodeNumber	EndNodeNumber	Cost	Demand_0	Bins_0
START
0	14	2	3	337	94	1
1	15	3	4	287	425	4
2	16	5	6	294	187	2
3	17	7	8	260	714	5
4	18	9	10	315	306	3
5	19	10	11	213	714	5
6	63	12	13	71	0	0
7	65	12	14	212	0	0
8	80	15	16	153	0	0
9	81	15	17	175	119	1
10	87	18	19	44	0	0
11	88	19	20	91	0	0
12	89	21	22	41	94	1
13	90	23	24	108	0	0
14	91	24	25	469	374	4
15	92	26	27	25	94	1
16	93	28	29	32	298	2
17	94	29	30	166	119	1
18	95	31	32	89	213	2
19	96	32	33	35	119	1
20	97	34	35	8	0	0
21	98	35	36	67	0	0
22	99	37	38	267	0	0
23	150	7	6	46	0	0
24	160	43	44	8	0	0
25	191	47	48	53	187	2
26	193	49	50	107	0	0
27	201	52	53	77	0	0
28	203	52	54	29	0	0
29	206	55	56	27	213	2
30	207	56	57	58	0	0
31	213	61	62	425	94	1
32	214	63	64	611	0	0
33	215	65	66	375	0	0
34	216	65	67	1288	0	0
35	220	68	69	166	0	0
36	224	70	71	934	0	0
37	227	20	72	117	0	0
38	228	73	18	33	0	0
39	230	75	76	15	0	0
40	239	77	65	2383	0	0
41	240	78	79	52	0	0
42	242	80	81	54	0	0
43	243	81	82	4	0	0
44	248	84	85	72	94	1
45	263	74	89	56	94	1
46	264	89	57	5	0	0
47	271	90	91	402	94	1
48	316	94	95	136	119	1
49	331	96	42	579	0	0
50	351	98	99	65	94	1
51	352	99	100	49	0	0
52	353	42	101	118	0	0
53	354	17	102	68	0	0
54	412	103	104	48	94	1
55	432	105	106	29	187	2
56	433	106	107	139	0	0
57	446	110	111	240	187	2
58	450	114	115	292	119	1
59	465	118	119	35	204	1
60	467	120	121	53	119	1
61	499	123	124	171	0	0
62	512	125	126	247	374	4
63	514	127	128	5	0	0
64	515	128	129	105	0	0
65	516	130	131	19	94	1
66	517	131	132	5	94	1
67	554	133	134	48	0	0
68	670	87	139	33	94	1
69	717	140	141	296	0	0
70	730	142	143	81	0	0
71	761	144	145	55	94	1
72	796	147	148	24	0	0
73	797	148	149	91	187	2
74	798	150	151	45	544	2
75	807	151	152	326	391	3
76	823	153	154	194	0	0
77	825	155	156	38	0	0
78	826	156	157	5	94	1
79	829	158	159	68	0	0
80	875	160	161	29	119	1
81	876	161	162	35	0	0
82	1000	175	176	51	0	0
83	1001	176	177	92	187	2
84	1002	125	178	23	0	0
85	1003	178	179	142	0	0
86	1004	180	181	292	765	7
87	1005	181	182	49	94	1
88	1022	184	185	72	0	0
89	1024	186	187	237	0	0
90	1025	186	26	139	374	4
91	1026	188	101	166	187	2
92	1027	189	190	130	391	3
93	1028	191	192	32	451	4
94	1029	193	194	165	281	3
95	1030	194	43	155	119	1
96	1033	195	196	307	0	0
97	1035	197	195	144	0	0
98	1036	102	198	6	0	0
99	1037	198	199	48	213	2
100	1089	205	206	205	281	3
101	1090	206	207	99	298	2
102	1091	208	209	353	468	5
103	1092	209	210	179	493	5
104	1166	63	212	493	0	0
105	1192	210	213	179	94	1
106	1194	214	215	200	94	1
107	1195	216	217	39	298	2
108	1197	218	219	114	213	2
109	1198	220	221	42	94	1
110	1199	222	223	25	204	1
111	1202	225	226	38	459	2
112	1203	227	228	36	94	1
113	1216	231	23	38	0	0
114	1217	18	20	125	0	0
115	1225	232	233	157	655	7
116	1227	79	234	132	374	4
117	1228	235	236	39	281	3
118	1230	31	237	101	281	3
119	1233	84	238	55	119	1
120	1235	239	240	33	94	1
121	1239	241	242	156	536	4
122	1244	243	244	130	94	1
123	1245	245	246	755	561	6
124	1247	247	248	55	94	1
125	1248	249	250	40	0	0
126	1262	251	252	30	94	1
127	1274	253	254	1466	0	0
128	1275	171	255	555	0	0
129	1276	255	256	667	0	0
130	1277	171	257	725	0	0
131	1279	259	256	131	0	0
132	1290	260	40	737	0	0
133	1293	261	262	104	0	0
134	1297	263	264	321	0	0
135	1298	264	265	192	0	0
136	1300	265	266	9	0	0
137	1301	266	262	69	0	0
138	1306	268	269	31	0	0
139	1308	93	270	247	0	0
140	1311	261	266	60	0	0
141	1314	265	255	2044	0	0
142	1320	259	271	919	204	1
143	1322	272	256	2414	0	0
144	1334	273	274	44	0	0
145	1340	275	276	138	0	0
146	1346	277	275	60	0	0
147	1347	275	278	603	0	0
148	1348	279	277	343	0	0
149	1349	277	280	275	0	0
150	1351	278	279	389	0	0
151	1355	280	276	162	0	0
152	1362	281	282	909	0	0
153	1364	283	284	49	94	1
154	1366	285	286	68	94	1
155	1367	287	288	45	94	1
156	1368	289	290	37	187	2
157	1369	291	292	46	400	4
158	1371	293	294	43	94	1
159	1374	295	296	33	94	1
160	1378	297	298	201	0	0
161	1379	298	299	206	94	1
162	1380	300	301	34	94	1
163	1381	302	298	37	0	0
164	1382	303	304	1202	0	0
165	1383	303	305	501	0	0
166	1385	306	307	132	281	3
167	1387	300	302	49	0	0
168	1388	302	308	84	94	1
169	1391	310	291	65	187	2
170	1392	291	307	78	94	1
171	1393	307	302	108	187	2
172	1394	297	293	44	0	0
173	1395	311	312	49	94	1
174	1396	313	311	114	0	0
175	1397	314	315	45	0	0
176	1398	315	313	34	204	1
177	1399	316	52	99	281	3
178	1416	187	317	82	119	1
179	1417	317	318	108	0	0
180	1457	321	322	29	94	1
181	1462	323	324	79	0	0
182	1463	325	323	16	0	0
183	1464	323	326	69	0	0
184	1465	327	328	187	1420	9
185	1466	329	330	221	0	0
186	1467	331	332	38	0	0
187	1468	332	333	80	119	1
188	1469	333	334	77	94	1
189	1470	334	335	75	595	4
190	1471	335	336	23	0	0
191	1472	337	338	346	1131	11
192	1473	339	340	406	1522	14
193	1474	341	205	160	281	3
194	1475	332	342	63	187	2
195	1476	343	325	45	0	0
196	1477	344	326	69	0	0
197	1478	333	345	58	94	1
198	1479	334	346	57	187	2
199	1480	335	347	31	0	0
200	1497	350	351	105	94	1
201	1499	352	353	602	0	0
202	1501	354	355	53	94	1
203	1502	356	357	74	374	4
204	1503	358	350	9	0	0
205	1504	208	359	30	0	0
206	1505	359	341	63	0	0
207	1506	339	337	81	0	0
208	1507	337	331	82	0	0
209	1508	331	330	97	0	0
210	1509	330	328	58	0	0
211	1510	328	343	158	0	0
212	1511	343	93	237	0	0
213	1512	358	352	302	0	0
214	1513	351	360	22	213	2
215	1514	356	361	89	306	3
216	1515	354	362	40	281	3
217	1516	354	363	55	94	1
218	1538	367	368	172	0	0
219	1547	368	369	173	0	0
220	1555	370	371	14	0	0
221	1557	370	70	15	0	0
222	1570	146	372	1564	0	0
223	1589	69	373	161	0	0
224	1674	377	378	56	187	2
225	1704	379	91	992	0	0
226	1708	62	212	1721	0	0
227	1717	380	249	50	0	0
228	1718	249	381	41	0	0
229	1719	382	250	40	0	0
230	1720	250	380	67	0	0
231	1743	384	385	196	468	5
232	1746	386	283	231	119	1
233	1747	387	388	58	0	0
234	1748	388	389	52	0	0
235	1749	390	391	37	0	0
236	1750	392	390	64	94	1
237	1757	267	263	311	0	0
238	1759	288	286	73	0	0
239	1760	286	306	22	94	1
240	1762	394	395	139	374	4
241	1764	396	397	44	281	3
242	1765	389	398	583	0	0
243	1804	399	400	1430	0	0
244	1812	401	402	95	0	0
245	1813	403	81	42	187	2
246	1816	404	80	141	485	4
247	1825	405	406	39	204	1
248	1835	216	354	90	94	1
249	1942	409	410	28	94	1
250	1943	411	412	79	281	3
251	1944	410	413	151	468	5
252	1946	414	409	45	0	0
253	1957	415	324	37	0	0
254	1958	416	417	78	187	2
255	1959	417	415	67	94	1
256	1962	418	419	37	0	0
257	1963	419	420	155	0	0
258	1976	421	422	72	94	1
259	1980	423	424	291	655	5
260	2086	140	429	276	0	0
261	2087	140	305	432	0	0
262	2088	398	141	15	0	0
263	2089	141	429	187	0	0
264	2094	87	172	59	0	0
265	2116	431	432	90	213	2
266	2118	433	14	34	0	0
267	2128	435	436	51	0	0
268	2129	436	437	131	94	1
269	2130	438	439	55	94	1
270	2131	439	440	138	714	5
271	2146	442	443	95	0	0
272	2150	444	445	973	0	0
273	2225	446	163	723	0	0
274	2277	447	90	1449	0	0
275	2291	237	34	152	468	5
276	2292	237	448	39	0	0
277	2293	449	450	94	425	4
278	2385	160	451	45	281	3
279	2386	452	453	44	94	1
280	2428	455	456	152	0	0
281	2430	457	455	99	0	0
282	2431	457	456	151	0	0
283	2457	459	460	20	0	0
284	2458	461	462	17	0	0
285	2470	465	466	8	0	0
286	2486	467	468	149	0	0
287	2488	469	470	193	0	0
288	2489	470	468	60	0	0
289	2492	467	469	224	0	0
290	2524	471	472	1287	0	0
291	2525	471	473	43	0	0
292	2532	475	476	14	0	0
293	2534	477	478	20	0	0
294	2597	481	482	188	0	0
295	2615	483	484	184	0	0
296	2616	485	486	31	94	1
297	2617	487	488	370	0	0
298	2618	489	490	344	0	0
299	2624	491	482	106	0	0
300	2631	492	491	66	0	0
301	2660	472	493	239	0	0
302	2664	95	494	43	94	1
303	2686	497	484	53	0	0
304	2688	483	497	153	0	0
305	2689	488	490	46	0	0
306	2691	498	499	51	0	0
307	2692	500	501	255	697	6
308	2693	501	502	98	187	2
309	2694	503	504	206	281	3
310	2713	506	507	379	187	2
311	2716	502	508	48	0	0
312	2717	508	509	127	374	4
313	2718	63	510	625	0	0
314	2721	511	512	127	0	0
315	2724	500	513	99	0	0
316	2725	513	159	111	187	2
317	2726	508	514	102	187	2
318	2727	515	516	373	731	7
319	2729	517	518	113	94	1
320	2730	519	520	84	187	2
321	2731	521	522	74	0	0
322	2732	523	524	372	969	8
323	2733	523	521	93	0	0
324	2734	525	526	41	0	0
325	2735	527	528	65	0	0
326	2754	529	530	148	374	4
327	2755	218	529	69	94	1
328	2756	531	530	34	0	0
329	2760	91	532	578	0	0
330	2763	533	513	119	281	3
331	2764	499	534	151	468	5
332	2765	485	535	265	578	5
333	2839	537	538	92	0	0
334	2868	540	257	448	0	0
335	2875	541	542	162	0	0
336	2885	542	544	39	0	0
337	2888	543	542	21	0	0
338	2891	545	211	76	0	0
339	2892	211	546	39	0	0
340	2893	546	258	68	0	0
341	2898	547	544	32	0	0
342	2929	549	550	92	0	0
343	2930	549	551	67	0	0
344	2943	224	553	155	0	0
345	2960	97	539	42	0	0
346	2961	539	553	67	0	0
347	2976	536	555	28	0	0
348	2977	555	554	22	0	0
349	2995	282	556	61	94	1
350	3059	557	558	432	0	0
351	3060	558	559	730	0	0
352	3061	560	558	887	0	0
353	3083	560	554	699	0	0
354	3124	538	563	224	0	0
355	3155	168	375	110	0	0
356	3156	564	567	176	0	0
357	3203	260	274	878	0	0
358	3238	571	572	797	0	0
359	3240	570	573	714	0	0
360	3242	572	574	647	0	0
361	3244	575	365	1543	0	0
362	3261	576	577	374	94	1
363	3262	577	578	46	0	0
364	3265	578	579	9	0	0
365	3267	580	581	36	94	1
366	3270	582	583	126	204	1
367	3271	584	585	40	187	2
368	3272	583	586	83	94	1
369	3273	583	587	62	94	1
370	3274	416	588	56	187	2
371	3297	561	589	27	94	1
372	3299	590	591	48	94	1
373	3318	564	568	182	0	0
374	3326	594	593	280	0	0
375	3334	170	574	5	0	0
376	3335	574	571	966	0	0
377	3350	289	596	91	94	1
378	3351	596	288	142	281	3
379	3360	243	598	36	298	2
380	3361	599	600	68	0	0
381	3362	600	601	65	357	3
382	3363	601	602	90	0	0
383	3364	603	604	140	0	0
384	3365	605	606	57	298	2
385	3366	606	599	137	281	3
386	3367	606	607	30	94	1
387	3425	610	611	19	0	0
388	3434	612	300	78	94	1
389	3435	306	612	104	0	0
390	3436	310	289	73	94	1
391	3438	313	613	125	187	2
392	3439	613	295	66	0	0
393	3467	617	618	18	204	1
394	3469	620	380	82	0	0
395	3470	381	382	60	0	0
396	3473	282	621	107	0	0
397	3483	622	591	45	0	0
398	3484	591	387	587	0	0
399	3485	623	624	101	187	2
400	3486	624	625	40	94	1
401	3487	626	627	156	485	4
402	3489	628	629	216	213	2
403	3490	629	630	38	0	0
404	3491	628	631	113	119	1
405	3494	632	628	111	213	2
406	3649	633	637	351	94	1
407	3650	637	638	418	0	0
408	3658	546	545	114	0	0
409	3659	551	550	143	0	0
410	3660	264	269	173	0	0
411	3664	639	640	35	119	1
412	3666	293	311	36	119	1
413	3667	309	297	50	94	1
414	3668	314	309	65	94	1
415	3669	283	314	163	0	0
416	3672	641	642	59	94	1
417	3673	643	644	6	0	0
418	3674	645	646	39	187	2
419	3675	644	645	96	0	0
420	3676	647	648	50	417	3
421	3678	649	650	34	94	1
422	3680	651	652	42	187	2
423	3681	653	654	63	94	1
424	3682	655	643	246	808	6
425	3683	656	623	186	187	2
426	3684	657	658	132	391	3
427	3685	659	660	22	0	0
428	3686	659	661	194	187	2
429	3687	662	660	171	187	2
430	3688	660	663	48	0	0
431	3690	664	665	98	94	1
432	3691	665	666	245	400	4
433	3692	666	630	3	0	0
434	3694	667	668	5	0	0
435	3696	669	618	67	0	0
436	3697	668	670	172	400	4
437	3698	671	672	643	1267	10
438	3699	344	673	82	187	2
439	3700	674	675	81	119	1
440	3701	676	677	33	0	0
441	3702	676	675	69	94	1
442	3703	582	678	32	0	0
443	3715	679	557	250	94	1
444	3723	169	565	1205	0	0
445	3730	680	270	37	0	0
446	3731	344	325	157	621	4
447	3732	681	359	85	374	4
448	3740	682	683	65	374	4
449	3741	355	683	50	94	1
450	3742	683	684	72	400	4
451	3743	683	356	103	187	2
452	3752	592	686	82	0	0
453	3753	686	245	98	0	0
454	3754	687	686	91	0	0
455	3756	599	437	106	0	0
456	3758	688	689	182	400	4
457	3759	632	689	76	0	0
458	3760	689	665	75	94	1
459	3764	690	651	40	0	0
460	3765	691	394	174	374	4
461	3766	691	653	126	298	2
462	3767	664	666	123	94	1
463	3775	602	595	532	94	1
464	3776	677	584	150	536	4
465	3777	677	693	44	94	1
466	3778	678	676	56	0	0
467	3779	584	678	69	0	0
468	3995	699	700	53	0	0
469	3997	701	702	45	204	1
470	4089	419	707	51	204	1
471	4128	708	477	297	0	0
472	4130	696	697	204	0	0
473	4136	696	477	77	0	0
474	4143	147	709	70	0	0
475	4144	709	710	87	94	1
476	4171	476	708	274	0	0
477	4187	454	428	9	0	0
478	4188	428	615	17	0	0
479	4223	253	40	32	0	0
480	4270	707	706	78	0	0
481	4271	705	716	66	0	0
482	4272	716	419	76	0	0
483	4274	703	418	48	0	0
484	4275	418	704	39	0	0
485	4276	717	718	114	94	1
486	4277	718	503	20	0	0
487	4278	719	720	18	0	0
488	4280	719	721	128	94	1
489	4281	722	720	79	0	0
490	4282	723	724	40	0	0
491	4283	725	726	337	468	5
492	4285	724	727	154	468	5
493	4286	728	729	79	306	3
494	4288	730	731	123	485	4
495	4289	720	732	98	0	0
496	4318	736	737	9	0	0
497	4319	737	738	73	94	1
498	4336	373	68	100	0	0
499	4339	30	740	326	281	3
500	4345	739	1	342	0	0
501	4347	742	743	79	0	0
502	4366	472	444	1076	0	0
503	4389	603	744	31	204	1
504	4391	436	687	256	0	0
505	4395	745	587	131	94	1
506	4396	746	747	44	94	1
507	4401	748	749	58	94	1
508	4417	733	71	1277	0	0
509	4441	358	747	47	0	0
510	4442	747	216	4	0	0
511	4443	675	745	86	298	2
512	4444	745	582	64	0	0
513	4501	754	755	113	0	0
514	4536	758	759	110	0	0
515	4537	758	760	126	0	0
516	4596	761	762	98	408	2
517	4636	764	765	44	94	1
518	4701	767	768	554	0	0
519	4702	769	770	23	0	0
520	4704	8	771	107	213	2
521	4705	771	772	65	0	0
522	4706	773	774	133	94	1
523	4707	775	776	169	0	0
524	4708	777	778	174	213	2
525	4709	779	780	66	0	0
526	4710	699	781	158	119	1
527	4748	784	785	178	0	0
528	4749	785	786	36	0	0
529	4750	786	787	118	0	0
530	4751	787	788	87	0	0
531	4831	792	793	1268	0	0
532	4840	794	795	131	0	0
533	4875	796	797	380	0	0
534	4903	799	800	35	281	3
535	4904	801	802	55	213	2
536	4925	803	804	75	94	1
537	4926	804	805	24	0	0
538	4927	805	806	37	94	1
539	4928	806	807	86	119	1
540	4929	808	809	92	94	1
541	4930	810	811	67	0	0
542	4931	810	812	45	391	3
543	4932	813	814	118	391	3
544	4933	814	805	153	281	3
545	4934	815	816	64	374	4
546	4951	783	817	140	0	0
547	4952	817	818	374	0	0
548	4953	818	819	406	0	0
549	4954	320	819	325	0	0
550	4964	820	821	504	0	0
551	4970	784	786	217	0	0
552	4971	785	787	157	0	0
553	4972	149	822	33	0	0
554	4973	823	111	86	187	2
555	4974	159	420	34	94	1
556	4975	534	500	72	0	0
557	4976	514	824	140	374	4
558	4977	824	147	10	0	0
559	4978	825	826	164	0	0
560	4979	534	47	86	213	2
561	4980	47	827	46	94	1
562	4981	825	498	96	0	0
563	4982	828	822	49	0	0
564	4985	829	153	81	0	0
565	4986	154	830	56	0	0
566	4987	830	434	137	0	0
567	4988	831	832	55	0	0
568	4991	833	834	74	94	1
569	4992	834	835	81	94	1
570	4993	835	836	81	94	1
571	4994	836	154	75	0	0
572	4995	837	483	145	0	0
573	5013	838	728	47	0	0
574	5014	728	839	92	187	2
575	5015	839	840	87	0	0
576	5016	841	842	103	0	0
577	5017	843	844	147	0	0
578	5018	844	845	9	204	1
579	5019	845	846	76	204	1
580	5020	847	848	67	0	0
581	5021	848	849	76	0	0
582	5022	850	846	70	0	0
583	5023	851	523	206	969	6
584	5024	852	722	97	0	0
585	5025	853	854	110	374	4
586	5026	721	855	110	187	2
587	5027	722	856	142	485	4
588	5029	843	857	98	0	0
589	5030	857	152	49	0	0
590	5031	858	522	208	0	0
591	5032	522	859	7	0	0
592	5033	859	852	42	0	0
593	5034	855	860	91	187	2
594	5055	67	862	790	0	0
595	5056	863	96	1145	0	0
596	5058	864	863	257	0	0
597	5060	64	865	188	0	0
598	5062	831	866	371	0	0
599	5063	867	868	47	281	3
600	5067	869	870	54	94	1
601	5068	871	872	70	0	0
602	5069	873	874	147	0	0
603	5070	875	876	41	187	2
604	5084	100	220	35	0	0
605	5085	220	877	8	0	0
606	5086	878	869	31	0	0
607	5087	869	879	20	0	0
608	5088	879	880	152	485	4
609	5089	880	871	15	0	0
610	5090	871	881	44	0	0
611	5092	880	882	33	0	0
612	5093	881	730	41	0	0
613	5094	866	883	99	94	1
614	5095	883	884	78	94	1
615	5097	885	886	65	94	1
616	5098	886	887	135	298	2
617	5099	98	888	78	0	0
618	5100	884	867	94	0	0
619	5101	867	889	60	0	0
620	5102	219	890	29	94	1
621	5103	891	892	59	434	2
622	5104	882	893	144	468	5
623	5106	894	726	123	0	0
624	5107	894	895	163	0	0
625	5125	896	897	18	0	0
626	5126	897	898	74	0	0
627	5127	898	899	11	0	0
628	5128	899	900	83	0	0
629	5129	900	80	26	0	0
630	5130	901	896	91	187	2
631	5131	740	902	21	0	0
632	5132	903	897	70	187	2
633	5133	899	904	65	204	1
634	5134	905	186	73	0	0
635	5135	402	906	58	0	0
636	5136	907	402	205	986	7
637	5137	316	908	73	0	0
638	5138	909	235	231	612	6
639	5139	910	902	78	298	2
640	5140	911	912	40	94	1
641	5143	913	914	67	0	0
642	5144	913	54	22	0	0
643	5165	917	918	32	0	0
644	5166	918	12	57	0	0
645	5180	807	921	96	281	3
646	5181	806	922	93	94	1
647	5182	804	923	93	281	3
648	5183	924	925	94	281	3
649	5184	926	927	66	281	3
650	5185	928	929	71	468	5
651	5186	163	930	194	0	0
652	5188	930	931	631	0	0
653	5189	164	928	27	0	0
654	5190	928	932	128	0	0
655	5191	932	933	206	0	0
656	5192	931	934	136	0	0
657	5193	934	813	104	94	1
658	5194	935	801	57	0	0
659	5195	801	799	88	94	1
660	5196	932	926	79	94	1
661	5197	926	924	86	94	1
662	5198	924	803	10	0	0
663	5207	507	25	107	0	0
664	5210	936	937	203	0	0
665	5211	937	201	47	0	0
666	5212	201	938	134	119	1
667	5213	939	940	90	94	1
668	5215	941	942	65	0	0
669	5216	943	944	76	0	0
670	5217	944	942	104	0	0
671	5218	36	232	26	94	1
672	5219	945	946	117	94	1
673	5220	947	948	71	298	2
674	5221	948	189	68	204	1
675	5222	189	949	42	0	0
676	5223	945	950	90	0	0
677	5224	950	22	41	204	1
678	5225	951	952	14	0	0
679	5226	952	953	61	0	0
680	5238	463	462	14	0	0
681	5239	459	955	13	0	0
682	5242	463	461	15	0	0
683	5243	460	955	20	0	0
684	5246	182	957	32	0	0
685	5247	957	197	82	0	0
686	5249	183	958	21	0	0
687	5250	958	127	84	0	0
688	5251	958	959	101	119	1
689	5252	129	75	63	213	2
690	5253	123	960	43	0	0
691	5254	960	450	45	0	0
692	5255	450	961	36	0	0
693	5256	962	963	101	306	3
694	5257	964	965	61	187	2
695	5258	966	960	67	213	2
696	5260	967	968	104	595	4
697	5261	969	970	100	417	3
698	5262	971	972	28	187	2
699	5264	973	974	72	0	0
700	5265	838	975	70	94	1
701	5266	976	889	79	187	2
702	5267	889	977	39	187	2
703	5269	848	978	48	298	2
704	5270	844	979	56	306	3
705	5271	980	981	40	0	0
706	5272	982	980	84	323	2
707	5273	980	974	27	94	1
708	5275	829	710	134	94	1
709	5276	982	983	72	0	0
710	5277	983	984	41	187	2
711	5278	985	986	80	391	3
712	5279	987	988	76	94	1
713	5280	988	973	184	281	3
714	5281	973	983	116	374	4
715	5282	989	986	13	94	1
716	5283	986	976	8	0	0
717	5284	976	984	62	0	0
718	5285	984	838	37	94	1
719	5291	863	77	874	0	0
720	5298	447	990	542	0	0
721	5301	447	991	1211	0	0
722	5303	860	714	108	0	0
723	5305	723	881	276	0	0
724	5306	723	992	108	0	0
725	5307	992	993	71	0	0
726	5308	992	994	39	0	0
727	5309	994	995	58	0	0
728	5310	715	996	74	0	0
729	5311	996	736	267	561	6
730	5320	862	117	579	0	0
731	5321	997	68	352	0	0
732	5322	997	117	104	0	0
733	5324	998	126	364	0	0
734	5325	85	999	96	281	3
735	5326	37	1000	120	0	0
736	5327	1001	1002	68	578	5
737	5329	1003	1004	10	0	0
738	5330	1005	1006	13	0	0
739	5331	185	235	75	204	1
740	5332	1007	909	52	119	1
741	5333	1008	53	69	187	2
742	5334	1009	1010	65	0	0
743	5335	1011	1012	49	94	1
744	5336	1013	1014	86	94	1
745	5337	883	1014	106	0	0
746	5338	1014	989	25	94	1
747	5339	1015	1016	57	0	0
748	5340	1017	1016	80	0	0
749	5341	752	1018	98	94	1
750	5342	1018	1017	28	0	0
751	5343	1017	849	27	94	1
752	5344	1018	1019	42	0	0
753	5345	1019	1020	65	204	1
754	5346	1021	873	219	187	2
755	5347	885	1022	185	374	4
756	5348	1022	1023	64	187	2
757	5349	1023	1024	80	0	0
758	5350	1025	1026	102	94	1
759	5351	1027	1025	130	0	0
760	5352	1027	1028	78	298	2
761	5353	1029	1030	110	298	2
762	5354	1030	1031	54	374	4
763	5357	887	1029	138	187	2
764	5358	1029	1032	89	0	0
765	5359	1032	1011	44	0	0
766	5360	1011	875	67	408	2
767	5361	875	1033	75	119	1
768	5362	872	1034	143	468	5
769	5363	1035	202	14	0	0
770	5364	1035	179	16	0	0
771	5365	998	1035	7	0	0
772	5366	127	1036	163	391	3
773	5367	193	239	52	0	0
774	5368	239	962	45	94	1
775	5369	961	962	54	0	0
776	5370	44	1037	126	391	3
777	5371	1038	1039	101	187	2
778	5372	970	242	11	0	0
779	5387	38	373	137	0	0
780	5388	38	1040	122	0	0
781	5389	1040	1041	216	0	0
782	5390	1041	78	62	0	0
783	5392	1040	910	196	0	0
784	5402	712	72	39	0	0
785	5405	1043	1044	17	0	0
786	5406	1044	506	86	94	1
787	5407	506	941	108	94	1
788	5408	1009	941	44	0	0
789	5409	942	1010	56	0	0
790	5425	1046	1047	90	391	3
791	5426	1048	1049	375	1471	11
792	5427	515	1050	100	0	0
793	5428	1050	1051	85	0	0
794	5429	949	231	92	94	1
795	5430	946	432	79	0	0
796	5431	432	947	151	0	0
797	5432	1052	1053	89	187	2
798	5433	22	951	47	94	1
799	5434	1054	953	52	0	0
800	5435	1055	1054	55	187	2
801	5436	1054	1056	252	442	3
802	5437	54	96	320	94	1
803	5438	911	1008	90	119	1
804	5439	184	911	11	0	0
805	5440	908	909	11	0	0
806	5441	908	1057	35	94	1
807	5442	900	1058	86	281	3
808	5445	918	919	210	0	0
809	5456	952	1060	32	204	1
810	5457	938	939	74	0	0
811	5459	948	1056	62	0	0
812	5469	1061	34	82	0	0
813	5470	914	1062	307	561	6
814	5471	1063	913	335	374	4
815	5472	1064	129	93	187	2
816	5475	947	1051	66	0	0
817	5476	515	1065	41	119	1
818	5477	1049	1066	66	0	0
819	5478	1066	101	97	94	1
820	5479	1066	1067	387	468	5
821	5481	101	1068	84	0	0
822	5482	1068	1063	10	0	0
823	5484	1062	1068	18	0	0
824	5485	914	1067	63	0	0
825	5487	1069	963	10	0	0
826	5488	964	1069	24	187	2
827	5489	962	1070	29	119	1
828	5490	957	1071	235	400	4
829	5491	125	1072	79	94	1
830	5492	1072	1073	62	94	1
831	5493	1073	182	51	0	0
832	5494	132	1072	354	901	7
833	5495	129	965	155	306	3
834	5496	965	1074	94	94	1
835	5508	1075	967	83	204	1
836	5509	1076	41	50	0	0
837	5510	445	92	244	0	0
838	5523	1077	1078	54	94	1
839	5524	162	1079	50	94	1
840	5525	1080	1081	46	94	1
841	5535	751	1082	111	0	0
842	5546	242	1083	72	298	2
843	5563	953	1084	45	94	1
844	5565	1085	1086	101	0	0
845	5568	124	84	128	519	5
846	5569	85	1087	40	187	2
847	5570	1088	971	148	187	2
848	5571	1088	175	111	187	2
849	5572	196	1088	115	94	1
850	5573	173	16	60	0	0
851	5574	1089	173	73	298	2
852	5575	174	971	98	281	3
853	5577	174	1090	42	94	1
854	5578	1091	1092	43	119	1
855	5610	1093	1094	83	0	0
856	5611	735	108	29	0	0
857	5612	108	1093	23	0	0
858	5613	735	1042	26	0	0
859	5614	1042	1093	28	0	0
860	5622	1095	815	40	0	0
861	5623	1095	1096	57	187	2
862	5632	711	1009	136	0	0
863	5633	1010	711	78	0	0
864	5634	1097	1061	201	587	6
865	5635	78	1098	147	374	4
866	5636	1041	234	194	672	6
867	5637	234	31	65	94	1
868	5638	1099	898	112	374	4
869	5639	1100	28	96	94	1
870	5640	1004	1100	12	0	0
871	5641	1101	1003	214	978	9
872	5642	1003	1100	10	94	1
873	5643	906	1005	13	0	0
874	5644	82	1005	105	94	1
875	5645	1006	1004	9	0	0
876	5646	906	1006	17	0	0
877	5647	905	401	10	0	0
878	5648	1102	905	9	0	0
879	5649	401	1102	10	0	0
880	5650	1102	1046	81	298	2
881	5651	187	1051	118	0	0
882	5670	910	1002	99	0	0
883	5672	733	1000	59	0	0
884	5679	916	1086	97	0	0
885	5680	916	1085	52	0	0
886	5706	1106	1107	93	1165	9
887	5707	185	1108	39	374	4
888	5720	50	1110	68	0	0
889	5721	50	1111	77	94	1
890	5722	498	49	55	0	0
891	5727	149	1112	36	0	0
892	5735	811	1113	26	94	1
893	5739	1114	446	915	0	0
894	5764	1116	1117	41	94	1
895	5777	1118	726	154	0	0
896	5800	1082	1119	344	0	0
897	5801	399	1082	769	0	0
898	5826	951	1121	55	187	2
899	5827	950	1122	63	187	2
900	5828	946	1123	113	391	3
901	5829	1048	1067	72	0	0
902	5830	516	1048	65	187	2
903	5832	1124	197	212	400	4
904	5886	1125	1126	131	94	1
905	5896	808	377	97	213	2
906	5899	1127	926	91	187	2
907	5900	934	803	324	493	5
908	5901	414	413	122	306	3
909	5902	414	811	62	94	1
910	5907	83	195	36	0	0
911	5908	944	1128	253	451	4
912	5917	304	1129	862	0	0
913	5919	1130	1109	865	0	0
914	5939	1128	1043	21	0	0
915	5941	1132	1133	179	281	3
916	5942	1134	1135	132	187	2
917	5943	1134	1136	63	0	0
918	5944	1137	1138	174	94	1
919	5945	1139	1140	507	561	6
920	5946	1141	1142	46	94	1
921	5947	420	1116	331	485	4
922	5948	504	1143	9	0	0
923	5949	1144	504	72	298	2
924	5950	1145	500	81	0	0
925	5951	826	1145	93	281	3
926	5952	1146	1147	105	281	3
927	5953	827	1146	217	493	5
928	5954	1148	833	167	587	6
929	5955	840	841	87	0	0
930	5956	842	434	113	0	0
931	5957	842	1149	147	0	0
932	5970	371	862	852	0	0
933	5971	865	1150	145	0	0
934	5972	1150	1125	185	0	0
935	5973	1150	64	156	0	0
936	5977	1032	1151	292	935	10
937	5978	1152	218	48	0	0
938	5979	892	1153	204	876	7
939	5980	1153	1154	64	119	1
940	5981	1155	1156	45	0	0
941	5986	1157	379	964	0	0
942	5989	1136	1132	23	94	1
943	5991	1019	1158	114	94	1
944	5992	1151	1033	114	94	1
945	5993	1159	1160	50	0	0
946	6026	1161	1162	39	94	1
947	6027	1163	1164	170	306	3
948	6028	1164	219	81	281	3
949	6032	102	1039	173	187	2
950	6035	1077	452	40	0	0
951	6036	160	452	64	298	2
952	6057	1165	1166	83	94	1
953	6058	1167	1166	142	94	1
954	6128	1168	1169	90	94	1
955	6129	1170	1168	58	306	3
956	6168	1115	991	428	0	0
957	6169	1157	90	916	0	0
958	6173	1171	1172	209	0	0
959	6204	1149	494	528	561	6
960	6205	1173	732	87	0	0
961	6206	1174	1175	110	187	2
962	6207	732	853	142	672	6
963	6208	1151	1175	89	0	0
964	6209	1175	854	89	0	0
965	6210	854	855	86	94	1
966	6211	859	1176	947	0	0
967	6212	511	531	124	0	0
968	6213	511	738	57	94	1
969	6214	994	1177	193	374	4
970	6215	1177	736	58	0	0
971	6216	727	1177	98	391	3
972	6217	1115	230	2706	0	0
973	6247	1156	1152	334	1046	10
974	6248	1178	100	547	1250	11
975	6249	1045	510	1324	0	0
976	6252	943	1179	195	655	7
977	6254	92	1180	879	0	0
978	6441	1181	1182	429	187	2
979	6442	388	386	27	0	0
980	6443	630	398	63	0	0
981	6454	1183	1184	103	485	4
982	6455	1184	617	140	306	3
983	6456	1185	1183	132	94	1
984	6457	669	1184	123	119	1
985	6458	668	1186	109	0	0
986	6459	1186	1185	6	0	0
987	6460	1185	1187	62	0	0
988	6461	1187	669	14	0	0
989	6462	670	1186	75	0	0
990	6463	1187	618	302	1088	9
991	6484	295	284	218	723	6
992	6485	284	639	85	94	1
993	6486	639	315	77	0	0
994	6491	305	1129	872	0	0
995	6509	642	1189	24	94	1
996	6513	642	621	130	0	0
997	6518	395	1190	30	94	1
998	6519	663	389	129	0	0
999	6520	1191	662	23	0	0
1000	6522	656	1192	19	187	2
1001	6523	644	649	61	0	0
1002	6538	1193	1194	21	119	1
1003	6540	1196	1197	28	94	1
1004	6542	670	1198	40	204	1
1005	6543	569	619	421	94	1
1006	6544	619	1199	105	0	0
1007	6545	1200	1195	43	0	0
1008	6546	1195	620	36	119	1
1009	6547	381	1201	31	94	1
1010	6548	1201	1202	16	0	0
1011	6549	1202	1203	14	0	0
1012	6550	1203	1188	839	0	0
1013	6551	1204	1201	63	281	3
1014	6554	1206	1200	24	0	0
1015	6555	1206	1207	19	0	0
1016	6556	1207	580	59	187	2
1017	6557	667	1183	161	391	3
1018	6562	547	258	262	0	0
1019	6563	543	544	37	0	0
1020	6570	671	324	76	94	1
1021	6572	673	1208	70	187	2
1022	6573	693	674	70	0	0
1023	6575	1209	1210	38	94	1
1024	6576	1211	1212	73	391	3
1025	6577	1213	1214	68	468	5
1026	6578	347	1215	37	187	2
1027	6579	680	671	70	213	2
1028	6580	1216	416	360	697	6
1029	6582	673	674	83	94	1
1030	6583	693	1208	85	0	0
1031	6584	1208	326	81	94	1
1032	6586	327	1217	548	1590	15
1033	6587	329	1218	460	578	5
1034	6588	336	1213	56	94	1
1035	6589	1213	1211	78	0	0
1036	6590	1211	1209	77	94	1
1037	6591	1209	1219	64	0	0
1038	6592	338	1220	61	0	0
1039	6593	1220	1221	312	94	1
1040	6594	340	1222	295	595	4
1041	6595	207	1223	94	187	2
1042	6596	1219	214	42	94	1
1043	6638	555	427	495	0	0
1044	6700	1224	1225	121	0	0
1045	6712	694	167	46	0	0
1046	6727	604	599	107	119	1
1047	6728	592	1226	465	281	3
1048	6729	608	604	215	0	0
1049	6731	437	247	93	94	1
1050	6732	687	437	123	187	2
1051	6733	1227	593	83	187	2
1052	6743	341	1228	36	0	0
1053	6744	339	1228	46	0	0
1054	6746	1229	1230	83	187	2
1055	6747	1231	1190	122	94	1
1056	6749	622	1229	240	0	0
1057	6750	1229	655	36	0	0
1058	6751	645	647	79	0	0
1059	6752	647	1232	122	187	2
1060	6753	623	657	134	94	1
1061	6754	657	1232	10	0	0
1062	6755	1232	1233	75	0	0
1063	6756	1233	391	143	0	0
1064	6757	1233	392	94	94	1
1065	6758	625	658	92	204	1
1066	6759	658	392	75	0	0
1067	6760	391	387	63	0	0
1068	6761	1191	659	134	187	2
1069	6762	390	663	81	94	1
1070	6763	663	1234	75	0	0
1071	6764	1234	1235	90	94	1
1072	6765	653	1234	72	298	2
1073	6766	394	1231	34	94	1
1074	6767	1231	1236	31	0	0
1075	6768	1236	626	56	0	0
1076	6769	626	690	23	0	0
1077	6770	690	1181	85	0	0
1078	6771	395	1235	62	94	1
1079	6772	1235	1182	39	0	0
1080	6773	1236	651	140	94	1
1081	6846	1193	1237	37	0	0
1082	6847	1237	1206	57	417	3
1083	6848	1202	1238	253	731	7
1084	6849	1238	1196	26	213	2
1085	6850	382	384	253	774	8
1086	6864	610	1239	54	0	0
1087	6953	407	685	584	0	0
1088	6955	1241	562	285	340	1
1089	6957	692	594	401	0	0
1090	6958	594	438	272	0	0
1091	6959	438	435	255	0	0
1092	6961	435	605	116	0	0
1093	6962	605	608	109	0	0
1094	6964	245	1242	31	0	0
1095	6965	1242	602	125	0	0
1096	6991	1228	1243	118	493	5
1097	7020	1244	692	382	119	1
1098	7136	350	208	124	0	0
1099	7210	1247	1248	146	94	1
1100	7258	616	1249	40	281	3
1101	7259	1205	1250	43	187	2
1102	7262	310	283	197	0	0
1103	7265	393	1251	406	94	1
1104	7278	1239	611	33	0	0
1105	7426	1252	635	1017	94	1
1106	7490	257	541	841	0	0
1107	7491	1204	1254	125	94	1
1108	7492	1242	243	626	1216	11
1109	7493	1191	661	28	0	0
1110	7496	1200	1199	66	204	1
1111	7599	700	1255	44	94	1
1112	7634	122	1252	584	0	0
1113	7676	743	1256	274	0	0
1114	7684	1258	757	59	94	1
1115	7685	756	1259	50	119	1
1116	7686	756	1260	6	0	0
1117	7688	1260	1261	64	94	1
1118	7789	724	1159	162	94	1
1119	7791	718	1262	7	281	3
1120	7792	1172	1263	146	187	2
1121	7793	405	705	82	0	0
1122	7794	1264	716	61	0	0
1123	7795	707	1265	100	298	2
1124	7796	703	1266	60	638	3
1125	7798	704	1267	79	204	1
1126	7799	1264	1268	33	204	1
1127	7800	706	1269	28	0	0
1128	7802	1269	1270	50	204	1
1129	7832	1272	1273	77	544	2
1130	7833	797	1274	72	204	1
1131	7834	1274	1275	260	417	3
1132	7835	797	1272	65	0	0
1133	7836	1272	1276	64	0	0
1134	7871	766	1277	59	94	1
1135	7872	702	423	7	0	0
1136	7873	423	794	36	0	0
1137	7874	700	795	131	323	2
1138	7907	609	638	1231	0	0
1139	7942	1280	1281	20	94	1
1140	7975	1283	1284	107	0	0
1141	8006	162	103	69	0	0
1142	8007	103	809	202	187	2
1143	8034	118	120	8	0	0
1144	8107	369	367	10	0	0
1145	8187	371	70	16	0	0
1146	8209	4	2	59	0	0
1147	8233	1288	1289	55	119	1
1148	8268	1283	1290	111	408	2
1149	8275	1291	1292	275	187	2
1150	8316	1295	1296	39	0	0
1151	8317	1255	1297	12	0	0
1152	8318	1297	1298	243	425	4
1153	8337	1300	1286	1574	0	0
1154	8393	774	1302	203	374	4
1155	8394	1303	1304	214	417	3
1156	8536	383	1307	233	0	0
1157	8610	1310	1311	123	0	0
1158	8612	1311	1312	76	0	0
1159	8622	1313	1094	94	0	0
1160	8627	1314	1315	16	0	0
1161	8649	1176	443	251	0	0
1162	8657	990	1157	158	0	0
1163	8687	319	1316	585	0	0
1164	8690	1317	1318	29	187	2
1165	8691	1133	1319	49	94	1
1166	8692	1320	1321	46	187	2
1167	8694	1322	1323	33	94	1
1168	8697	1324	1325	22	94	1
1169	8698	1287	1137	103	0	0
1170	8699	1137	1326	80	187	2
1171	8700	1326	1327	38	94	1
1172	8701	1327	1328	55	0	0
1173	8702	1328	1134	12	0	0
1174	8703	1317	1328	57	0	0
1175	8704	748	1326	75	281	3
1176	8705	1136	1329	162	187	2
1177	8706	1327	1320	137	94	1
1178	8707	1322	1141	103	94	1
1179	8708	1330	1331	199	400	4
1180	8709	1332	1331	90	94	1
1181	8710	1330	1333	66	0	0
1182	8711	1333	1141	77	0	0
1183	8712	1142	1171	81	0	0
1184	8713	1307	1334	1085	0	0
1185	8738	1104	1335	322	0	0
1186	8744	1103	203	19	0	0
1187	8749	203	1335	23	0	0
1188	8772	1336	88	28	0	0
1189	8776	493	1337	154	0	0
1190	8780	1339	1336	312	0	0
1191	8781	1336	1340	32	0	0
1192	8783	1340	88	25	0	0
1193	8787	1341	1338	185	0	0
1194	8788	1341	493	371	0	0
1195	8823	1119	1131	101	0	0
1196	8862	73	939	92	0	0
1197	8874	1343	517	32	0	0
1198	8875	518	1344	110	94	1
1199	8880	1345	1346	65	213	2
1200	8881	1347	717	60	187	2
1201	8882	1348	1349	51	187	2
1202	8883	1350	1351	133	374	4
1203	8884	1352	1353	42	187	2
1204	8886	1354	1355	51	94	1
1205	8887	1107	1356	141	417	3
1206	8889	1357	1358	40	187	2
1207	8890	1359	1360	162	187	2
1208	8892	1361	1362	37	119	1
1209	8893	1363	1364	46	298	2
1210	8894	1365	1366	60	374	4
1211	8895	1367	1152	70	204	1
1212	8896	529	1368	26	204	1
1213	8897	429	1287	122	0	0
1214	8899	490	837	446	0	0
1215	8900	828	1369	46	0	0
1216	8901	1369	1370	16	94	1
1217	8902	1369	1371	47	94	1
1218	8904	835	1372	66	281	3
1219	8906	1373	1374	16	0	0
1220	8907	1374	1375	41	94	1
1221	8908	981	1376	32	187	2
1222	8909	827	1377	39	119	1
1223	8910	1378	1324	32	0	0
1224	8911	518	1379	37	281	3
1225	8916	837	734	251	0	0
1226	8919	1380	1343	74	94	1
1227	8921	1378	1381	70	94	1
1228	8923	1382	158	121	0	0
1229	8924	513	1347	43	0	0
1230	8925	1110	1383	43	0	0
1231	8926	1383	1346	43	0	0
1232	8927	509	1147	28	94	1
1233	8928	1353	514	29	0	0
1234	8929	520	1144	63	94	1
1235	8930	1350	824	20	0	0
1236	8931	1351	828	55	391	3
1237	8937	1354	847	27	0	0
1238	8938	1384	858	73	0	0
1239	8939	152	1384	125	0	0
1240	8940	753	1021	156	94	1
1241	8941	753	874	193	0	0
1242	8944	1103	1335	25	0	0
1243	8950	1338	1385	615	0	0
1244	8951	1385	1180	32	0	0
1245	8952	1180	1386	206	0	0
1246	8960	532	1385	206	0	0
1247	8975	232	1052	99	94	1
1248	8976	1052	945	102	0	0
1249	8978	841	1387	84	527	3
1250	9000	1089	1039	69	187	2
1251	9003	892	1388	139	0	0
1252	9004	1156	1163	89	0	0
1253	9005	877	878	31	0	0
1254	9006	1389	878	105	94	1
1255	9007	1390	1391	50	187	2
1256	9008	1391	1392	96	0	0
1257	9009	1143	1392	27	0	0
1258	9010	1392	1352	36	0	0
1259	9011	508	1390	23	0	0
1260	9012	1393	107	137	187	2
1261	9013	107	1143	157	213	2
1262	9014	1394	1395	19	0	0
1263	9020	1396	935	88	94	1
1264	9021	1397	1396	31	94	1
1265	9022	1398	1396	85	94	1
1266	9026	66	862	1544	0	0
1267	9028	1399	1400	90	0	0
1268	9032	505	45	14	0	0
1269	9034	1400	45	21	0	0
1270	9036	1400	505	23	0	0
1271	9040	1310	1312	89	0	0
1272	9043	528	1401	50	213	2
1273	9044	531	741	58	187	2
1274	9045	1178	512	70	204	1
1275	9055	166	444	699	0	0
1276	9058	489	1330	37	94	1
1277	9059	1402	514	81	187	2
1278	9061	896	1002	71	0	0
1279	9067	473	1403	32	0	0
1280	9068	134	473	22	0	0
1281	9069	1388	1404	46	204	1
1282	9070	1388	527	71	94	1
1283	9073	995	993	43	0	0
1284	9074	1405	520	42	298	2
1285	9075	1361	1378	120	0	0
1286	9083	1116	1144	5	0	0
1287	9085	729	1406	24	0	0
1288	9086	840	1407	83	187	2
1289	9088	1408	1409	138	94	1
1290	9089	1408	1410	34	0	0
1291	9090	858	1409	32	0	0
1292	9091	884	94	82	0	0
1293	9094	527	1411	48	94	1
1294	9095	1155	526	141	0	0
1295	9097	1412	1413	31	94	1
1296	9098	1333	1140	93	0	0
1297	9099	1142	1359	27	0	0
1298	9100	1331	1363	36	0	0
1299	9101	1381	1380	69	0	0
1300	9103	1364	1381	41	0	0
1301	9121	1410	1414	15	187	2
1302	9122	1384	1356	375	612	3
1303	9123	1028	1029	58	0	0
1304	9125	321	155	47	0	0
1305	9126	887	1413	40	0	0
1306	9130	525	1155	141	0	0
1307	9135	993	715	72	0	0
1308	9136	995	1415	40	213	2
1309	9138	1416	1342	25	0	0
1310	9139	1342	58	23	0	0
1311	9140	1416	58	21	0	0
1312	9143	894	526	92	0	0
1313	9159	502	1417	51	94	1
1314	9161	1013	1418	41	0	0
1315	9162	1389	157	114	0	0
1316	9163	1163	1419	19	94	1
1317	9169	413	1420	116	374	4
1318	9170	1420	1161	80	0	0
1319	9174	970	1421	75	204	1
1320	9175	1421	1075	12	0	0
1321	9176	1421	1422	30	94	1
1322	9178	819	1309	1250	0	0
1323	9198	1423	1398	35	281	3
1324	9199	813	1424	70	94	1
1325	9200	1424	1398	88	306	3
1326	9201	1425	1424	33	306	3
1327	9202	933	1426	60	0	0
1328	9203	1427	1426	44	187	2
1329	9204	1428	1429	40	187	2
1330	9242	492	482	86	0	0
1331	9264	474	1430	95	0	0
1332	9266	1430	1431	44	0	0
1333	9271	1403	1114	25	0	0
1334	9272	1114	134	28	0	0
1335	9273	94	752	145	94	1
1336	9274	95	977	29	0	0
1337	9275	109	734	287	0	0
1338	9286	72	37	641	0	0
1339	9292	856	860	111	493	5
1340	9293	1022	1432	236	281	3
1341	9294	1432	1023	141	187	2
1342	9353	1433	1165	82	94	1
1343	9354	1433	1434	53	94	1
1344	9355	1435	933	122	187	2
1345	9356	1435	1167	104	94	1
1346	9363	790	1120	133	0	0
1347	9364	1120	456	1922	0	0
1348	9387	1426	1080	21	0	0
1349	9391	1428	1077	31	94	1
1350	9406	1037	55	99	485	4
1351	9407	1124	1436	125	425	4
1352	9408	1436	1437	79	94	1
1353	9409	1438	1439	62	536	4
1354	9410	1439	180	20	0	0
1355	9420	1171	1440	164	187	2
1356	9421	1440	1365	59	0	0
1357	9422	1395	1441	44	187	2
1358	9423	1441	1402	57	94	1
1359	9424	1346	110	135	0	0
1360	9426	1147	1442	18	94	1
1361	9427	985	1418	26	94	1
1362	9429	1443	1444	32	187	2
1363	9430	839	1443	79	187	2
1364	9432	1445	1446	71	204	1
1365	9433	1024	1447	59	94	1
1366	9434	1447	1106	98	94	1
1367	9443	158	1448	33	94	1
1368	9444	1449	1450	56	187	2
1369	9445	1451	1452	55	94	1
1370	9447	1154	1453	3	0	0
1371	9449	528	1446	65	94	1
1372	9462	1357	1454	235	468	5
1373	9486	1420	1435	110	187	2
1374	9490	460	461	130	0	0
1375	9495	1104	956	454	0	0
1376	9496	1455	698	483	281	3
1377	9544	130	1036	85	187	2
1378	9545	76	123	68	281	3
1379	9557	799	411	89	94	1
1380	9571	1061	79	89	0	0
1381	9572	1457	188	162	629	5
1382	9573	1065	1049	4	0	0
1383	9577	478	697	120	0	0
1384	9584	826	1458	169	94	1
1385	9585	873	1459	48	94	1
1386	9586	731	1160	127	187	2
1387	9587	727	1460	64	281	3
1388	9588	1461	1033	55	94	1
1389	9590	1452	847	60	0	0
1390	9591	1354	846	112	94	1
1391	9592	1373	1462	123	213	2
1392	9593	974	987	185	281	3
1393	9594	1373	1348	101	493	5
1394	9595	110	1394	69	0	0
1395	9596	1450	1110	14	0	0
1396	9597	1383	1449	91	0	0
1397	9598	49	1463	63	94	1
1398	9599	533	1464	74	94	1
1399	9646	67	864	396	0	0
1400	9647	1112	485	49	94	1
1401	9649	1465	857	469	1760	15
1402	9677	59	86	294	0	0
1403	9681	165	1431	103	0	0
1404	9684	411	814	79	0	0
1405	9685	1357	489	142	0	0
1406	9687	1394	1442	69	0	0
1407	9688	1168	1433	89	187	2
1408	9689	1466	175	42	119	1
1409	9691	494	1016	31	0	0
1410	9692	1393	1352	40	298	2
1411	9695	202	179	10	0	0
1412	9866	1467	1468	98	0	0
1413	9867	1290	701	171	213	2
1414	9868	701	1469	109	0	0
1415	9869	701	1470	71	0	0
1416	9870	794	699	59	0	0
1417	9871	1297	1471	116	510	1
1418	9891	1306	1278	852	0	0
1419	10068	1467	1284	103	119	1
1420	10069	1476	755	46	94	1
1421	10072	765	1477	23	94	1
1422	10073	1477	1478	170	204	1
1423	10074	1478	1471	127	0	0
1424	10091	1471	1479	97	204	1
1425	10092	421	1477	36	0	0
1426	10094	1480	1481	69	94	1
1427	10100	1482	1483	73	0	0
1428	10278	1484	1305	451	0	0
1429	10280	1484	789	899	0	0
1430	10301	1485	1486	112	238	2
1431	10335	1277	1487	30	213	2
1432	10463	1488	137	358	0	0
1433	10623	1489	421	8	0	0
1434	10864	1490	758	322	0	0
1435	10865	759	761	120	119	1
1436	10866	761	767	215	0	0
1437	10898	1472	1491	64	0	0
1438	10904	1492	773	152	0	0
1439	10905	776	1493	99	204	1
1440	10914	1492	1494	74	187	2
1441	10916	1493	1495	77	187	2
1442	10917	754	1496	72	94	1
1443	10920	1304	1302	71	187	2
1444	10921	1302	1497	26	0	0
1445	10922	5	1498	63	94	1
1446	10923	1498	1499	97	0	0
1447	10924	9	1500	150	187	2
1448	10925	1500	1501	32	0	0
1449	10926	11	1502	193	204	1
1450	10927	1494	1303	116	0	0
1451	10928	775	1503	223	621	4
1452	10929	1495	777	89	298	2
1453	10930	778	770	54	0	0
1454	10931	1496	779	28	94	1
1455	10932	1504	779	35	0	0
1456	10933	1468	1470	29	204	1
1457	10934	1470	778	189	298	2
1458	10936	1469	1505	91	204	1
1459	10937	1505	1506	35	0	0
1460	10938	1506	1295	56	0	0
1461	10939	781	1469	16	0	0
1462	10940	1298	1505	66	0	0
1463	10941	11	774	73	0	0
1464	10942	774	1303	72	0	0
1465	10943	1303	775	72	0	0
1466	10944	775	777	72	0	0
1467	10945	777	780	68	0	0
1468	10946	780	1470	38	0	0
1469	10949	1507	1508	37	0	0
1470	10995	1509	1257	155	0	0
1471	11026	1511	1509	623	0	0
1472	11030	1499	1512	135	0	0
1473	11035	1476	1504	54	94	1
1474	11038	1507	1512	37	0	0
1475	11041	769	1506	28	0	0
1476	11044	1296	1294	163	0	0
1477	11046	1295	764	54	0	0
1478	11047	1505	769	34	0	0
1479	11048	770	1503	71	0	0
1480	11053	138	1515	378	0	0
1481	11058	1516	1488	32	0	0
1482	11102	1488	1515	17	0	0
1483	11166	796	1279	298	0	0
1484	11174	1519	1520	23	0	0
1485	11180	1519	1282	1496	0	0
1486	11196	1293	1490	133	0	0
1487	11236	1513	1521	65	0	0
1488	11237	1521	1294	394	0	0
1489	11238	1521	1508	52	0	0
1490	11239	1508	1512	29	0	0
1491	11241	1499	772	70	0	0
1492	11242	1501	1502	70	94	1
1493	11244	1517	136	375	0	0
1494	11245	1517	1516	13	0	0
1495	11285	4	5	71	0	0
1496	11286	5	8	72	0	0
1497	11287	8	9	72	0	0
1498	11288	11	9	71	0	0
1499	11328	1271	1522	99	94	1
1500	11348	1520	1523	22	0	0
1501	11350	1519	1523	23	0	0
1502	11354	1482	1524	57	0	0
1503	11355	1524	1483	33	0	0
1504	11361	1293	1485	34	0	0
1505	11362	1485	1525	123	94	1
1506	11413	1456	368	813	0	0
1507	11510	1472	1511	496	0	0
1508	11513	1525	760	122	0	0
1509	11514	760	1291	55	0	0
1510	11530	1481	1514	84	323	2
1511	11615	1256	1526	305	94	1
1512	11621	772	1527	48	238	2
1513	11622	1527	1501	21	0	0
1514	11623	1497	1502	44	94	1
1515	11624	1503	1528	53	119	1
1516	11625	1528	1304	16	0	0
1517	11626	1296	1529	119	553	3
1518	11637	1277	1530	51	204	1
1519	11689	3	768	319	0	0
1520	11714	1289	1280	21	94	1
1521	11726	1531	850	4	94	1
1522	11727	1532	1355	4	94	1
1523	11731	1533	890	7	187	2
1524	11732	1534	1160	29	94	1
1525	11734	1535	1034	367	1309	14
1526	11735	1536	876	4	94	1
1527	11737	1537	1538	34	94	1
1528	11739	888	1539	270	187	2
1529	11740	895	1540	35	391	3
1530	11742	1541	1542	14	0	0
1531	11743	28	1543	260	1845	10
1532	11744	185	1544	41	187	2
1533	11745	184	1545	42	94	1
1534	11746	1002	1546	64	281	3
1535	11747	1099	448	52	119	1
1536	11748	943	35	64	119	1
1537	11750	474	165	107	0	0
1538	11753	13	433	225	0	0
1539	11763	1547	1489	74	94	1
1540	11780	1288	1479	118	0	0
1541	11788	1446	227	47	204	1
1542	11789	227	1153	94	391	3
1543	11792	400	443	632	0	0
1544	11794	1030	222	23	0	0
1545	11795	222	1389	29	0	0
1546	11798	1118	226	185	204	1
1547	11799	226	891	3	0	0
1548	11803	399	495	810	0	0
1549	11820	1276	1548	71	94	1
1550	11890	16	196	231	306	3
1551	11891	178	1549	50	94	1
1552	11892	1550	1028	36	374	4
1553	11893	1551	1552	26	119	1
1554	11899	1553	1554	128	510	1
1555	11900	1554	112	41	0	0
1556	11903	193	191	47	94	1
1557	11904	967	1076	85	119	1
1558	11909	1555	1556	5	94	1
1559	11910	1556	823	24	0	0
1560	11911	1557	877	53	281	3
1561	11912	1541	1461	73	94	1
1562	11913	1461	1558	12	94	1
1563	11915	1559	1560	36	94	1
1564	11925	1382	1562	13	187	2
1565	11926	1112	1563	24	94	1
1566	11932	133	471	110	0	0
1567	11933	1453	1564	30	408	2
1568	11934	1153	1565	48	774	3
1569	11935	1075	1566	103	570	5
1570	11937	938	19	203	0	0
1571	11938	39	71	273	0	0
1572	11941	1076	1567	108	281	3
1573	11944	1050	1568	45	94	1
1574	11945	24	1056	117	0	0
1575	11952	131	183	150	281	3
1576	11954	83	1569	49	306	3
1577	11955	128	1570	81	493	5
1578	11968	496	1313	270	94	1
1579	11970	418	734	240	0	0
1580	11971	1178	1571	39	94	1
1581	11973	1572	1349	6	94	1
1582	11974	1573	1574	28	94	1
1583	11976	1575	1444	5	94	1
1584	11977	1576	1406	6	94	1
1585	11978	1577	1015	12	94	1
1586	11979	1578	1579	75	94	1
1587	11985	1149	1580	173	408	2
1588	11986	1580	843	10	0	0
1589	11987	852	1581	85	94	1
1590	11988	1581	714	170	0	0
1591	12040	1348	1574	99	281	3
1592	12041	1574	830	67	94	1
1593	12043	833	1582	33	94	1
1594	12047	1561	1583	17	204	1
1595	12048	822	1551	3	0	0
1596	12049	1551	823	103	204	1
1597	12054	1541	1026	14	0	0
1598	12055	1026	1542	17	0	0
1599	12056	1542	1173	80	0	0
1600	12057	1173	1174	141	374	4
1601	12059	1021	1578	108	94	1
1602	12060	1578	885	89	0	0
1603	12061	879	1560	69	187	2
1604	12062	1560	872	149	587	6
1605	12063	888	525	151	119	1
1606	12064	512	1537	33	0	0
1607	12073	961	1584	57	306	3
1608	12074	1585	1074	65	306	3
1609	12075	44	1074	158	493	5
1610	12076	57	1586	31	0	0
1611	12077	1586	1124	90	94	1
1612	12114	26	318	59	94	1
1613	-1	524	521	1	0	0
1614	-4	1	0	1095	0	0
1615	-12	12	112	139	0	0
1616	-13	39	1000	133	0	0
1617	-20	42	23	611	0	0
1618	-25	274	548	2146	0	0
1619	-26	51	258	2130	0	0
1620	-27	58	59	898	0	0
1621	-28	60	479	885	0	0
1622	-29	60	86	1379	0	0
1623	-30	69	30	380	0	0
1624	-33	25	711	243	0	0
1625	-34	74	83	103	0	0
1626	-41	61	86	1497	0	0
1627	-45	77	87	1080	0	0
1628	-46	88	370	3106	0	0
1629	-48	60	61	1985	0	0
1630	-63	93	579	312	0	0
1631	-83	109	484	209	0	0
1632	-95	126	183	126	0	0
1633	-98	113	116	151	0	0
1634	-108	135	136	252	0	0
1635	-114	138	137	305	0	0
1636	-134	164	931	263	0	0
1637	-139	167	1224	326	0	0
1638	-170	144	172	99	0	0
1639	-172	166	793	1633	0	0
1640	-173	173	174	75	0	0
1641	-181	798	791	579	0	0
1642	-184	202	41	719	0	0
1643	-186	203	441	1049	0	0
1644	-194	212	61	1007	0	0
1645	-195	224	97	46	0	0
1646	-200	230	229	3453	0	0
1647	-205	254	224	1305	0	0
1648	-206	267	260	1595	0	0
1649	-207	267	268	158	0	0
1650	-209	261	269	175	0	0
1651	-210	271	277	421	0	0
1652	-213	51	272	748	0	0
1653	-222	280	281	1018	0	0
1654	-223	303	272	757	0	0
1655	-224	308	309	113	0	0
1656	-253	254	263	86	0	0
1657	-267	376	579	2139	0	0
1658	-268	229	495	1799	0	0
1659	-270	348	349	1797	0	0
1660	-277	633	610	1695	0	0
1661	-278	383	374	1518	0	0
1662	-281	393	636	1264	0	0
1663	-282	396	655	97	0	0
1664	-283	167	407	1071	0	0
1665	-311	1188	268	1575	0	0
1666	-314	59	1310	733	0	0
1667	-320	434	987	151	0	0
1668	-321	133	708	111	0	0
1669	-326	442	441	1707	0	0
1670	-347	393	455	960	0	0
1671	-350	374	458	838	0	0
1672	-358	463	464	284	0	0
1673	-359	464	791	1170	0	0
1674	-364	466	750	900	0	0
1675	-365	1341	92	711	0	0
1676	-370	470	609	1989	0	0
1677	-376	166	1403	550	0	0
1678	-381	475	1430	119	0	0
1679	-382	476	696	72	0	0
1680	-390	204	480	186	0	0
1681	-403	425	481	3112	0	0
1682	-416	1386	466	2409	0	0
1683	-421	495	1115	1106	0	0
1684	-422	487	1129	219	0	0
1685	-429	505	62	2906	0	0
1686	-437	543	541	120	0	0
1687	-451	539	467	2073	0	0
1688	-454	542	545	179	0	0
1689	-459	548	1334	1347	0	0
1690	-460	548	550	473	0	0
1691	-464	549	40	858	0	0
1692	-480	554	536	50	0	0
1693	-497	1307	427	3656	0	0
1694	-500	679	560	876	0	0
1695	-501	561	562	263	0	0
1696	-502	561	692	217	0	0
1697	-505	560	559	840	0	0
1698	-508	365	349	1392	0	0
1699	-511	564	537	309	0	0
1700	-512	565	168	2315	0	0
1701	-521	567	538	245	0	0
1702	-526	273	569	3208	0	0
1703	-535	570	366	948	0	0
1704	-536	170	169	1528	0	0
1705	-537	376	168	1086	0	0
1706	-538	570	571	1013	0	0
1707	-539	572	566	940	0	0
1708	-542	348	597	272	0	0
1709	-543	576	566	372	0	0
1710	-544	566	578	112	0	0
1711	-547	592	593	101	0	0
1712	-548	595	685	1678	0	0
1713	-552	694	1225	212	0	0
1714	-556	597	575	181	0	0
1715	-562	576	352	621	0	0
1716	-563	565	568	1257	0	0
1717	-568	211	256	1192	0	0
1718	-569	552	551	766	0	0
1719	-574	616	1195	67	0	0
1720	-575	619	667	102	0	0
1721	-576	281	622	721	0	0
1722	-587	469	540	1777	0	0
1723	-590	540	611	345	0	0
1724	-591	169	568	1484	0	0
1725	-598	636	372	2152	0	0
1726	-609	372	638	2650	0	0
1727	-611	685	694	958	0	0
1728	-614	695	122	1271	0	0
1729	-621	536	408	2337	0	0
1730	-622	408	122	2845	0	0
1731	-623	697	698	454	0	0
1732	-634	695	46	825	0	0
1733	-644	703	706	124	0	0
1734	-645	704	705	109	0	0
1735	-650	936	1085	224	0	0
1736	-656	14	712	258	0	0
1737	-657	615	454	26	0	0
1738	-661	559	563	1598	0	0
1739	-663	552	253	513	0	0
1740	-664	712	113	413	0	0
1741	-665	714	715	144	0	0
1742	-669	0	1518	937	0	0
1743	-675	734	735	686	0	0
1744	-678	738	741	231	0	0
1745	-681	750	751	1366	0	0
1746	-682	462	465	1477	0	0
1747	-684	468	454	2654	0	0
1748	-687	752	753	264	0	0
1749	-689	756	757	104	0	0
1750	-700	766	1529	136	0	0
1751	-705	146	636	3127	0	0
1752	-709	783	1316	859	0	0
1753	-715	784	821	203	0	0
1754	-717	789	1305	1144	0	0
1755	-721	791	790	2993	0	0
1756	-729	200	798	471	0	0
1757	-745	832	153	521	0	0
1758	-746	818	793	1822	0	0
1759	-747	861	821	1806	0	0
1760	-748	864	117	1017	0	0
1761	-749	163	320	3600	0	0
1762	-750	861	930	1285	0	0
1763	-756	200	465	1565	0	0
1764	-757	915	114	1343	0	0
1765	-758	114	116	316	0	0
1766	-759	916	917	70	0	0
1767	-761	115	13	214	0	0
1768	-762	917	112	182	0	0
1769	-764	14	919	70	0	0
1770	-766	920	919	124	0	0
1771	-770	1059	937	180	0	0
1772	-771	1043	201	299	0	0
1773	-773	1104	954	1629	0	0
1774	-774	955	956	1369	0	0
1775	-775	829	108	379	0	0
1776	-785	1045	1125	931	0	0
1777	-786	1045	998	589	0	0
1778	-787	113	733	1051	0	0
1779	-788	400	751	1217	0	0
1780	-789	1092	174	94	0	0
1781	-794	1316	782	690	0	0
1782	-795	1311	430	1212	0	0
1783	-804	464	954	2176	0	0
1784	-805	920	1086	119	0	0
1785	-806	920	1059	70	0	0
1786	-808	1337	474	1270	0	0
1787	-814	1109	991	582	0	0
1788	-815	111	831	135	0	0
1789	-816	487	497	456	0	0
1790	-820	990	915	2257	0	0
1791	-822	792	783	2130	0	0
1792	-823	1339	379	980	0	0
1793	-838	698	1399	1711	0	0
1794	-839	817	1309	1357	0	0
1795	-843	865	172	1143	0	0
1796	-844	808	807	82	0	0
1797	-847	1130	1131	984	0	0
1798	-848	1131	1109	683	0	0
1799	-849	164	204	2866	0	0
1800	-851	41	1105	2408	0	0
1801	-858	792	445	2687	0	0
1802	-888	272	297	962	0	0
1803	-889	1188	278	2577	0	0
1804	-890	621	276	1110	0	0
1805	-891	1205	1203	151	0	0
1806	-892	458	427	3359	0	0
1807	-893	553	552	775	0	0
1808	-894	614	146	2882	0	0
1809	-901	364	1225	120	0	0
1810	-903	573	567	2865	0	0
1811	-904	537	563	293	0	0
1812	-906	428	374	2696	0	0
1813	-914	1240	1306	4890	0	0
1814	-923	562	1244	51	0	0
1815	-924	573	366	853	0	0
1816	-927	608	407	1076	0	0
1817	-928	251	597	190	0	0
1818	-929	575	558	8219	0	0
1819	-930	171	97	1533	0	0
1820	-931	1239	541	548	0	0
1821	-944	426	1245	2418	0	0
1822	-946	634	258	2897	0	0
1823	-948	954	1120	1156	0	0
1824	-952	364	353	4841	0	0
1825	-962	458	695	4202	0	0
1826	-963	635	408	3398	0	0
1827	-973	614	46	5368	0	0
1828	-974	46	615	4485	0	0
1829	-975	1257	739	464	0	0
1830	-976	743	1293	126	0	0
1831	-984	1271	757	237	0	0
1832	-988	1278	1516	664	0	0
1833	-989	426	425	2772	0	0
1834	-999	1299	1282	231	0	0
1835	-1003	480	479	163	0	0
1836	-1004	1169	815	79	0	0
1837	-1005	1286	1299	2402	0	0
1838	-1006	349	364	2729	0	0
1839	-1009	200	92	3438	0	0
1840	-1010	348	1224	4246	0	0
1841	-1011	366	365	1321	0	0
1842	-1012	353	349	4189	0	0
1843	-1013	270	375	2809	0	0
1844	-1014	376	170	1174	0	0
1845	-1020	369	1253	254	0	0
1846	-1027	39	997	648	0	0
1847	-1028	320	820	1931	0	0
1848	-1029	375	273	3357	0	0
1849	-1030	1287	488	873	0	0
1850	-1031	915	230	494	0	0
1851	-1033	1524	1510	359	0	0
1852	-1036	479	430	1810	0	0
1853	-1039	367	1301	2622	0	0
1854	-1041	1490	739	701	0	0
1855	-1042	1294	1285	126	0	0
1856	-1044	142	1523	1896	0	0
1857	-1046	1279	1271	402	0	0
1858	-1047	1247	1245	3786	0	0
1859	-1067	634	51	2491	0	0
1860	-1069	492	1308	3653	0	0
1861	-1071	425	1247	51	0	0
1862	-1078	491	1309	3646	0	0
1863	-1081	1314	109	593	0	0
1864	-1085	1176	1094	1177	0	0
1865	-1090	319	782	295	0	0
1866	-1093	1334	383	1164	0	0
1867	-1094	304	1103	2369	0	0
1868	-1095	1335	956	438	0	0
1869	-1102	1338	1337	658	0	0
1870	-1103	1340	165	983	0	0
1871	-1108	1130	1386	1255	0	0
1872	-1109	1315	441	1384	0	0
1873	-1110	1315	496	150	0	0
1874	-1115	1342	1105	956	0	0
1875	-1117	1344	825	209	0	0
1876	-1118	710	535	80	0	0
1877	-1121	1339	532	1559	0	0
1878	-1122	491	820	6156	0	0
1879	-1124	480	45	4115	0	0
1880	-1125	1059	73	166	0	0
1881	-1126	1119	750	1023	0	0
1882	-1129	66	1399	99	0	0
1883	-1130	229	741	562	0	0
1884	-1131	321	1413	81	0	0
1885	-1132	155	98	119	0	0
1886	-1133	1416	510	890	0	0
1887	-1136	790	1308	8614	0	0
1888	-1137	459	441	2722	0	0
1889	-1140	782	798	3688	0	0
1890	-1141	1314	1042	339	0	0
1891	-1142	430	763	6745	0	0
1892	-1143	861	204	4071	0	0
1893	-1144	478	446	946	0	0
1894	-1145	433	116	308	0	0
1895	-1146	319	1308	1782	0	0
1896	-1148	1080	1428	72	0	0
1897	-1154	788	1282	6689	0	0
1898	-1155	1431	475	125	0	0
1899	-1165	1491	1253	567	0	0
1900	-1170	137	1473	1945	0	0
1901	-1176	1473	1240	4262	0	0
1902	-1179	1475	1306	559	0	0
1903	-1182	1305	1475	1302	0	0
1904	-1185	713	789	883	0	0
1905	-1188	1301	1471	383	0	0
1906	-1191	1480	1285	358	0	0
1907	-1192	1246	118	3350	0	0
1908	-1194	138	1246	1687	0	0
1909	-1203	143	1240	2119	0	0
1910	-1208	135	1474	1338	0	0
1911	-1209	1245	1473	6416	0	0
1912	-1210	1278	136	581	0	0
1913	-1211	1456	1286	2192	0	0
1914	-1218	507	936	347	0	0
1915	-1219	742	1	834	0	0
1916	-1221	609	614	2364	0	0
1917	-1224	1491	1482	841	0	0
1918	-1225	768	1483	1425	0	0
1919	-1229	1510	1511	169	0	0
1920	-1230	1510	1257	460	0	0
1921	-1231	1513	1514	128	0	0
1922	-1232	1513	767	936	0	0
1923	-1234	367	763	2804	0	0
1924	-1235	1300	1518	1209	0	0
1925	-1236	1517	1515	36	0	0
1926	-1237	1518	1484	4199	0	0
1927	-1238	1300	143	1894	0	0
1928	-1240	142	1299	1113	0	0
1929	-1242	763	1301	4868	0	0
1930	-1243	713	1474	3508	0	0
1931	-1244	0	1509	507	0	0
1932	-1245	1253	1472	503	0	0
1933	-1246	426	481	1629	0	0
1934	-1249	1478	1547	116	0	0
1935	-1251	1285	1281	358	0	0
1936	-1252	426	1520	3114	0	0
1937	-1254	1456	788	6763	0	0
1938	-1256	1474	1475	828	0	0
1939	-1257	1507	1530	141	0	0
1940	-1258	135	120	2332	0	0
1941	-1259	796	742	345	0	0
1942	-1260	393	547	4167	0	0
1943	-1261	457	634	802	0	0
1944	-1262	279	262	1065	0	0
1945	-1263	1561	832	72	0	0
1946	-1264	1356	874	150	0	0
1947	-1266	442	496	1305	0	0
1948	-1268	1312	1105	2431	0	0
1949	-1270	1279	713	4611	0	0
END
-----------------------------------------
InputUsedToGenerateTheGraph:
County:	Norddjurs
CenterNodeId:	0
Radius:	1000000
HouseTypes:	Summer
NumberOfWasteFractions: 1
IntervalsForWasteFraction:	general	3.5	7.0	14.0
-----------------------------------------


