ProblemType:	CARP
NumberNodes:	2031
NumberEdges:	2650
DepotNodeNumber:	1304
NumberOfFractions:	1
NumberOfIntervalsForFraction	General_Glass_Metal_Plastic_Organic	1	14
GRAPH
EdgeNumber	EdgeId	StartNodeNumber	EndNodeNumber	Cost	Demand_0	Bins_0
START
0	192	0	1	72	0	0
1	207	2	3	115	952	6
2	209	4	5	62	3978	10
3	210	6	7	56	0	0
4	211	8	9	164	0	0
5	240	10	11	343	0	0
6	241	12	13	40	111	1
7	242	12	14	147	1003	6
8	243	14	15	8	204	1
9	244	16	17	183	986	5
10	245	17	18	317	2295	15
11	246	12	16	100	451	2
12	306	19	20	51	0	0
13	308	21	22	152	3400	5
14	309	23	21	101	2466	11
15	310	24	25	23	672	4
16	311	26	25	140	2100	11
17	312	24	27	61	680	2
18	313	28	29	197	3587	24
19	314	30	31	95	0	0
20	316	32	33	161	2865	18
21	317	34	35	140	0	0
22	318	36	37	17	0	0
23	319	38	39	67	825	7
24	320	40	41	58	638	4
25	321	42	43	67	1012	6
26	322	44	45	160	4250	34
27	323	46	47	368	0	0
28	324	48	49	96	808	6
29	325	50	51	183	1998	14
30	326	52	53	67	332	3
31	327	54	52	45	272	2
32	329	46	55	13	0	0
33	330	56	57	124	3825	1
34	331	58	59	52	366	2
35	333	60	61	88	0	0
36	334	60	62	221	1692	13
37	335	63	64	152	1870	10
38	336	64	65	59	366	2
39	337	66	67	228	4627	38
40	338	68	69	86	272	2
41	339	48	70	212	4083	48
42	340	69	71	121	714	6
43	341	72	73	81	0	0
44	343	74	75	366	544	2
45	344	76	77	131	0	0
46	346	71	78	128	765	6
47	347	74	79	211	3443	9
48	348	80	81	248	3919	14
49	349	82	83	51	842	5
50	350	83	84	46	1632	8
51	351	85	86	89	961	6
52	352	86	87	195	8645	20
53	353	88	89	152	3819	17
54	354	90	91	121	2584	9
55	355	92	88	106	4166	25
56	356	93	63	115	731	4
57	358	94	95	99	2661	14
58	359	96	97	88	1505	10
59	360	98	99	64	527	3
60	361	100	101	215	0	0
61	362	91	102	118	799	5
62	363	103	104	29	0	0
63	364	105	106	33	366	2
64	366	107	108	124	1743	13
65	368	109	110	151	1250	9
66	369	111	112	56	0	0
67	370	111	107	70	1020	7
68	371	107	113	44	1326	8
69	372	114	113	44	978	7
70	538	115	116	13	0	0
71	539	117	115	11	8005	4
72	541	118	119	54	204	1
73	544	117	120	14	0	0
74	545	121	33	14	0	0
75	548	122	123	47	0	0
76	549	123	1	21	0	0
77	572	124	125	44	544	4
78	573	126	127	37	595	4
79	574	128	53	102	0	0
80	575	128	129	11	0	0
81	576	53	130	170	0	0
82	577	53	50	11	0	0
83	578	130	131	108	0	0
84	579	130	132	59	332	3
85	580	131	46	10	0	0
86	581	133	134	54	0	0
87	582	133	55	10	0	0
88	583	134	56	81	0	0
89	584	55	134	56	0	0
90	585	135	136	208	0	0
91	586	135	137	209	323	2
92	587	136	138	99	0	0
93	589	138	139	153	0	0
94	590	139	140	16	0	0
95	591	47	141	26	0	0
96	592	142	141	15	0	0
97	593	143	144	40	0	0
98	594	145	146	36	0	0
99	595	145	147	38	221	2
100	596	148	147	37	272	2
101	597	149	150	2	0	0
102	598	151	149	31	0	0
103	599	152	153	7	0	0
104	600	154	155	39	961	6
105	601	156	157	74	2040	3
106	603	158	72	162	0	0
107	604	159	160	44	315	2
108	605	160	161	48	570	3
109	607	163	103	4	0	0
110	608	104	159	60	111	1
111	621	164	165	355	0	0
112	622	164	166	343	0	0
113	623	164	17	26	0	0
114	624	166	167	113	0	0
115	625	167	168	14	0	0
116	626	167	169	321	0	0
117	627	168	170	151	0	0
118	628	168	171	13	0	0
119	629	172	173	77	4080	6
120	630	174	175	152	2117	16
121	631	176	177	71	1122	4
122	633	180	181	32	808	5
123	634	182	183	53	111	1
124	635	184	41	126	1301	6
125	636	185	186	76	638	4
126	637	187	186	41	629	4
127	639	188	189	51	485	3
128	640	190	191	47	272	2
129	641	192	193	64	1428	7
130	642	194	195	115	2015	7
131	644	196	197	65	366	2
132	645	198	199	98	272	2
133	646	200	201	7	0	0
134	647	202	203	12	0	0
135	648	200	204	156	340	1
136	649	204	202	209	0	0
137	650	205	201	155	0	0
138	651	206	207	15	4052	12
139	652	208	209	50	0	0
140	653	210	211	56	111	1
141	654	212	213	23	0	0
142	655	214	212	18	0	0
143	656	213	215	33	0	0
144	657	216	217	268	3826	38
145	658	218	219	78	4161	7
146	661	220	221	103	204	1
147	662	222	223	18	0	0
148	663	223	224	23	0	0
149	664	224	222	15	0	0
150	670	225	226	60	3488	17
151	671	227	228	94	0	0
152	674	229	230	39	1598	14
153	675	231	232	46	1326	12
154	676	233	234	351	5501	43
155	677	235	236	12	0	0
156	699	237	238	48	527	3
157	701	80	239	294	638	4
158	707	240	241	246	0	0
159	708	242	243	110	0	0
160	730	244	245	67	0	0
161	840	246	247	55	408	2
162	841	246	248	56	366	2
163	863	209	249	9	0	0
164	864	250	251	46	0	0
165	865	252	251	8	0	0
166	909	253	254	52	3519	9
167	910	254	255	27	0	0
168	916	256	257	82	570	3
169	926	258	259	174	1360	2
170	966	260	261	203	1734	11
171	967	262	263	56	706	5
172	968	264	265	36	493	4
173	969	266	264	117	1352	7
174	972	267	268	150	842	2
175	974	269	270	20	0	0
176	975	169	271	219	0	0
177	976	272	273	26	0	0
178	984	14	275	9	366	2
179	985	220	276	81	111	1
180	1092	171	277	153	0	0
181	1093	278	168	315	0	0
182	1097	280	13	56	850	5
183	1098	281	282	67	646	4
184	1099	283	284	150	3465	24
185	1100	283	285	282	3833	26
186	1101	286	287	97	162	1
187	1102	286	288	67	0	0
188	1109	289	290	319	0	0
189	1142	236	291	9	0	0
190	1143	292	235	10	0	0
191	1144	291	292	13	0	0
192	1145	293	294	15	272	2
193	1146	295	296	22	221	2
194	1147	297	298	74	2746	17
195	1148	297	299	115	1938	12
196	1149	300	297	36	2151	9
197	1150	298	301	128	3715	23
198	1151	302	303	23	0	0
199	1152	304	302	22	0	0
200	1153	305	304	33	0	0
201	1154	306	305	24	0	0
202	1155	307	306	19	0	0
203	1156	303	307	22	0	0
204	1157	308	309	61	4095	8
205	1158	310	311	78	0	0
206	1159	312	313	76	0	0
207	1160	314	315	73	3821	16
208	1161	316	317	103	2040	3
209	1163	318	319	21	3740	6
210	1164	320	321	17	2720	5
211	1166	322	323	136	3952	12
212	1167	324	325	23	2763	8
213	1168	326	327	37	4089	10
214	1169	328	329	39	884	2
215	1170	330	331	133	3484	14
216	1206	332	333	15	0	0
217	1207	333	334	19	2720	4
218	1208	335	89	8	0	0
219	1209	336	90	6	0	0
220	1210	89	336	12	0	0
221	1211	90	335	10	0	0
222	1220	337	338	175	16146	78
223	1221	337	339	102	2585	16
224	1222	340	337	95	10906	19
225	1223	341	342	113	3179	16
226	1224	343	341	34	986	8
227	1225	344	345	66	2040	10
228	1226	346	345	95	3665	18
229	1227	345	347	68	2890	5
230	1342	348	349	134	3614	3
231	1344	349	350	45	0	0
232	1345	350	351	78	2040	3
233	1347	352	353	92	4100	18
234	1352	354	355	42	0	0
235	1356	356	357	75	4080	6
236	1357	357	358	58	2142	18
237	1361	360	361	231	4178	58
238	1410	362	363	22	0	0
239	1411	364	365	21	0	0
240	1428	366	367	159	0	0
241	1429	368	369	23	663	3
242	1430	370	371	165	5925	18
243	1431	372	373	114	2797	15
244	1432	374	375	112	1343	9
245	1433	375	376	106	1088	6
246	1434	377	370	213	3630	66
247	1435	371	369	86	3171	11
248	1436	368	378	91	3681	10
249	1437	376	379	41	706	3
250	1438	380	381	83	2525	12
251	1439	379	380	30	162	1
252	1441	383	384	219	4276	26
253	1442	261	385	235	4803	25
254	1443	110	386	252	5466	33
255	1444	387	383	217	3885	24
256	1445	388	389	62	3400	5
257	1446	390	391	63	0	0
258	1447	392	390	39	3865	8
259	1448	393	394	94	3940	25
260	1449	395	394	112	5705	39
261	1450	394	396	117	4635	12
262	1451	233	388	67	663	6
263	1452	397	398	58	0	0
264	1453	399	400	61	1650	7
265	1454	354	399	72	3910	29
266	1455	401	399	53	3506	8
267	1456	401	402	122	3950	15
268	1457	403	395	80	4030	35
269	1458	404	405	26	323	2
270	1459	406	407	60	510	1
271	1460	377	406	42	111	1
272	1461	339	404	142	5514	47
273	1462	408	339	73	1301	10
274	1463	404	409	74	1080	8
275	1464	338	405	78	969	6
276	1465	410	411	14	0	0
277	1466	412	413	68	3655	9
278	1467	414	415	46	4134	11
279	1468	416	417	75	4826	13
280	1469	418	419	197	7378	3
281	1742	221	420	237	1930	13
282	1743	279	420	15	0	0
283	1762	421	158	89	0	0
284	1763	158	422	154	0	0
285	1764	423	424	9	0	0
286	1765	424	100	75	2040	4
287	1767	425	101	212	0	0
288	1768	100	422	14	0	0
289	1769	72	425	11	0	0
290	1770	425	100	16	0	0
291	1771	422	72	16	0	0
292	1773	426	105	91	0	0
293	1774	159	105	48	0	0
294	1775	427	428	89	0	0
295	1776	101	429	361	0	0
296	1777	430	431	194	0	0
297	1778	426	431	194	0	0
298	1779	432	429	130	0	0
299	1780	428	430	89	0	0
300	1781	430	426	15	0	0
301	1782	432	427	14	0	0
302	1783	426	432	12	0	0
303	1784	427	430	13	0	0
304	1786	433	289	99	0	0
305	1787	434	289	100	0	0
306	1788	433	435	16	0	0
307	1790	435	436	12	0	0
308	1791	434	433	12	0	0
309	1792	437	93	96	0	0
310	1793	60	438	90	1547	5
311	1794	439	440	48	340	1
312	1795	441	442	115	2720	4
313	1796	442	440	42	0	0
314	1797	443	98	62	544	2
315	1798	444	441	88	1360	2
316	1799	93	61	180	111	1
317	1852	288	445	7	0	0
318	1853	446	445	43	0	0
319	1854	447	448	269	680	1
320	1855	234	449	270	4256	41
321	1856	449	448	10	0	0
322	1858	451	452	104	0	0
323	1860	453	454	283	0	0
324	1861	454	451	105	0	0
325	1863	454	452	6	0	0
326	1864	453	455	6	0	0
327	1916	419	456	106	1190	2
328	1917	457	220	13	0	0
329	1919	458	459	44	1870	4
330	1920	460	461	135	6300	49
331	1921	462	463	98	4040	8
332	1922	464	465	42	0	0
333	1923	466	467	81	4055	27
334	1924	468	469	117	1394	9
335	1925	470	471	112	17906	25
336	1926	472	473	85	2040	4
337	1927	470	474	62	0	0
338	1928	475	476	142	3625	56
339	1930	477	475	74	1360	2
340	1931	478	479	78	3841	10
341	1932	480	481	32	680	1
342	1933	482	483	40	493	4
343	1934	484	485	33	2312	5
344	1935	486	487	38	553	5
345	1936	486	488	44	3713	14
346	1937	489	490	51	4616	26
347	1938	491	363	104	0	0
348	1939	412	492	55	0	0
349	1941	494	495	145	3958	16
350	1942	496	497	155	4964	18
351	1943	498	499	40	0	0
352	1967	112	500	200	0	0
353	1969	436	501	71	0	0
354	1970	112	435	109	0	0
355	1971	501	502	51	1360	2
356	1972	503	457	421	0	0
357	2099	504	505	42	0	0
358	2100	231	397	196	1131	3
359	2141	506	507	62	476	3
360	2142	508	507	43	434	3
361	2145	509	510	112	1326	8
362	2146	510	511	121	935	5
363	2147	511	512	190	2432	15
364	2148	513	510	127	1887	11
365	2149	514	509	240	4318	23
366	2150	515	509	196	3290	22
367	2151	516	517	130	918	6
368	2152	518	519	138	2159	11
369	2153	520	518	81	1114	7
370	2154	521	180	141	2805	17
371	2155	238	520	23	204	1
372	2156	522	523	74	434	3
373	2157	524	525	115	1488	9
374	2158	524	526	95	689	4
375	2159	527	528	74	485	3
376	2160	40	528	140	4026	35
377	2161	528	529	113	799	5
378	2162	530	524	69	544	4
379	2210	61	441	14	0	0
380	2211	443	99	12	0	0
381	2212	441	443	15	0	0
382	2213	99	61	15	0	0
383	2214	438	444	89	111	1
384	2215	60	444	11	0	0
385	2216	531	532	147	0	0
386	2217	532	533	148	0	0
387	2218	534	535	149	910	4
388	2219	536	535	227	2108	6
389	2220	533	534	14	0	0
390	2221	534	537	15	0	0
391	2222	531	533	15	0	0
392	2237	538	539	71	4080	8
393	2238	539	540	13	0	0
394	2240	425	541	153	0	0
395	2247	501	542	229	4226	42
396	2333	99	437	84	204	1
397	2336	543	544	12	0	0
398	2337	264	545	265	8104	5
399	2341	546	547	101	476	3
400	2342	548	549	85	4208	4
401	2344	277	202	176	0	0
402	2345	274	171	14	0	0
403	2350	227	471	134	3086	6
404	2351	499	550	62	6800	1
405	2353	551	552	140	10855	27
406	2354	553	554	64	527	3
407	2355	554	555	367	4990	28
408	2356	556	557	137	3516	65
409	2357	556	558	69	3560	8
410	2358	559	560	33	1769	10
411	2359	212	561	199	3933	26
412	2360	561	562	316	12353	35
413	2361	563	564	45	0	0
414	2362	552	565	82	2908	18
415	2363	565	566	273	5770	55
416	2364	566	567	46	850	2
417	2365	568	200	57	612	3
418	2366	569	202	76	0	0
419	2367	570	571	176	366	2
420	2369	572	573	253	0	0
421	2370	572	574	587	340	1
422	2424	575	281	81	799	5
423	2425	282	446	57	638	4
424	2477	578	120	243	3841	26
425	2478	115	579	151	7300	11
426	2479	429	427	130	0	0
427	2490	428	80	11	0	0
428	2491	431	290	33	0	0
429	2501	580	116	172	162	1
430	2502	581	117	47	0	0
431	2505	582	583	43	961	6
432	2506	584	585	150	2652	16
433	2507	586	584	113	1896	11
434	2508	587	588	112	1233	6
435	2509	588	582	91	1556	8
436	2510	589	590	87	3647	35
437	2511	591	592	59	3735	13
438	2512	592	593	67	3693	20
439	2550	602	603	105	2856	11
440	2551	604	6	234	0	0
441	2582	605	74	135	111	1
442	2583	606	605	77	0	0
443	2587	607	608	123	11609	20
444	2588	533	609	115	680	1
445	2589	534	610	55	1165	6
446	2590	611	485	70	3800	11
447	2591	612	611	31	4080	8
448	2595	9	613	10	0	0
449	2596	614	433	107	0	0
450	2597	112	614	14	0	0
451	2598	75	615	132	680	1
452	2599	77	615	10	0	0
453	2600	616	617	145	0	0
454	2601	618	617	143	0	0
455	2602	617	619	213	4214	32
456	2603	530	529	3	0	0
457	2604	530	620	121	485	3
458	2605	621	516	142	425	3
459	2606	622	620	147	4120	34
460	2607	623	624	9	0	0
461	2608	625	623	33	0	0
462	2609	626	625	29	162	1
463	2610	627	626	20	0	0
464	2611	628	182	27	366	2
465	2612	628	629	47	595	4
466	2613	630	628	70	570	3
467	2614	624	631	28	0	0
468	2615	632	624	341	3884	51
469	2616	631	42	34	0	0
470	2617	38	184	35	366	2
471	2618	633	38	32	0	0
472	2619	634	633	15	0	0
473	2620	635	634	373	3998	54
474	2621	636	637	355	3430	51
475	2622	637	638	9	0	0
476	2623	42	637	23	0	0
477	2624	638	639	32	0	0
478	2625	639	640	32	0	0
479	2626	640	634	17	0	0
480	2627	641	642	61	332	3
481	2628	641	643	54	221	2
482	2629	644	641	62	799	5
483	2630	645	641	61	204	1
484	2631	49	646	82	493	4
485	2632	69	646	241	3264	23
486	2633	646	647	34	272	2
487	2634	52	648	84	978	8
488	2635	52	649	89	1904	14
489	2636	650	54	84	1207	10
490	2637	54	651	84	2168	16
491	2638	132	652	65	1071	7
492	2639	132	653	60	544	4
493	2649	654	655	59	646	5
494	2650	656	654	62	799	5
495	2653	657	658	92	2380	18
496	2656	659	660	50	544	4
497	2658	661	659	176	2644	17
498	2659	662	661	101	1301	10
499	2660	661	663	59	434	3
500	2661	657	661	90	272	2
501	2662	664	657	82	2261	16
502	2663	663	665	74	595	4
503	2672	666	667	160	5347	29
504	2673	667	668	39	3934	20
505	2674	669	670	42	1165	4
506	2675	557	491	11	0	0
507	2756	671	672	29	434	3
508	2757	673	674	40	434	3
509	2758	675	676	35	0	0
510	2759	677	678	63	0	0
511	2785	9	604	231	0	0
512	2855	679	163	144	1012	7
513	2859	682	681	28	0	0
514	2860	682	683	181	0	0
515	2862	684	685	30	0	0
516	2863	686	685	63	1564	3
517	2864	384	686	100	1683	8
518	2865	685	687	30	0	0
519	2866	687	679	32	0	0
520	2867	687	688	144	757	5
521	2868	688	689	119	0	0
522	2876	690	679	26	0	0
523	2878	691	692	69	493	4
524	2879	693	691	16	0	0
525	2880	694	693	70	663	3
526	2881	695	693	88	799	5
527	2882	691	696	47	111	1
528	2883	36	694	201	2542	16
529	2884	696	697	135	2448	13
530	2885	696	698	51	408	2
531	2886	698	699	53	0	0
532	2887	694	698	18	0	0
533	2896	702	703	90	162	1
534	2897	703	704	210	3960	38
535	2898	705	704	96	3706	15
536	2899	705	706	39	1811	4
537	2900	706	707	125	825	3
538	2901	706	708	369	3749	25
539	2959	709	579	79	0	0
540	2961	122	35	16	0	0
541	2991	711	712	26	3650	8
542	2992	713	714	35	4080	6
543	2993	715	716	57	2720	4
544	2994	716	711	54	0	0
545	2995	717	716	53	0	0
546	2996	610	718	59	3485	13
547	2997	535	537	150	0	0
548	2998	718	719	157	3910	18
549	2999	719	720	24	111	1
550	3000	720	721	154	383	3
551	3001	4	722	26	0	0
552	3002	723	722	57	2720	4
553	3003	724	725	78	1114	7
554	3034	619	726	157	4196	14
555	3035	727	728	62	162	1
556	3036	453	728	167	0	0
557	3042	217	729	71	1981	6
558	3063	730	731	153	4412	23
559	3142	732	733	3	0	0
560	3170	734	735	30	2040	4
561	3171	736	734	32	0	0
562	3172	381	737	37	0	0
563	3173	738	739	58	3672	8
564	3174	739	381	57	528	3
565	3175	740	741	36	0	0
566	3176	742	740	37	0	0
567	3179	743	738	36	0	0
568	3180	381	738	7	0	0
569	3181	736	735	12	0	0
570	3182	735	742	8	0	0
571	3268	324	744	102	0	0
572	3269	745	573	24	0	0
573	3270	746	747	74	1360	2
574	3273	748	749	65	4355	17
575	3274	750	326	75	5083	10
576	3278	751	752	421	340	1
577	3292	753	705	66	5967	9
578	3293	754	753	92	4334	32
579	3294	753	755	420	10878	50
580	3295	754	756	491	6882	65
581	3296	702	754	49	3562	14
582	3297	757	702	39	4201	19
583	3298	758	759	50	859	6
584	3299	760	761	139	1870	12
585	3300	762	763	15	0	0
586	3301	764	762	135	2125	12
587	3302	765	764	42	519	3
588	3303	761	764	106	1173	7
589	3304	761	766	222	2924	19
590	3305	760	767	114	1352	7
591	3306	768	769	129	2499	16
592	3307	767	770	39	629	4
593	3308	767	771	44	0	0
594	3309	771	772	53	519	3
595	3310	771	769	18	111	1
596	3311	769	773	143	2907	14
597	3312	772	315	42	315	2
598	3313	772	766	70	1156	4
599	3314	766	314	40	0	0
600	3315	766	302	386	2856	18
601	3316	306	774	77	323	2
602	3317	307	775	314	3842	38
603	3318	303	776	173	1862	12
604	3319	777	304	163	1250	5
605	3320	778	777	39	1360	2
606	3321	779	778	72	4186	15
607	3322	779	780	59	323	2
608	3323	780	781	66	111	1
609	3324	780	782	130	1547	10
610	3325	783	779	26	0	0
611	3326	783	784	160	1675	12
612	3327	785	778	153	4890	27
613	3328	786	673	195	8497	19
614	3329	787	786	70	7956	2
615	3330	788	789	191	2882	19
616	3331	788	777	80	1955	7
617	3332	763	788	119	1964	7
618	3333	763	785	137	2933	14
619	3334	784	790	56	2040	4
620	3335	791	792	117	1768	10
621	3336	792	774	290	4834	33
622	3337	774	793	57	867	4
623	3338	794	793	40	111	1
624	3339	793	671	181	2125	14
625	3340	671	296	24	0	0
626	3341	795	796	185	2907	20
627	3342	797	798	71	697	5
628	3343	797	799	75	0	0
629	3344	797	800	58	434	3
630	3345	800	801	290	3630	21
631	3346	802	803	67	1224	8
632	3347	803	804	123	272	2
633	3348	803	805	20	0	0
634	3421	487	806	92	4093	25
635	3432	807	808	5	0	0
636	3440	809	21	153	0	0
637	3441	809	810	48	2720	4
638	3472	700	811	63	3943	40
639	3473	503	502	193	0	0
640	3474	680	503	12	0	0
641	3490	812	27	449	0	0
642	3491	23	813	522	0	0
643	3493	814	812	117	1360	2
644	3494	813	814	121	0	0
645	3496	815	816	127	0	0
646	3497	817	709	26	4080	1
647	3501	819	815	125	0	0
648	3505	820	818	260	0	0
649	3509	819	816	12	0	0
650	3510	816	820	262	162	1
651	3512	816	818	11	0	0
652	3527	715	713	86	2720	4
653	3528	715	717	113	3648	12
654	3529	613	537	334	4143	45
655	3530	603	720	11	0	0
656	3532	719	821	64	1318	11
657	3554	742	741	6	0	0
658	3555	741	743	7	0	0
659	3556	743	737	8	0	0
660	3729	824	825	180	3681	16
661	3747	805	826	88	1352	10
662	3748	800	802	57	383	3
663	3749	827	828	440	3774	41
664	3750	829	828	56	0	0
665	3751	827	829	11	0	0
666	3752	830	797	266	3978	27
667	3753	795	799	67	646	4
668	3754	831	799	169	2882	17
669	3755	831	794	206	3706	19
670	3756	794	795	89	2125	8
671	3757	832	831	93	1632	8
672	3758	832	830	84	799	5
673	3759	792	832	35	315	2
674	3760	833	830	31	0	0
675	3761	830	827	65	0	0
676	3762	828	834	87	5644	2
677	3763	834	835	73	5602	2
678	3764	834	836	57	527	3
679	3765	837	836	31	272	2
680	3766	836	838	29	646	4
681	3767	836	839	55	527	3
682	3768	840	839	30	434	3
683	3769	841	839	31	383	3
684	3770	826	594	40	162	1
685	3771	826	700	76	383	3
686	3772	842	843	201	6892	2
687	3773	835	842	71	0	0
688	3774	844	845	52	1105	7
689	3775	844	846	78	204	1
690	3776	847	844	95	1369	8
691	3777	847	848	145	2312	16
692	3778	848	849	295	5638	35
693	3780	850	851	174	162	1
694	3781	850	852	39	0	0
695	3782	853	854	150	0	0
696	3783	751	854	96	111	1
697	3784	855	852	94	323	2
698	3786	856	857	52	0	0
699	3787	854	857	105	0	0
700	3789	755	708	107	0	0
701	3790	708	858	290	4182	31
702	3791	707	859	96	1063	7
703	3792	707	768	224	6616	24
704	3793	860	861	207	3910	21
705	3794	862	863	194	3383	17
706	3795	864	865	172	2967	16
707	3796	862	864	96	2236	12
708	3797	864	866	117	1853	14
709	3798	864	867	162	1998	12
710	3799	860	862	106	2797	10
711	3800	859	860	42	366	2
712	3801	859	868	202	2729	13
713	3802	868	869	140	2057	12
714	3846	870	871	54	2720	4
715	3853	11	872	89	8366	2
716	3855	165	873	89	7806	1
717	3910	874	875	27	162	1
718	3911	876	874	333	204	1
719	3912	877	878	60	0	0
720	3916	879	880	142	1760	10
721	3922	881	882	26	0	0
722	3923	449	883	145	4723	19
723	3924	20	881	26	0	0
724	3926	884	885	54	0	0
725	3927	885	886	60	0	0
726	3928	887	888	69	204	1
727	3929	889	890	96	3862	30
728	3930	891	892	85	791	2
729	3931	893	891	116	162	1
730	3941	154	894	41	383	3
731	3942	895	894	40	1182	8
732	3943	896	897	53	646	4
733	3944	898	896	53	3695	10
734	3953	807	899	182	2533	19
735	3970	874	900	50	434	3
736	3973	901	902	45	1020	2
737	3982	882	903	56	3748	3
738	3983	881	904	56	3740	1
739	3984	905	883	33	1360	2
740	3985	20	906	57	3740	1
741	3987	907	884	122	3614	20
742	3988	885	908	62	1360	2
743	3989	887	909	87	3682	13
744	3990	892	910	18	4201	8
745	3991	891	911	72	3793	10
746	3992	912	913	219	111	1
747	4220	786	915	126	6914	4
748	4221	916	917	62	0	0
749	4233	233	447	346	680	1
750	4234	589	918	63	3436	14
751	4235	919	589	56	3733	26
752	4236	410	920	335	6054	37
753	4237	921	372	157	4429	15
754	4238	922	375	71	842	5
755	4239	923	922	73	833	3
756	4250	924	925	88	2049	10
757	4264	926	927	73	272	2
758	4265	920	928	77	1658	10
759	4266	261	110	97	1343	9
760	4267	929	930	133	2652	6
761	4268	461	394	129	442	4
762	4269	291	931	50	1394	9
763	4270	932	377	141	4987	27
764	4271	933	338	49	970	6
765	4272	415	933	97	3466	32
766	4274	669	414	41	0	0
767	4275	670	898	35	1641	4
768	4276	934	669	116	3247	11
769	4278	935	936	83	0	0
770	4279	937	938	62	910	4
771	4280	466	939	3	0	0
772	4281	940	941	33	4122	20
773	4282	942	940	27	3899	39
774	4283	943	942	52	13541	13
775	4284	944	945	67	3882	9
776	4285	505	493	42	1360	2
777	4295	33	580	17	204	1
778	4334	946	947	246	0	0
779	4335	947	948	166	1870	10
780	4376	623	949	68	867	6
781	4377	68	48	88	1131	4
782	4378	950	951	108	1581	12
783	4379	952	953	39	383	3
784	4380	954	536	105	2712	15
785	4381	443	439	110	2720	4
786	4401	473	943	58	680	1
787	4402	473	955	16	2601	6
788	4403	228	472	61	3547	12
789	4404	486	477	100	162	1
790	4405	227	488	37	1020	2
791	4406	956	957	80	2933	10
792	4407	958	959	223	5445	56
793	4408	492	960	102	4238	34
794	4409	961	489	48	2652	24
795	4410	484	488	29	1802	9
796	4411	485	487	75	4471	32
797	4412	490	962	25	825	7
798	4413	963	964	56	1360	2
799	4414	963	965	81	0	0
800	4415	966	253	90	0	0
801	4416	498	551	173	7805	48
802	4417	499	966	198	7600	2
803	4418	967	462	68	27133	38
804	4419	243	967	142	1522	3
805	4420	491	241	184	680	1
806	4422	560	968	185	4174	11
807	4424	969	970	153	0	0
808	4425	209	971	67	3652	8
809	4491	972	498	17	434	3
810	4492	170	203	177	0	0
811	4493	973	568	267	4876	33
812	4585	975	266	285	5168	29
813	4586	266	976	231	3698	23
814	4587	977	545	44	0	0
815	4588	270	545	470	5087	28
816	4589	978	977	108	162	1
817	4591	979	546	60	2754	5
818	4592	548	547	34	0	0
819	4594	277	170	10	0	0
820	4595	10	274	112	0	0
821	4627	833	747	275	7788	6
822	4628	756	755	116	3757	14
823	4674	165	11	344	0	0
824	4682	980	981	120	2066	12
825	4683	927	379	121	2100	12
826	4684	928	739	96	2576	15
827	4685	383	261	97	961	6
828	4686	982	983	68	3611	49
829	4687	897	933	138	16513	50
830	4688	984	985	65	0	0
831	4712	244	7	388	0	0
832	4714	305	782	155	3520	17
833	4715	790	791	23	0	0
834	4716	782	790	61	859	6
835	4717	298	986	115	969	6
836	4719	987	988	149	323	2
837	4721	989	990	27	0	0
838	4779	22	809	16	0	0
839	4780	991	992	187	12251	25
840	4828	993	994	48	323	2
841	4833	994	995	83	646	4
842	4957	140	996	79	0	0
843	4958	645	44	14	0	0
844	4959	49	997	13	0	0
845	4960	998	999	87	1080	8
846	4961	1000	998	24	0	0
847	4962	1001	1002	13	111	1
848	4963	1003	1004	31	0	0
849	4964	95	468	27	502	2
850	4965	1005	690	21	0	0
851	4991	684	1005	25	0	0
852	4992	393	391	24	0	0
853	4993	403	1006	25	340	1
854	4994	409	932	92	3366	21
855	4995	1007	1008	239	5293	43
856	4996	1009	1010	102	1437	6
857	4997	1011	1012	151	0	0
858	4998	1013	1014	258	0	0
859	4999	1015	1016	216	0	0
860	5000	1017	1014	156	0	0
861	5005	1018	1019	78	1003	6
862	5018	1019	1020	154	2644	13
863	5019	29	1021	50	0	0
864	5061	1022	1023	169	3965	23
865	5062	1023	421	46	0	0
866	5063	734	1024	85	1224	8
867	5064	1024	1025	117	893	5
868	5065	1025	423	273	4893	34
869	5066	162	161	49	0	0
870	5067	1026	80	137	842	2
871	5071	110	681	95	0	0
872	5072	1027	683	31	0	0
873	5084	1028	1029	41	765	6
874	5087	1030	1031	39	221	2
875	5088	1032	1030	153	1760	11
876	5121	1033	1034	61	2210	4
877	5169	475	243	272	4080	6
878	5170	944	471	81	0	0
879	5171	476	1035	63	1700	4
880	5172	1036	1037	97	434	3
881	5173	1038	1036	97	544	4
882	5174	561	1039	162	8316	8
883	5175	959	972	196	3264	19
884	5176	562	1040	332	3485	8
885	5263	1041	97	205	3247	17
886	5264	1042	1043	41	3400	5
887	5265	565	1043	40	0	0
888	5266	1042	1044	97	680	2
889	5267	1044	1045	252	6673	34
890	5268	1046	1047	140	2720	4
891	5269	454	1013	186	0	0
892	5271	1048	1049	108	1360	2
893	5272	1050	1049	36	0	0
894	5273	455	1016	158	0	0
895	5274	1051	727	46	1360	2
896	5276	727	1052	155	340	1
897	5277	359	1053	219	0	0
898	5279	1052	732	66	162	1
899	5281	1054	455	65	0	0
900	5296	1055	1041	114	2236	12
901	5297	1056	1055	108	1632	10
902	5298	729	378	440	4624	48
903	5299	922	1057	149	4318	17
904	5300	1057	1058	158	5381	20
905	5301	1057	1059	86	646	4
906	5302	1059	1060	200	3553	18
907	5303	1060	335	11	0	0
908	5304	1058	88	171	3877	30
909	5305	1061	1058	90	850	2
910	5306	1058	1060	94	1836	6
911	5307	336	1062	79	1020	2
912	5308	1062	1063	252	4074	33
913	5309	1059	1064	89	408	2
914	5310	1065	1023	76	3646	9
915	5311	1066	1067	10	0	0
916	5312	1068	1067	79	0	0
917	5313	1067	1069	29	0	0
918	5314	1066	154	40	808	5
919	5315	152	1069	107	366	2
920	5316	1068	151	40	0	0
921	5317	150	148	35	0	0
922	5319	1070	1071	110	1360	8
923	5320	1072	1071	208	2567	17
924	5325	1073	824	139	799	5
925	5326	1074	1073	214	4131	25
926	5327	1075	1076	52	162	1
927	5328	1075	1077	121	2159	13
928	5329	1075	1078	37	0	0
929	5330	1076	1078	56	366	2
930	5331	1076	1079	23	204	1
931	5332	1080	2	121	1114	7
932	5333	1080	1081	131	1165	7
933	5334	1082	1081	101	1190	8
934	5335	1081	1083	101	1904	7
935	5336	1083	1072	58	272	2
936	5337	1084	1018	149	1020	7
937	5338	1085	1086	24	162	1
938	5339	1085	1087	43	366	2
939	5340	1087	1088	107	570	3
940	5343	1088	1089	45	315	2
941	5344	1088	1090	62	595	4
942	5345	1087	1091	123	1318	8
943	5346	1072	1085	103	1293	9
944	5348	1092	126	30	111	1
945	5349	1093	1094	209	3120	20
946	5350	1095	1096	248	3426	22
947	5351	1094	1097	18	0	0
948	5356	1098	1099	117	1989	13
949	5357	1100	1101	75	1649	10
950	5368	146	150	319	3610	36
951	5369	146	143	34	0	0
952	5370	1102	1103	110	2865	13
953	5371	1025	1102	98	1165	7
954	5372	1102	423	362	3613	36
955	5373	1104	423	111	1292	9
956	5374	1105	1104	226	4361	22
957	5375	1106	1105	74	918	7
958	5376	1106	1107	180	2839	17
959	5377	1065	1107	74	927	5
960	5378	1108	1065	144	1904	12
961	5379	1109	1108	80	1335	9
962	5380	1109	1110	125	1683	10
963	5381	1111	1110	83	323	2
964	5382	1062	1111	127	3154	11
965	5383	102	1024	182	1675	11
966	5384	1105	1025	33	0	0
967	5385	1112	1054	166	510	1
968	5386	452	455	285	0	0
969	5387	1013	1113	280	0	0
970	5388	1012	451	101	0	0
971	5389	1114	1115	110	3565	8
972	5390	1116	322	29	3894	8
973	5391	450	1117	99	3905	19
974	5392	450	1118	115	3537	22
975	5393	1117	1119	74	1870	3
976	5394	1120	1117	149	3819	12
977	5395	750	1121	243	3799	32
978	5396	1122	1123	18	323	2
979	5397	1123	1121	103	0	0
980	5398	744	592	132	5780	24
981	5399	1118	1124	100	4222	10
982	5400	1125	1126	25	1003	4
983	5402	1126	1127	26	2270	8
984	5403	1128	1129	123	4055	10
985	5404	1130	1128	82	2967	9
986	5405	1131	1128	27	0	0
987	5407	1132	1125	80	1080	7
988	5408	1132	1131	54	1224	3
989	5409	1124	1132	84	1496	5
990	5410	591	1133	96	4477	16
991	5411	1134	1135	107	1020	7
992	5412	924	1136	110	1641	10
993	5413	1136	1137	242	3791	24
994	5414	1137	1138	236	3842	24
995	5415	1139	1140	237	3933	26
996	5416	1136	1139	185	3179	21
997	5417	1139	1137	117	1369	8
998	5418	925	1141	105	1496	10
999	5419	1142	1143	68	1114	7
1000	5420	1144	1098	168	3468	20
1001	5421	1100	1098	74	485	3
1002	5422	1100	1145	176	4029	24
1003	5423	1012	1146	155	0	0
1004	5424	1147	1146	177	6035	24
1005	5425	1148	1147	41	689	4
1006	5426	875	1148	172	4905	21
1007	5427	252	876	27	0	0
1008	5428	1149	1147	57	2185	14
1009	5429	1150	875	74	2006	6
1010	5430	1150	1144	120	1547	10
1011	5439	1107	1104	83	1292	7
1012	5440	1110	1065	84	527	3
1013	5441	1108	1106	73	927	7
1014	5442	1062	1109	83	544	4
1015	5443	91	1062	113	706	5
1016	5444	1111	1151	54	3928	10
1017	5445	1064	91	108	1734	10
1018	5446	376	1064	149	2916	16
1019	5447	380	102	165	2712	15
1020	5448	1152	159	149	2440	15
1021	5449	103	1153	147	3392	23
1022	5450	689	1154	183	0	0
1023	5451	106	1155	167	2856	20
1024	5452	1156	1068	16	0	0
1025	5453	1156	1157	169	3570	24
1026	5454	1158	1157	121	1403	8
1027	5455	1159	1158	130	1598	11
1028	5456	1160	1161	82	272	2
1029	5457	1158	1161	83	706	3
1030	5458	1161	1152	206	3502	20
1031	5459	1160	1162	93	1768	11
1032	5460	1156	1158	177	2491	18
1033	5461	1157	1163	58	663	3
1034	5462	1163	1152	76	731	4
1035	5463	155	1163	171	2763	20
1036	5464	1163	1164	219	2516	15
1037	5465	1165	1166	197	2763	17
1038	5466	1167	1168	197	3010	18
1039	5467	981	1169	112	0	0
1040	5468	1170	1171	46	867	6
1041	5469	1172	1173	110	2856	13
1042	5470	1173	1174	90	4169	16
1043	5471	1175	1176	95	2729	10
1044	5472	1177	1178	96	4080	6
1045	5473	1178	1179	98	3664	16
1046	5474	1178	1170	92	1666	9
1047	5475	1133	1178	133	3792	15
1048	5476	1133	1180	79	3384	19
1049	5477	1172	1175	102	2338	8
1050	5478	1181	1175	97	1530	12
1051	5479	1181	1182	121	4915	11
1052	5480	1183	1181	97	1173	8
1053	5481	1183	1184	31	4345	10
1054	5482	1184	1185	115	5562	24
1055	5483	1184	760	353	4191	42
1056	5484	1174	1183	56	3332	7
1057	5485	1170	1173	54	1930	5
1058	5486	1130	1186	51	2695	11
1059	5487	1187	1130	125	3461	10
1060	5488	1176	1188	157	4871	16
1061	5489	1176	1182	88	3273	9
1062	5490	1182	1185	101	2720	5
1063	5491	1182	1188	218	5216	32
1064	5492	1185	761	306	4115	35
1065	5493	1185	1189	116	5698	19
1066	5494	1189	1190	84	4624	11
1067	5495	1080	1078	6	0	0
1068	5498	1191	1192	162	2941	15
1069	5499	1193	1192	81	434	3
1070	5500	1192	1020	139	1530	9
1071	5527	1194	981	195	2856	18
1072	5528	369	587	197	2414	12
1073	5529	587	1194	190	5857	26
1074	5530	588	1167	189	1870	12
1075	5531	96	588	244	2389	11
1076	5532	1195	980	186	1046	6
1077	5533	1196	980	155	3928	13
1078	5534	371	1197	167	4055	12
1079	5535	1197	1196	194	2644	13
1080	5538	1192	1198	93	1641	10
1081	5539	1198	1199	89	1394	9
1082	5540	1198	1200	58	1071	7
1083	5545	1201	1202	116	1377	8
1084	5547	1203	1204	84	706	5
1085	5550	1205	1202	153	1913	13
1086	5551	1206	1202	64	111	1
1087	5552	1191	1019	132	1233	8
1088	5553	1082	1084	128	1683	10
1089	5554	1084	1191	100	1394	9
1090	5555	1077	1082	44	663	3
1091	5556	1207	1208	26	0	0
1092	5557	820	1209	276	0	0
1093	5770	111	1210	125	816	6
1094	5784	625	1211	68	604	5
1095	5785	1212	140	153	0	0
1096	5786	1213	1212	100	0	0
1097	5787	141	1213	208	0	0
1098	5788	1214	130	12	0	0
1099	5789	132	654	53	111	1
1100	5790	442	1000	98	221	2
1101	5791	1215	1216	57	272	2
1102	5792	1216	68	20	0	0
1103	5793	1217	1218	141	0	0
1104	5838	1217	1026	87	340	1
1105	5840	1219	1220	168	4395	19
1106	5841	1221	1219	119	1743	9
1107	5842	1220	954	84	910	6
1108	5843	1222	1223	49	1496	5
1109	5844	1223	1221	53	859	6
1110	5845	1224	1222	48	332	3
1111	5846	1224	1225	39	204	1
1112	5847	1226	85	108	2091	9
1113	5848	584	1226	190	5347	19
1114	5849	1227	1225	110	1207	7
1115	5850	440	1022	126	4053	29
1116	5851	63	1227	101	774	4
1117	5859	878	1228	247	0	0
1118	5860	1229	1230	161	5640	18
1119	5861	947	1229	62	162	1
1120	5862	1228	1030	234	2338	13
1121	5863	879	1032	152	2108	13
1122	5993	1231	1232	19	272	2
1123	5994	1232	1233	101	1522	11
1124	5995	1234	1235	99	1870	12
1125	5996	1235	1236	59	1114	7
1126	5998	956	1237	62	10183	20
1127	5999	1237	1238	31	995	4
1128	6002	406	1239	208	3230	5
1129	6003	400	1240	64	4068	29
1130	6004	340	408	107	3656	20
1131	6005	407	408	193	1870	3
1132	6006	897	1241	246	5828	53
1133	6007	412	340	216	7140	38
1134	6008	1240	397	98	3400	2
1135	6009	1242	1240	56	221	2
1136	6010	1243	1244	130	0	0
1137	6011	415	1245	77	7604	43
1138	6012	1246	1247	84	2720	4
1139	6013	1248	666	31	825	3
1140	6014	1243	1249	258	4467	20
1141	6015	1250	1249	141	3936	14
1142	6016	666	1251	52	4083	20
1143	6017	667	1241	52	1182	3
1144	6018	1252	1248	74	1633	4
1145	6019	1253	1254	357	3988	48
1146	6020	1179	1253	94	3783	12
1147	6021	1255	1179	78	2738	12
1148	6022	1256	757	80	4970	30
1149	6023	757	1257	330	7653	45
1150	6024	1257	758	57	323	2
1151	6025	1258	758	132	6299	24
1152	6026	1259	1258	201	6797	32
1153	6027	1259	1256	23	1522	4
1154	6028	1177	1259	96	5041	16
1155	6029	1177	1260	226	4866	39
1156	6030	1260	1258	89	1224	4
1157	6031	1179	703	131	3919	21
1158	6032	1253	1174	76	4165	21
1159	6062	118	1261	172	1947	13
1160	6063	581	1261	128	2236	12
1161	6064	1262	1263	4	0	0
1162	6065	1262	1264	241	8190	4
1163	6066	1265	1266	57	0	0
1164	6069	1266	1267	180	1505	8
1165	6072	1096	1268	86	527	3
1166	6073	1269	1096	88	638	4
1167	6074	1267	1270	30	0	0
1168	6075	1267	1271	74	383	3
1169	6076	1270	1272	75	323	2
1170	6077	1273	1274	72	748	5
1171	6078	1273	1138	96	272	2
1172	6079	1270	1273	29	0	0
1173	6080	1138	1140	96	272	2
1174	6081	1275	1140	37	0	0
1175	6082	1275	1276	301	485	3
1176	6127	1277	1278	236	6933	25
1177	6128	1241	1279	66	1020	2
1178	6129	1277	1279	50	0	0
1179	6130	1278	1280	55	1463	10
1180	6131	1281	1280	58	3619	18
1181	6132	1282	1283	127	4067	49
1182	6133	1282	1284	64	2610	7
1183	6134	1008	1285	251	7299	85
1184	6135	1285	1278	37	783	5
1185	6136	1008	1286	98	1148	7
1186	6137	1008	1282	157	5480	24
1187	6138	1286	1252	17	0	0
1188	6139	1287	418	49	1658	10
1189	6140	1288	418	62	2720	4
1190	6141	1288	1289	117	3857	18
1191	6142	1280	1287	308	3731	79
1192	6143	1290	1287	117	3803	12
1193	6144	1291	1281	59	3686	18
1194	6145	1281	985	124	3634	18
1195	6146	1291	984	110	3525	18
1196	6147	1292	1293	211	3332	20
1197	6148	1294	1290	76	3574	17
1198	6149	984	1295	98	3671	37
1199	6150	985	1296	160	4114	31
1200	6151	1297	1283	176	4137	14
1201	6152	1298	1299	148	4610	49
1202	6153	1299	1300	106	4250	7
1203	6154	1300	1301	37	8188	2
1204	6175	817	808	79	0	0
1205	6176	579	808	145	6896	3
1206	6177	1302	1303	85	1768	8
1207	6178	1304	1305	62	3868	1
1208	6179	1021	1306	181	1182	3
1209	6180	1304	1307	123	3919	11
1210	6181	692	1308	173	2924	19
1211	6182	695	692	151	1564	10
1212	6183	1309	1310	72	680	4
1213	6184	1311	1312	82	111	1
1214	6185	1312	1313	17	0	0
1215	6186	1312	1314	100	340	1
1216	6192	1315	1316	177	204	1
1217	6193	1317	1315	74	0	0
1218	6194	1113	1017	82	0	0
1219	6226	1318	1012	396	0	0
1220	6228	1319	1320	23	0	0
1221	6241	1299	1292	147	3877	36
1222	6242	1321	1291	65	4135	13
1223	6243	1298	1283	28	1870	3
1224	6244	1292	1294	78	1530	3
1225	6245	1292	1322	209	13545	27
1226	6246	1294	456	240	2720	4
1227	6249	1322	936	110	612	3
1228	6250	1322	1323	238	3239	18
1229	6251	1324	936	273	3603	12
1230	6252	1325	935	98	162	1
1231	6253	1325	1326	90	4922	43
1232	6254	1326	1327	121	5192	19
1233	6255	938	1328	132	1573	9
1234	6256	1327	387	102	1360	2
1235	6257	1329	396	234	8070	59
1236	6258	1330	1331	163	6526	52
1237	6336	1329	1330	67	2270	16
1238	6337	1330	1332	62	1896	10
1239	6338	1332	1333	84	2346	9
1240	6339	1332	1334	166	6942	75
1241	6340	1335	460	61	2720	4
1242	6341	1336	1332	153	4934	43
1243	6342	1337	1329	100	5384	32
1244	6343	1338	1337	78	3953	16
1245	6344	1336	1337	120	4870	46
1246	6345	461	1329	108	1190	8
1247	6346	467	1336	181	4344	37
1248	6347	465	1336	82	3009	10
1249	6348	354	504	12	408	2
1250	6349	355	1339	72	1131	3
1251	6350	476	1340	105	4015	30
1252	6351	1340	967	85	3562	20
1253	6352	1340	1341	47	4007	11
1254	6368	824	1342	185	3018	17
1255	6371	1343	1344	93	4123	38
1256	6372	1343	1345	140	3769	26
1257	6373	1334	1346	84	3602	12
1258	6374	1331	1334	64	774	4
1259	6375	1347	1348	87	680	2
1260	6376	1349	1350	85	4854	22
1261	6377	1350	1343	81	3740	6
1262	6378	1349	1351	48	2083	7
1263	6379	1347	1349	81	3511	24
1264	6380	1334	1347	106	4066	53
1265	6381	1352	1333	115	4316	13
1266	6382	1344	1353	129	4191	24
1267	6383	1354	1344	122	3400	5
1268	6384	1355	1356	133	4242	23
1269	6385	1353	1357	118	0	0
1270	6386	1358	1355	133	0	0
1271	6387	1358	1359	101	850	2
1272	6388	1352	1358	151	800	5
1273	6389	1352	1360	98	323	2
1274	6390	1357	1361	324	4674	36
1275	6426	948	1362	58	1250	10
1276	6428	1363	1032	48	1148	6
1277	6449	536	1364	171	2516	14
1278	6450	1364	1365	175	3647	20
1279	6451	1366	1367	80	1369	8
1280	6452	954	1368	82	2763	9
1281	6453	1369	1370	78	1122	7
1282	6454	1366	58	89	1250	7
1283	6455	1364	1366	111	1250	7
1284	6456	58	1369	76	1352	7
1285	6457	1220	58	180	4131	17
1286	6458	1371	515	104	1250	7
1287	6459	1365	1372	153	2805	17
1288	6460	1373	1365	214	3698	20
1289	6461	1374	514	59	893	5
1290	6462	514	1372	99	1097	6
1291	6463	1375	1373	90	1828	7
1292	6464	1376	198	56	1522	7
1293	6465	1377	1378	5	0	0
1294	6466	1238	1379	96	2771	8
1295	6467	1379	1380	20	1700	3
1296	6470	1007	346	99	1352	10
1297	6471	1376	965	51	1020	2
1298	6472	1381	1376	14	0	0
1299	6473	540	1381	83	4184	18
1300	6474	1381	956	131	4487	46
1301	6475	965	1382	68	2083	13
1302	6476	964	540	6	0	0
1303	6477	343	347	122	4703	36
1304	6478	346	343	74	4718	21
1305	6479	1383	1384	276	8041	40
1306	6480	1384	1297	63	3594	13
1307	6481	1384	496	88	11728	22
1308	6482	255	1384	68	4211	9
1309	6483	1385	1293	107	799	5
1310	6484	1300	1385	102	4307	14
1311	6485	496	1385	96	4774	18
1312	6490	1386	1387	206	2406	15
1313	6491	1073	1387	218	3247	24
1314	6495	825	1386	11	0	0
1315	6501	124	1388	108	1343	9
1316	6502	1389	1390	56	961	6
1317	6504	1390	1388	59	493	4
1318	6506	1388	1391	90	748	5
1319	6507	1392	1393	89	689	4
1320	6512	1388	1392	75	493	4
1321	6513	1394	124	124	595	4
1322	6514	1395	1392	224	2423	17
1323	6515	1392	1396	75	595	4
1324	6516	1142	1396	215	2763	18
1325	6521	1397	1398	81	2219	12
1326	6522	1308	1397	246	2491	17
1327	6523	1399	1397	111	1615	6
1328	6524	697	1400	130	1615	11
1329	6525	1401	1402	44	162	1
1330	6526	1233	1402	116	1250	9
1331	6527	1403	1233	327	4358	32
1332	6528	1310	1231	288	3813	27
1333	6529	1310	1404	346	6275	28
1334	6530	1404	1231	160	2763	17
1335	6531	1236	1405	101	1828	10
1336	6533	1099	1236	76	935	5
1337	6534	1406	1407	120	1224	8
1338	6535	1234	1099	210	3579	24
1339	6536	1402	1408	49	476	3
1340	6537	1409	1410	66	485	3
1341	6538	1361	1404	126	1581	10
1342	6554	1373	515	152	2287	14
1343	6555	515	514	103	1581	9
1344	6556	1369	1373	103	1913	10
1345	6557	1222	1411	247	3755	26
1346	6558	1411	521	124	1989	11
1347	6559	1412	1411	101	1734	10
1348	6560	1411	1413	115	1505	10
1349	6561	1221	1413	299	3477	35
1350	6562	1414	1371	59	1131	7
1351	6563	731	1371	96	1131	8
1352	6564	730	1375	78	884	5
1353	6565	1413	730	142	1445	9
1354	6566	1002	521	174	1598	10
1355	6567	1375	1415	60	1411	8
1356	6570	1417	1418	120	10604	16
1357	6571	1416	1419	84	2967	17
1358	6572	1420	1421	52	672	2
1359	6573	998	1422	78	816	6
1360	6574	1423	1383	26	434	3
1361	6575	1293	1323	261	3324	22
1362	6576	347	1424	46	0	0
1363	6578	1424	1423	77	2661	9
1364	6579	1425	253	30	1131	3
1365	6580	829	1426	181	8098	8
1366	6581	1427	551	38	0	0
1367	6582	551	1425	138	4981	24
1368	6583	552	554	79	527	3
1369	6584	1428	1037	98	1607	11
1370	6585	1429	1036	75	553	5
1371	6586	1430	1038	75	927	7
1372	6587	1324	222	109	0	0
1373	6588	1323	223	72	493	4
1374	6589	224	1431	173	0	0
1375	6590	566	555	75	315	2
1376	6591	1432	1433	75	1071	7
1377	6592	555	1432	57	485	3
1378	6593	1432	1431	108	995	4
1379	6612	1434	1234	81	1896	12
1380	6613	1435	1434	133	1828	10
1381	6614	1434	1144	152	1717	11
1382	6615	1436	1150	96	5925	10
1383	6616	1435	1320	232	1760	9
1384	6617	1435	1436	120	2873	13
1385	6618	1436	1319	187	5201	33
1386	6619	1146	1320	103	0	0
1387	6620	1361	1435	69	2125	7
1388	6639	877	1437	164	2015	6
1389	6640	1229	901	118	1768	4
1390	6643	878	946	11	0	0
1391	6655	1000	1438	131	4616	12
1392	6656	1412	1439	120	1326	8
1393	6657	1225	1412	201	2482	13
1394	6658	636	635	74	1097	6
1395	6659	632	636	65	1378	9
1396	6660	1440	632	77	1114	7
1397	6661	1001	1440	146	638	4
1398	6662	1441	178	64	850	5
1399	6663	1442	1443	73	893	5
1400	6664	635	1003	86	1335	7
1401	6665	1004	1417	88	0	0
1402	6666	1416	1420	72	0	0
1403	6667	1216	1444	184	3975	49
1404	6668	1438	1445	284	3621	29
1405	6669	1446	1420	49	0	0
1406	6670	157	1447	204	3103	18
1407	6671	1448	950	151	1683	12
1408	6672	1448	73	198	2839	20
1409	6673	157	1448	96	1284	9
1410	6674	1438	157	154	4123	13
1411	6675	1449	1054	186	4086	12
1412	6676	1015	1449	227	1870	3
1413	6677	1449	1450	266	408	2
1414	6678	1451	1450	98	0	0
1415	6679	1452	913	333	0	0
1416	6680	1011	1451	121	0	0
1417	6682	1453	1454	336	2210	4
1418	6683	1455	1453	73	3400	6
1419	6684	1453	1118	172	1862	4
1420	6685	1456	1455	12	0	0
1421	6686	1456	1457	129	4171	14
1422	6687	969	1458	14	0	0
1423	6688	1459	1456	189	4843	24
1424	6689	1460	1461	71	3796	17
1425	6690	1457	1461	85	2032	7
1426	6691	1457	450	142	3528	16
1427	6692	562	1462	64	0	0
1428	6693	1463	562	183	3784	16
1429	6694	1454	1463	5	0	0
1430	6695	1454	1131	155	5117	23
1431	6696	1463	1464	76	3638	20
1432	6697	1464	1465	58	536	4
1433	6698	1466	1467	65	1930	6
1434	6714	1023	156	12	0	0
1435	6726	1468	1469	216	3443	21
1436	6727	1470	1471	103	1071	7
1437	6728	1471	1472	87	1105	7
1438	6729	1471	87	95	434	3
1439	6730	83	1223	63	162	1
1440	6731	1224	1473	122	2669	13
1441	6732	1474	1475	50	1148	9
1442	6733	1474	1476	60	2380	6
1443	6734	1477	1478	23	0	0
1444	6735	1478	1479	32	111	1
1445	6736	563	1047	217	3461	15
1446	6737	563	1427	229	4787	21
1447	6738	972	1480	33	272	2
1448	6739	1481	1047	150	3910	16
1449	6740	1427	1481	14	0	0
1450	6741	1481	1482	67	0	0
1451	6742	1482	1046	69	4080	6
1452	6743	1046	1042	138	3432	9
1453	6753	1086	1483	113	2168	13
1454	6760	1395	1142	74	1437	9
1455	6761	1394	1395	70	799	5
1456	6762	1484	256	146	2933	17
1457	6763	1485	1486	38	570	3
1458	6764	1487	1485	86	383	3
1459	6765	1488	1269	136	2168	13
1460	6766	1489	1269	86	757	5
1461	6768	1489	1490	23	0	0
1462	6787	585	1470	174	2567	15
1463	6788	586	1491	133	1768	12
1464	6789	1492	586	232	3443	27
1465	6790	85	1493	124	1207	7
1466	6791	87	1494	75	451	2
1467	6792	583	1165	190	2601	16
1468	6793	94	582	276	2856	16
1469	6794	95	1495	310	4405	34
1470	6795	583	1495	44	774	4
1471	6796	1495	584	95	2746	14
1472	6797	97	94	6	0	0
1473	6799	1496	1497	147	2712	18
1474	6800	1496	1498	261	3893	24
1475	6801	1499	1496	21	162	1
1476	6802	1499	1500	102	1955	14
1477	6805	1501	1502	191	4230	34
1478	6806	1501	992	329	4126	60
1479	6807	992	1503	135	7068	33
1480	6816	1504	1505	70	3646	7
1481	6817	26	1506	331	4272	40
1482	6818	25	1506	339	4752	35
1483	6819	1507	24	166	315	2
1484	6820	1508	121	27	162	1
1485	6821	1509	1510	63	1360	2
1486	6822	1511	32	83	587	4
1487	6827	1506	1503	71	162	1
1488	6828	30	1512	133	1301	3
1489	6829	30	1513	71	0	0
1490	6830	1514	1501	150	2720	4
1491	6831	1350	1515	167	3979	12
1492	6832	1516	1515	195	5126	15
1493	6833	1517	1518	171	3609	45
1494	6834	1519	1517	61	2848	9
1495	6839	603	721	156	1505	5
1496	6840	608	5	94	1955	7
1497	6841	5	602	174	5075	15
1498	6848	1508	1507	24	731	3
1499	6850	580	1508	17	0	0
1500	6851	807	1522	72	8160	2
1501	6852	1	1302	96	1360	2
1502	6853	1523	695	114	2074	13
1503	6854	1524	1403	109	2253	11
1504	6855	1523	36	26	0	0
1505	6856	1525	1309	70	1700	3
1506	6857	1526	1527	28	162	1
1507	6858	1527	1399	118	2567	7
1508	6859	697	1308	74	595	4
1509	6860	1403	699	148	3196	11
1510	6865	262	273	144	111	1
1511	6866	262	1029	181	0	0
1512	6867	1528	1529	33	3552	42
1513	6868	1528	1530	134	4087	30
1514	6869	1530	575	199	4198	31
1515	6870	575	266	141	774	4
1516	6871	1531	975	238	4649	45
1517	6872	1532	265	199	4106	27
1518	6873	457	1529	241	1794	9
1519	6875	445	267	69	0	0
1520	6924	273	1531	30	0	0
1521	6925	1533	269	93	2244	14
1522	6926	271	548	27	0	0
1523	6927	274	167	12	0	0
1524	6992	1534	1535	53	272	2
1525	6993	252	1536	350	0	0
1526	7050	1537	1538	78	0	0
1527	7051	1218	1537	83	0	0
1528	7087	370	590	119	2805	19
1529	7088	590	1195	202	4498	13
1530	7089	590	1197	123	2312	9
1531	7090	923	1539	133	2423	15
1532	7091	1540	216	45	842	5
1533	7092	372	1541	147	4286	14
1534	7093	1541	373	118	1734	10
1535	7094	1542	1541	82	1938	5
1536	7095	1543	1544	189	5249	63
1537	7096	1544	1545	84	3695	12
1538	7097	409	1545	206	7409	67
1539	7098	1546	1547	202	6095	20
1540	7099	1542	1548	184	6408	28
1541	7100	1548	1549	77	2857	14
1542	7101	1545	1549	163	6643	55
1543	7102	1545	1550	91	1760	5
1544	7103	932	1550	206	5185	54
1545	7104	1550	370	104	4089	12
1546	7105	1550	1551	166	6225	66
1547	7106	1549	1551	91	4619	11
1548	7107	1551	371	103	4743	11
1549	7108	373	920	84	842	5
1550	7109	920	1552	43	162	1
1551	7110	928	1553	144	3575	19
1552	7111	1554	1555	82	1377	9
1553	7112	1556	1554	260	5789	29
1554	7113	1557	1555	222	4344	26
1555	7114	1558	1559	88	893	5
1556	7115	1189	764	314	5886	34
1557	7116	1560	762	184	2278	9
1558	7117	1190	1560	80	3944	7
1559	7118	1560	1561	181	4850	18
1560	7119	1562	1561	81	3698	12
1561	7120	1563	1562	56	162	1
1562	7121	1564	1563	132	5100	17
1563	7122	1565	1564	120	4841	15
1564	7123	1565	1187	82	2686	9
1565	7124	1188	1187	78	3638	8
1566	7125	1564	1566	140	4641	19
1567	7126	1566	1562	173	6120	33
1568	7127	1476	1563	124	1556	10
1569	7128	1563	328	83	1751	8
1570	7129	1567	1568	81	748	5
1571	7130	1479	1569	216	3188	15
1572	7131	1479	1567	112	2117	11
1573	7132	1466	1476	55	2576	6
1574	7133	1464	1565	74	5143	18
1575	7134	1565	1466	106	4140	12
1576	7135	1566	1190	10	0	0
1577	7136	1561	1570	107	10750	11
1578	7137	1570	785	152	5372	21
1579	7138	1570	1571	80	901	3
1580	7139	1571	1572	98	1777	12
1581	7140	1573	1574	63	1420	8
1582	7141	1574	1575	143	2618	17
1583	7142	1576	1575	158	1556	10
1584	7143	1577	783	102	2797	13
1585	7144	1571	1576	87	808	6
1586	7146	19	1579	80	0	0
1587	7150	1578	1580	37	0	0
1588	7151	1581	1582	289	204	1
1589	7152	1581	884	101	2380	4
1590	7176	1268	1583	123	952	6
1591	7177	1097	1268	183	2661	15
1592	7196	1584	1585	72	3695	17
1593	7197	1585	382	115	9668	12
1594	7198	1553	1585	101	9180	7
1595	7199	1584	1559	6	0	0
1596	7200	1555	1584	89	1632	8
1597	7201	373	926	8	0	0
1598	7202	1586	382	96	0	0
1599	7203	144	1587	119	1522	11
1600	7204	1588	144	119	1573	9
1601	7205	1588	1589	80	111	1
1602	7206	1589	1590	232	2967	19
1603	7207	1590	1587	84	570	3
1604	7208	1590	1591	5	0	0
1605	7209	1592	1591	191	2100	14
1606	7210	1591	1593	229	2984	21
1607	7211	1592	1593	183	2686	16
1608	7212	1594	1592	92	706	5
1609	7213	1288	1595	262	4043	13
1610	7214	1594	1596	100	1114	7
1611	7215	1594	684	242	7724	34
1612	7216	1596	686	262	4140	27
1613	7217	1596	1597	75	1182	8
1614	7218	1597	1325	275	4172	43
1615	7219	1597	1598	70	740	5
1616	7220	1598	1599	65	961	7
1617	7221	1326	1598	315	2873	21
1618	7222	1575	784	198	3417	22
1619	7223	1574	1600	25	672	2
1620	7224	1601	1573	61	1445	10
1621	7225	1602	1573	93	1505	8
1622	7226	1569	1602	14	0	0
1623	7227	1602	330	276	7174	29
1624	7228	941	1603	47	408	2
1625	7229	746	833	115	12206	10
1626	7230	746	330	184	0	0
1627	7231	1115	1048	73	0	0
1628	7232	1604	847	104	1071	7
1629	7237	1605	1606	151	1020	2
1630	7239	732	750	144	3698	15
1631	7240	1302	1504	66	3383	7
1632	7241	21	1511	103	383	3
1633	7242	1504	1607	123	1343	9
1634	7243	1510	32	120	4004	22
1635	7244	578	118	72	272	2
1636	7245	886	887	38	0	0
1637	7246	1608	888	115	3853	9
1638	7247	893	888	223	4722	29
1639	7248	893	890	11	111	1
1640	7249	1609	1610	116	4335	17
1641	7250	1311	1516	104	0	0
1642	7251	31	1516	76	0	0
1643	7252	1582	31	136	111	1
1644	7253	1517	1610	110	3522	40
1645	7254	889	1608	195	3995	15
1646	7255	1518	1608	171	8364	4
1647	7256	1611	1517	151	4200	14
1648	7257	1612	1347	134	4777	29
1649	7258	1331	1613	137	5485	33
1650	7259	892	1582	109	1530	3
1651	7260	1349	1609	60	162	1
1652	7284	1583	1614	16	0	0
1653	7285	1615	1614	123	1012	7
1654	7286	1268	1615	74	366	2
1655	7287	1615	1265	51	162	1
1656	7316	1327	1599	384	4131	39
1657	7317	1599	384	119	918	6
1658	7318	385	386	81	434	3
1659	7319	384	385	82	502	2
1660	7320	1616	690	82	1012	4
1661	7321	1159	1616	159	2465	17
1662	7322	1587	1159	83	969	7
1663	7323	1616	1160	3	0	0
1664	7324	1593	1005	82	850	5
1665	7325	393	1518	194	3908	30
1666	7326	395	393	133	4170	28
1667	7327	403	233	179	5239	67
1668	7328	1617	1618	23	0	0
1669	7329	1619	1617	57	0	0
1670	7330	1619	1620	184	502	2
1671	7331	1006	1617	161	4049	49
1672	7332	982	1619	78	0	0
1673	7333	1621	982	122	13169	18
1674	7334	401	1621	136	0	0
1675	7335	1622	1621	103	4202	16
1676	7336	1260	1623	245	15054	42
1677	7337	1113	1014	74	1020	2
1678	7340	1624	1625	111	111	1
1679	7341	1626	1624	68	162	1
1680	7343	1257	748	201	4038	22
1681	7344	733	1605	220	1360	3
1682	7345	1605	1626	64	0	0
1683	7348	1627	1628	104	162	1
1684	7351	1625	856	129	3230	5
1685	7352	1174	1629	371	4560	43
1686	7353	1629	768	132	3196	11
1687	7354	1254	1629	81	1785	6
1688	7355	1629	760	133	587	4
1689	7356	704	1254	85	595	4
1690	7403	1409	924	71	1938	6
1691	7404	1409	1134	31	0	0
1692	7405	1630	1631	62	1054	7
1693	7406	250	1318	115	0	0
1694	7409	1097	1265	182	689	4
1695	7410	1265	1534	50	0	0
1696	7420	1487	1488	77	1556	7
1697	7421	1490	1632	95	2482	10
1698	7436	1633	1634	117	1607	11
1699	7437	1406	1633	58	1139	6
1700	7438	1406	1488	28	204	1
1701	7439	1635	1094	87	1420	8
1702	7440	1631	1484	107	1913	7
1703	7441	1484	1636	133	2466	13
1704	7485	3	1637	103	1131	3
1705	7486	3	824	152	3043	13
1706	7487	1074	3	77	3341	10
1707	7488	1209	1201	148	1879	13
1708	7489	1201	1203	74	740	5
1709	7523	989	1638	114	0	0
1710	7524	1638	1639	29	0	0
1711	7525	1640	359	57	0	0
1712	7529	1424	1641	185	6632	26
1713	7565	1238	1642	80	1998	9
1714	7566	1642	1377	19	680	1
1715	7572	1643	1644	132	7568	2
1716	7626	1346	1348	103	2193	5
1717	7627	1524	1309	23	0	0
1718	7628	1348	1350	84	4105	10
1719	7629	1359	1646	186	884	2
1720	7630	1010	1360	78	2202	4
1721	7631	1360	1359	150	4307	25
1722	7638	1522	1264	73	0	0
1723	7678	1647	1648	38	4140	28
1724	7680	1648	1649	108	1216	7
1725	7681	1650	1649	32	1131	7
1726	7682	1649	1647	14	0	0
1727	7711	290	259	515	0	0
1728	7715	424	422	69	204	1
1729	7753	152	1651	66	1462	8
1730	7754	1652	37	87	1216	7
1731	7764	1653	483	33	0	0
1732	7765	957	1653	8	0	0
1733	7766	1653	1654	105	0	0
1734	7767	1655	1656	118	3052	21
1735	7768	1657	1655	42	332	3
1736	7770	1658	1659	52	680	1
1737	7799	1660	1641	7	0	0
1738	7800	1641	1661	8	0	0
1739	7803	1660	1297	209	7040	38
1740	7805	341	1661	83	3911	19
1741	7899	1050	1662	88	4071	2
1742	7906	1663	1664	39	799	5
1743	7907	1665	1666	39	570	3
1744	7908	1663	1650	28	0	0
1745	7909	990	1667	200	4053	14
1746	7910	1667	1663	74	4242	7
1747	7911	1667	1665	93	884	5
1748	7912	1665	1668	14	204	1
1749	7914	1669	1670	167	3992	10
1750	7915	1344	1669	121	2958	15
1751	7916	1669	1313	41	0	0
1752	7917	1313	1671	169	2890	5
1753	7918	1671	1353	24	0	0
1754	7924	1672	1673	21	0	0
1755	7925	1673	1674	108	3774	10
1756	7926	958	1675	34	3853	14
1757	7927	1675	479	107	3740	6
1758	7982	192	332	253	204	1
1759	7984	1371	1676	77	859	6
1760	7988	457	272	327	0	0
1761	7989	1338	460	66	5082	25
1762	7990	1677	1672	44	3962	13
1763	7991	465	1333	152	5267	55
1764	7992	1035	462	169	3608	49
1765	7993	467	463	87	3681	7
1766	7994	459	939	146	4530	46
1767	7995	1678	402	59	3828	52
1768	7996	940	1339	58	1624	9
1769	7997	474	944	113	16546	12
1770	7998	1035	945	173	3962	23
1771	7999	955	228	89	0	0
1772	8000	1678	1628	70	0	0
1773	8001	402	1679	75	3528	13
1774	8002	1680	459	51	3613	10
1775	8003	1681	228	35	0	0
1776	8004	1681	227	65	4080	6
1777	8005	471	475	85	4162	20
1778	8006	1378	1682	82	4831	14
1779	8008	1238	1654	115	3511	8
1780	8024	1683	512	242	5695	28
1781	8026	1685	529	145	3921	30
1782	8027	527	1686	137	0	0
1783	8028	1687	1688	79	969	7
1784	8029	1689	1690	79	1173	7
1785	8030	1691	1692	78	1080	7
1786	8031	1693	194	112	2193	14
1787	8032	522	1693	98	1802	11
1788	8033	1694	622	67	655	5
1789	8034	626	1695	76	221	2
1790	8035	1440	627	324	3879	36
1791	8036	478	213	138	0	0
1792	8037	1654	478	4	0	0
1793	8038	1682	1696	12	0	0
1794	8039	1697	1007	32	0	0
1795	8040	1698	1697	30	3060	6
1796	8042	1699	1700	41	2006	10
1797	8043	1701	1699	70	4545	22
1798	8044	484	480	33	0	0
1799	8045	611	538	28	0	0
1800	8046	482	490	53	2006	16
1801	8047	489	352	87	2533	22
1802	8048	1699	482	36	0	0
1803	8049	1702	963	12	0	0
1804	8050	959	1703	57	0	0
1805	8051	1703	1704	26	1530	3
1806	8052	1324	1037	182	272	2
1807	8053	1705	560	144	4426	43
1808	8054	479	225	118	6435	10
1809	8055	479	1706	206	5281	37
1810	8056	1707	1708	84	204	1
1811	8057	971	1015	145	0	0
1812	8058	1709	1710	40	5440	1
1813	8059	1711	1712	88	7950	2
1814	8060	564	1711	9	0	0
1815	8061	196	570	135	162	1
1816	8062	570	914	183	162	1
1817	8063	574	569	60	7365	2
1818	8108	630	522	36	162	1
1819	8109	1441	630	101	2457	12
1820	8110	631	1694	130	1751	11
1821	8111	1685	1694	58	757	5
1822	8112	638	1713	67	910	6
1823	8113	639	1714	67	816	6
1824	8114	640	1715	67	714	6
1825	8115	633	1716	67	816	6
1826	8116	1686	139	31	0	0
1827	8117	1004	996	366	3222	20
1828	8118	1212	1717	211	2720	1
1829	8119	141	135	12	0	0
1830	8120	44	142	78	986	8
1831	8121	997	1718	221	4076	58
1832	8122	1213	136	11	0	0
1833	8123	997	645	144	1233	9
1834	8124	51	1719	75	587	4
1835	8125	51	1214	218	2550	19
1836	8126	50	1214	169	0	0
1837	8127	129	50	102	0	0
1838	8128	1214	46	108	0	0
1839	8132	1219	730	364	7347	56
1840	8133	59	1720	32	408	2
1841	8134	1721	59	56	485	3
1842	8135	438	1003	78	638	4
1843	8136	1227	1439	147	1930	12
1844	8137	1439	1001	124	2287	13
1845	8151	64	1722	43	595	4
1846	8152	1442	1441	83	1293	7
1847	8153	1722	1440	90	1029	7
1848	8154	1002	176	55	272	2
1849	8155	1723	1445	86	655	5
1850	8156	1445	1447	90	850	6
1851	8157	1447	950	88	969	7
1852	8158	73	951	74	0	0
1853	8159	951	1724	35	0	0
1854	8160	1724	78	59	0	0
1855	8161	78	76	79	0	0
1856	8162	77	129	70	6800	1
1857	8163	128	662	322	111	1
1858	8164	1196	1195	106	9401	8
1859	8165	1194	1167	113	1250	7
1860	8166	1196	1194	102	1326	5
1861	8167	378	96	23	162	1
1862	8168	919	377	66	0	0
1863	8169	1725	921	102	4211	12
1864	8170	921	1546	22	0	0
1865	8171	1542	923	95	4760	14
1866	8172	1543	1542	171	4135	27
1867	8173	405	1547	131	2746	16
1868	8174	1547	1544	73	3805	20
1869	8184	1726	746	211	4192	9
1870	8185	835	1727	239	8300	6
1871	8186	1623	1606	113	4333	20
1872	8189	791	1726	58	7294	2
1873	8206	1546	1543	60	4616	9
1874	8207	1544	1548	167	4922	56
1875	8208	1548	1540	110	689	4
1876	8209	1728	382	105	3496	9
1877	8210	740	1728	87	3230	7
1878	8211	927	374	33	0	0
1879	8212	374	926	43	272	2
1880	8213	386	688	77	1097	6
1881	8214	389	930	86	1275	8
1882	8215	388	391	147	3804	25
1883	8267	1053	1662	41	0	0
1884	8268	1662	1114	53	0	0
1885	8269	1729	1640	56	0	0
1886	8270	1640	453	43	0	0
1887	8271	1016	619	13	0	0
1888	8281	220	1730	62	0	0
1889	8282	1730	1731	31	3264	9
1890	8283	1732	1733	139	2482	10
1891	8284	870	1732	67	315	2
1892	8285	1734	511	168	1964	12
1893	8286	1676	1735	131	2159	14
1894	8287	953	1736	158	162	1
1895	8288	1736	1737	69	629	4
1896	8289	662	953	106	332	3
1897	8290	1738	662	107	0	0
1898	8291	74	1738	125	408	2
1899	8292	1738	1218	555	2117	8
1900	8293	1736	1739	227	408	2
1901	8294	87	1468	101	1709	9
1902	8295	1468	536	130	2457	14
1903	8301	1740	1741	120	850	6
1904	8302	1740	1742	30	162	1
1905	8303	1743	1029	55	1284	6
1906	8305	1529	975	116	842	5
1907	8306	1530	1744	188	3887	30
1908	8307	975	1532	93	1309	7
1909	8308	1532	546	205	3383	17
1910	8309	265	270	112	1122	4
1911	8310	282	976	117	952	6
1912	8311	544	1528	83	0	0
1913	8312	976	977	102	544	4
1914	8315	446	288	43	0	0
1915	8316	1226	1470	172	3247	18
1916	8317	531	537	15	0	0
1917	8318	1470	1220	180	3230	20
1918	8319	1166	86	135	2873	16
1919	8320	1165	1226	136	1964	12
1920	8321	1197	587	101	1845	11
1921	8322	585	1219	139	4242	17
1922	8323	1492	1745	13	0	0
1923	8324	1055	1746	215	3494	21
1924	8325	729	1056	86	4165	11
1925	8328	1531	1747	83	544	4
1926	8330	272	271	153	0	0
1927	8338	10	1748	87	8034	1
1928	8339	1749	1750	10	485	3
1929	8340	16	1750	51	162	1
1930	8341	11	164	12	0	0
1931	8367	1168	1166	131	2720	14
1932	8368	981	1168	111	2431	10
1933	8369	1167	1165	132	1896	11
1934	8429	923	217	71	2593	9
1935	8430	1061	98	253	6139	33
1936	8431	1056	1061	39	2457	10
1937	8432	468	1492	79	850	5
1938	8433	1746	174	119	1309	10
1939	8434	106	432	60	383	3
1940	8435	895	1069	122	493	4
1941	8436	1066	895	45	162	1
1942	8437	102	736	164	3876	15
1943	8439	1154	683	370	0	0
1944	8456	726	750	253	5317	36
1945	8459	1751	745	162	2040	3
1946	8460	747	1751	22	0	0
1947	8498	842	1752	224	8160	2
1948	8534	1753	1754	25	0	0
1949	8535	1755	517	197	5347	25
1950	8536	517	1756	88	1530	9
1951	8537	1754	1684	105	1326	8
1952	8538	1757	1758	96	1862	11
1953	8539	1683	1757	87	850	5
1954	8540	1755	238	46	111	1
1955	8541	1758	520	45	0	0
1956	8542	731	519	74	1539	9
1957	8543	519	1683	114	2372	12
1958	8555	1741	680	106	340	1
1959	8556	1027	680	190	0	0
1960	8564	390	292	74	2576	17
1961	8565	929	392	85	1165	7
1962	8566	236	389	47	0	0
1963	8567	1759	1006	23	2720	4
1964	8568	400	1622	118	4024	24
1965	8569	1339	399	61	3786	35
1966	8570	897	1725	74	4382	12
1967	8571	1725	405	213	7424	67
1968	8572	1725	410	28	0	0
1969	8595	1556	1557	89	2584	9
1970	8596	1279	416	69	1870	6
1971	8597	416	1760	83	4688	14
1972	8598	1557	1279	81	1675	10
1973	8599	1285	1283	178	4614	46
1974	8600	1760	1285	72	3972	9
1975	8601	1761	218	64	3828	23
1976	8602	456	936	115	510	1
1977	8603	276	1742	94	1224	6
1978	8610	1707	1762	62	1785	9
1979	8641	1026	1763	314	1156	5
1980	8665	1764	544	195	3688	47
1981	8728	506	1733	52	493	4
1982	8729	527	506	171	2712	12
1983	8730	1733	1765	120	315	2
1984	8741	1766	556	8	4080	6
1985	8749	1762	1767	38	1633	10
1986	8750	1767	1709	34	774	4
1987	8754	1768	1769	156	2720	4
1988	8756	806	1768	21	0	0
1989	8757	1768	1766	24	340	1
1990	8880	1770	356	136	162	1
1991	8881	357	1771	117	604	5
1992	8882	1772	1773	48	2380	4
1993	8883	1773	1774	34	3230	5
1994	8885	1474	1477	124	162	1
1995	8887	1775	1122	82	4051	18
1996	8888	1122	1776	97	2321	15
1997	8889	463	1009	150	0	0
1998	8890	463	464	129	680	2
1999	8891	1777	1009	35	510	1
2000	8892	464	1777	91	0	0
2001	8900	1637	724	149	2720	9
2002	8901	724	1778	46	434	3
2003	8902	29	34	58	0	0
2004	8903	34	1779	118	680	1
2005	8942	1780	1781	55	315	2
2006	8943	1781	1782	52	204	1
2007	8944	1782	1783	18	0	0
2008	8945	1783	1784	70	0	0
2009	8946	1784	1785	15	0	0
2010	8947	1785	810	59	0	0
2011	9053	2	1083	129	2006	12
2012	9054	1083	1018	107	1020	7
2013	9060	609	603	180	4084	16
2014	9062	1205	1786	170	1547	10
2015	9063	1209	1205	62	366	2
2016	9064	7	717	177	646	4
2017	9065	1787	1788	85	221	2
2018	9066	1209	1789	71	162	1
2019	9067	905	1790	125	3912	13
2020	9068	244	1579	282	0	0
2021	9069	604	531	107	0	0
2022	9083	1791	1507	101	4080	6
2023	9094	1497	1792	115	655	5
2024	9095	812	813	13	0	0
2025	9096	868	858	121	2091	12
2026	9097	858	1793	235	4029	23
2027	9098	858	1639	77	1369	8
2028	9099	867	1794	117	1947	12
2029	9100	869	867	99	1649	10
2030	9101	867	1793	121	842	5
2031	9102	869	1795	79	1233	8
2032	9103	1639	1657	248	7857	76
2033	9104	768	861	149	3307	17
2034	9105	861	863	106	1496	10
2035	9106	861	773	130	910	6
2036	9107	1796	1797	80	0	0
2037	9108	1798	310	15	0	0
2038	9109	1798	787	85	323	2
2039	9110	787	1799	129	2550	14
2040	9111	673	1800	84	595	4
2041	9112	1796	1801	64	383	3
2042	9113	1801	675	132	680	1
2043	9114	1801	676	102	272	2
2044	9115	1802	675	58	0	0
2045	9116	1802	1803	54	383	3
2046	9117	1804	1803	71	706	3
2047	9118	773	1804	212	4877	29
2048	9119	773	1805	71	0	0
2049	9120	1797	1805	4	0	0
2050	9121	1805	1802	161	5117	17
2051	9122	676	1806	62	111	1
2052	9123	1806	308	84	0	0
2053	9124	1803	1806	96	689	4
2054	9125	1807	1804	40	502	2
2055	9126	865	1807	90	1284	8
2056	9127	1807	1808	95	1513	5
2057	9128	1808	1809	205	3375	23
2058	9129	1806	1809	98	1879	9
2059	9130	1809	1810	109	1488	9
2060	9131	1810	993	58	646	4
2061	9132	1811	1810	201	2720	17
2062	9133	1808	1811	127	3579	16
2063	9134	865	1812	227	5126	35
2064	9135	1813	1814	38	663	6
2065	9136	1814	1815	103	2389	19
2066	9137	866	1814	19	0	0
2067	9138	866	1794	171	5483	12
2068	9139	863	865	100	1063	7
2069	9140	1800	995	254	3749	60
2070	9141	1800	300	193	7238	4
2071	9142	1816	300	44	544	4
2072	9143	1817	1816	72	774	7
2073	9144	1816	775	204	2975	22
2074	9145	1817	1818	131	2448	19
2075	9146	776	1817	72	493	4
2076	9147	776	1819	94	2448	19
2077	9148	995	301	192	2321	15
2078	9149	775	1820	69	655	5
2079	9150	775	1821	120	2431	14
2080	9151	1821	1822	121	332	3
2081	9153	1823	1824	31	604	5
2082	9156	1825	77	67	0	0
2083	9158	1825	1826	90	7786	2
2084	9174	1553	1728	154	8392	2
2085	9175	1827	1559	83	204	1
2086	9178	414	1828	96	1020	2
2087	9180	1829	1682	59	4406	14
2088	9183	1830	209	137	1360	2
2089	9184	1011	1831	398	340	1
2090	9185	968	561	72	0	0
2091	9186	1482	1043	151	0	0
2092	9187	973	1044	163	0	0
2093	9254	913	1010	65	0	0
2094	9255	1357	1525	215	4881	20
2095	9256	1512	1832	89	476	3
2096	9257	1832	1833	214	1080	4
2097	9258	1505	1834	17	0	0
2098	9259	28	1835	304	3804	86
2099	9260	1836	991	44	1360	2
2100	9263	1305	1837	98	3060	6
2101	9264	1838	1521	153	0	0
2102	9267	1841	1391	18	366	2
2103	9275	813	1499	129	1250	9
2104	9276	27	23	131	4200	2
2105	9277	1502	1842	37	2720	4
2106	9278	1842	1843	33	3906	8
2107	9279	1843	1844	36	2720	4
2108	9280	1844	1845	34	2720	4
2109	9281	1845	1846	37	0	0
2110	9309	1847	1074	120	3383	14
2111	9310	721	1848	95	1683	6
2112	9318	1372	513	259	3487	26
2113	9321	1835	1505	51	0	0
2114	9323	1835	1836	51	0	0
2115	9324	1021	1849	110	3909	7
2116	9329	1838	1839	63	8044	2
2117	9331	1850	1391	18	476	3
2118	9338	1580	1851	192	408	2
2119	9339	1502	1852	51	3593	12
2120	9340	1842	1853	50	1360	2
2121	9341	1843	1854	50	2720	4
2122	9342	1844	1855	49	1360	2
2123	9343	1845	1856	53	1360	2
2124	9344	1846	1857	43	2720	4
2125	9349	448	366	145	4094	1
2126	9389	22	1784	11	0	0
2127	9390	809	1785	11	0	0
2128	9391	1782	1858	31	111	1
2129	9392	22	1780	85	0	0
2130	9393	1780	1782	12	0	0
2131	9409	939	1677	71	2431	12
2132	9410	1674	1859	21	2040	4
2133	9539	1858	1783	41	111	1
2134	9540	1846	812	52	204	1
2135	9541	1834	26	114	4472	17
2136	9542	1503	1846	17	0	0
2137	9543	1834	1836	17	0	0
2138	9545	1516	1513	119	672	2
2139	9546	1513	1860	20	0	0
2140	9547	28	1514	85	0	0
2141	9548	1609	1515	179	18499	19
2142	9549	1613	1612	28	2992	7
2143	9550	1612	1609	96	4932	38
2144	9551	396	1613	105	5773	25
2145	9552	1518	929	66	2023	5
2146	9554	710	1861	44	1360	2
2147	9555	1861	1838	16	0	0
2148	9557	581	1263	82	383	3
2149	9558	1521	0	42	0	0
2150	9559	35	1	49	0	0
2151	9560	1308	1304	183	111	1
2152	9561	37	1523	46	162	1
2153	9562	1333	1346	169	5031	39
2154	9563	1527	697	100	1488	6
2155	9564	1399	1862	182	3256	10
2156	9582	1863	1823	57	332	3
2157	9583	1864	1863	57	1139	9
2158	9584	1821	1823	84	1139	8
2159	9585	1820	1865	30	672	4
2160	9586	796	1863	62	655	5
2161	9587	301	1822	343	162	1
2162	9589	752	851	102	0	0
2163	9590	851	988	197	0	0
2164	9596	1866	1867	15	680	1
2165	9597	1868	1869	111	825	7
2166	9598	1870	1871	24	0	0
2167	9599	1872	1870	41	0	0
2168	9600	1870	1873	141	1547	11
2169	9601	1872	1874	141	1207	10
2170	9602	1875	1876	113	1530	12
2171	9603	1875	1877	76	1012	6
2172	9604	1878	1879	76	765	6
2173	9605	1880	1881	76	765	6
2174	9606	1882	1883	76	816	6
2175	9607	1884	1885	76	859	6
2176	9608	1886	1887	78	706	5
2177	9609	1793	1657	168	2822	16
2178	9610	1793	1888	232	4582	27
2179	9611	1794	1889	115	2074	11
2180	9612	1890	1889	86	1343	7
2181	9613	1889	1891	101	1148	9
2182	9614	1889	1888	121	910	6
2183	9615	1888	1892	77	663	6
2184	9616	1878	1892	4	0	0
2185	9617	1878	1875	39	757	5
2186	9618	1892	1880	34	204	1
2187	9619	1882	1880	39	162	1
2188	9620	1882	1884	39	272	2
2189	9621	1886	1884	37	272	2
2190	9622	1893	1886	22	221	2
2191	9623	1888	1894	78	493	4
2192	9624	1894	1872	107	315	2
2193	9625	1894	1895	60	1037	6
2194	9626	1815	1896	36	111	1
2195	9627	1815	1890	118	1930	12
2196	9628	1890	1897	102	1488	9
2197	9629	1898	677	45	111	1
2198	9630	1898	916	54	323	2
2199	9631	916	1899	34	0	0
2200	9632	1899	596	24	111	1
2201	9633	1899	1871	71	0	0
2202	9634	1871	1868	20	162	1
2203	9635	1868	1900	40	272	2
2204	9636	822	1898	24	0	0
2205	9637	677	1901	46	204	1
2206	9638	1902	1901	92	221	2
2207	9681	671	293	24	162	1
2208	9683	1773	917	43	0	0
2209	9684	1903	1904	46	2040	3
2210	9685	1904	1905	11	0	0
2211	9686	917	1904	38	0	0
2212	9687	678	1905	50	510	1
2213	9688	1906	1905	34	1870	3
2214	9689	678	1907	32	2380	4
2215	9696	116	120	12	0	0
2216	9757	1576	1577	90	1641	10
2217	9758	1908	1604	352	2754	17
2218	9759	1606	748	50	4156	13
2219	9760	1610	889	16	0	0
2220	9773	1750	1909	47	638	4
2221	9774	276	387	72	162	1
2222	9775	1672	1338	73	9325	12
2223	9785	974	171	430	0	0
2224	9792	1910	993	249	706	5
2225	9793	1911	1812	17	0	0
2226	9806	663	1912	54	536	4
2227	9807	1912	1913	74	910	6
2228	9810	392	1914	75	3154	19
2229	9811	1914	235	30	323	2
2230	9835	1915	208	9	0	0
2231	9863	1579	8	27	0	0
2232	9864	367	8	167	0	0
2233	9865	367	9	13	0	0
2234	9866	613	1790	13	0	0
2235	9867	1790	367	10	0	0
2236	9868	352	1699	36	0	0
2237	9869	962	229	40	221	2
2238	9870	962	483	62	0	0
2239	9871	495	955	44	4115	22
2240	9872	401	1603	61	510	1
2241	9873	1859	458	12	0	0
2242	9875	1916	1759	53	8298	35
2243	9906	269	979	68	1020	7
2244	9907	348	979	56	0	0
2245	10050	1633	1490	73	1046	6
2246	10051	1636	1487	90	961	6
2247	10052	1635	1636	25	0	0
2248	10053	925	1630	53	816	6
2249	10054	1148	1033	47	0	0
2250	10063	1228	947	13	0	0
2251	10064	879	1228	53	0	0
2252	10072	948	1917	67	638	4
2253	10080	1901	598	24	0	0
2254	10081	1902	600	24	0	0
2255	10082	1918	1902	77	4191	7
2256	10083	1918	1770	65	221	2
2257	10084	1919	1920	105	162	1
2258	10085	1921	1910	13	0	0
2259	10086	1911	1811	72	1556	5
2260	10088	1921	1918	136	5984	1
2261	10089	1812	1896	32	0	0
2262	10090	1896	1921	93	111	1
2263	10099	1900	1922	118	2176	16
2264	10103	1900	1923	59	485	3
2265	10198	554	1924	64	1003	6
2266	10199	1751	1426	136	7492	2
2267	10200	1603	1339	34	162	1
2268	10224	1925	492	140	0	0
2269	10229	1926	1172	44	2550	5
2270	10230	1124	1927	157	3783	13
2271	10231	240	491	34	0	0
2272	10232	1928	240	93	3857	31
2273	10235	1929	1916	68	4296	24
2274	10236	402	1929	96	3523	44
2275	10241	1709	1930	35	0	0
2276	10242	1930	564	55	1360	2
2277	10243	420	1931	64	204	1
2278	10244	1038	1931	101	332	3
2279	10245	1932	635	86	961	6
2280	10246	1722	1932	198	3808	23
2281	10247	941	1678	49	4325	15
2282	10248	1679	1680	102	5002	40
2283	10249	1933	1680	60	2788	6
2284	10250	1628	1679	55	0	0
2285	10251	1628	1934	50	111	1
2286	10252	942	1627	67	3230	2
2287	10253	1627	474	14	2720	1
2288	10254	945	1933	41	1360	2
2289	10255	751	1935	134	162	1
2290	10256	540	538	81	0	0
2291	10258	1729	1053	106	0	0
2292	10259	1936	1935	152	0	0
2293	10261	1624	1937	176	1530	3
2294	10262	1938	1133	59	2414	8
2295	10263	1937	751	281	680	2
2296	10267	1118	1938	190	5007	18
2297	10271	1939	153	62	434	3
2298	10272	1449	1940	73	0	0
2299	10274	1568	1569	75	408	2
2300	10275	485	1941	55	3544	9
2301	10282	81	606	105	680	1
2302	10283	1927	1926	25	111	1
2303	10294	1013	1318	363	221	2
2304	10300	1925	1702	31	0	0
2305	10302	1942	1943	82	0	0
2306	10303	1251	1944	51	4126	8
2307	10359	1316	1946	194	0	0
2308	10360	1946	1017	83	0	0
2309	10361	1946	1908	235	0	0
2310	10368	726	618	81	3060	6
2311	10370	1446	66	10	0	0
2312	10371	66	999	12	204	1
2313	10372	999	1446	9	0	0
2314	10373	1215	1723	9	0	0
2315	10374	1723	67	10	0	0
2316	10375	67	1215	12	0	0
2317	10379	1947	1948	80	0	0
2318	10380	1947	1775	35	0	0
2319	10381	726	1947	99	3264	6
2320	10382	618	1948	86	0	0
2321	10383	1949	1950	98	0	0
2322	10400	1792	1951	83	332	3
2323	10408	1952	1586	81	111	1
2324	10410	1589	1952	28	0	0
2325	10436	699	1401	201	4234	26
2326	10444	1770	1919	234	0	0
2327	10445	994	1953	252	2941	17
2328	10446	356	1645	108	0	0
2329	10447	1645	1643	63	8488	2
2330	10456	699	1526	102	3001	11
2331	10458	1729	1955	144	29276	28
2332	10682	1425	1924	137	1683	10
2333	10692	1787	1789	38	0	0
2334	10694	19	245	267	2720	4
2335	10695	1510	121	79	7304	2
2336	10701	991	1514	302	0	0
2337	10702	123	0	50	0	0
2338	10734	806	576	44	0	0
2339	10736	1577	1956	36	4187	7
2340	10766	1957	1939	29	4080	8
2341	10769	1450	1940	297	162	1
2342	10772	1622	1958	84	2074	8
2343	10773	407	1958	58	0	0
2344	10775	1378	1959	95	3830	22
2345	10776	1379	1959	85	3698	11
2346	10780	1960	1746	114	1794	11
2347	10786	1041	1960	214	4233	24
2348	10790	1706	1707	44	510	1
2349	10791	63	1961	101	1590	10
2350	10792	469	1961	140	2576	17
2351	10795	1962	1203	223	2703	20
2352	10796	1962	1201	136	1462	10
2353	10805	749	756	69	3128	7
2354	10816	1407	126	22	111	1
2355	10833	1355	1354	45	2040	3
2356	10834	1354	1963	57	3533	40
2357	10899	252	250	46	221	2
2358	10900	251	1317	351	0	0
2359	10904	215	214	6	0	0
2360	10912	1964	1208	67	272	2
2361	10913	1965	1847	9	204	1
2362	10914	1848	1965	82	2245	12
2363	10915	1451	1452	125	111	1
2364	10919	969	363	202	0	0
2365	10923	708	1936	107	340	1
2366	10924	1936	1638	301	0	0
2367	10925	1277	1558	104	3400	10
2368	10932	752	987	17	0	0
2369	11243	1630	1966	99	842	5
2370	11244	1033	1967	152	2720	4
2371	11251	1315	1968	206	680	2
2372	11334	6	1969	86	1615	10
2373	11335	602	1970	42	493	4
2374	11345	500	614	189	0	0
2375	11367	1618	233	109	4001	47
2376	11376	1207	1077	39	323	2
2377	11384	1462	563	145	3826	36
2378	11393	256	1394	69	366	2
2379	11396	1169	234	119	4154	15
2380	11403	79	1217	268	952	4
2381	11404	398	1622	42	2244	11
2382	11467	1971	1972	100	3630	22
2383	11920	1865	796	39	442	4
2384	11928	1306	1973	26	204	1
2385	11934	1860	1974	410	1224	3
2386	11935	1974	28	20	0	0
2387	11948	1380	958	29	3643	16
2388	11954	411	1556	109	3562	13
2389	11961	1862	1134	49	383	3
2390	11966	1295	1294	82	3744	14
2391	11979	208	210	34	0	0
2392	11980	207	1915	14	0	0
2393	11981	249	970	68	0	0
2394	11982	970	971	14	0	0
2395	11983	971	616	14	0	0
2396	11984	970	1975	13	0	0
2397	11985	1975	616	14	0	0
2398	11986	617	1015	12	0	0
2399	11987	619	728	10	0	0
2400	11988	728	1016	15	0	0
2401	11989	539	494	7	0	0
2402	11990	494	1945	69	0	0
2403	11991	1945	1702	9	0	0
2404	11992	1008	1976	116	0	0
2405	11993	1976	1249	18	0	0
2406	11994	1976	1942	154	4118	3
2407	11995	1942	1251	7	0	0
2408	11996	413	1977	25	1335	4
2409	11997	896	1944	58	0	0
2410	11998	1944	1943	33	0	0
2411	11999	1978	1244	116	3741	2
2412	12000	1244	1246	63	0	0
2413	12001	1246	413	26	0	0
2414	12002	1246	1977	10	0	0
2415	12004	1944	898	10	0	0
2416	12005	1244	934	8	0	0
2417	12006	1977	934	63	3400	5
2418	12007	242	241	97	3567	10
2419	12008	242	1949	97	0	0
2420	12009	1950	557	83	4019	12
2421	12010	557	365	105	0	0
2422	12011	364	215	130	0	0
2423	12012	364	362	15	0	0
2424	12013	363	365	14	4223	8
2425	12015	878	1536	316	0	0
2426	12016	241	1949	9	0	0
2427	12017	1698	344	56	0	0
2428	12018	1317	946	312	0	0
2429	12020	1943	1978	45	0	0
2430	12143	1979	1971	61	4077	11
2431	12145	1916	1979	95	340	1
2432	12207	1980	1538	102	8522	4
2433	12208	1739	1537	127	791	3
2434	12424	328	1567	73	3826	21
2435	12425	326	1623	67	4250	22
2436	12426	324	1123	31	0	0
2437	12428	1461	322	157	4443	16
2438	12429	989	320	52	3740	6
2439	12430	320	318	70	3400	6
2440	12431	316	1867	39	0	0
2441	12432	316	318	13	0	0
2442	12433	314	312	31	0	0
2443	12434	315	313	32	221	2
2444	12435	312	1798	17	0	0
2445	12436	313	311	32	221	2
2446	12437	310	1796	31	366	2
2447	12438	311	1797	32	221	2
2448	12439	308	1800	45	0	0
2449	12440	296	1820	36	0	0
2450	12441	293	1981	27	493	4
2451	12442	234	447	13	0	0
2452	12446	225	1982	15	204	1
2453	12498	434	1027	123	0	0
2454	12500	1119	591	96	3931	33
2455	12501	593	1177	5	0	0
2456	12507	1700	957	13	0	0
2457	12527	1552	1554	43	799	5
2458	12530	1296	1290	13	0	0
2459	12538	1129	1176	29	1190	2
2460	12543	1934	1983	43	4045	15
2461	12544	1983	1933	19	0	0
2462	12545	1040	1984	61	952	3
2463	12546	1984	973	287	0	0
2464	12548	669	1978	9	0	0
2465	12551	711	713	80	0	0
2466	12552	1637	1985	47	366	2
2467	12553	231	493	14	0	0
2468	12649	1485	1986	96	1428	9
2469	12650	1986	1987	35	383	3
2470	12651	1986	1988	62	935	8
2471	12652	1631	1093	169	1777	12
2472	12653	1093	1989	45	595	4
2473	12654	1035	466	84	3961	8
2474	12659	1317	1536	14	0	0
2475	12660	1635	1095	14	0	0
2476	12662	857	855	155	0	0
2477	12663	850	853	178	0	0
2478	12664	855	853	83	0	0
2479	12665	1775	1120	107	4106	10
2480	12667	470	943	82	0	0
2481	12755	239	1763	137	0	0
2482	12756	436	434	17	0	0
2483	12777	1684	333	145	162	1
2484	12778	1676	1734	131	0	0
2485	12784	1757	1753	254	4123	24
2486	12785	1756	1753	16	0	0
2487	12787	1756	1754	36	111	1
2488	12788	1758	1755	23	0	0
2489	12789	40	1685	113	2559	17
2490	12790	622	1687	57	799	5
2491	12791	1691	1693	73	323	2
2492	12792	1689	1691	34	323	2
2493	12793	1689	1687	36	162	1
2494	12954	246	578	81	1488	9
2495	12963	578	1511	62	315	2
2496	12968	1786	1990	73	1182	8
2497	12982	1991	1731	62	425	3
2498	12983	221	279	227	0	0
2499	12984	935	937	49	272	2
2500	12986	218	1992	37	0	0
2501	12987	1992	1760	150	3538	41
2502	12988	1539	1540	49	527	3
2503	12989	216	368	220	3970	20
2504	12990	362	214	138	0	0
2505	12991	1458	1459	79	0	0
2506	12992	1458	1975	159	0	0
2507	12993	1458	1457	112	3504	31
2508	12994	210	207	25	0	0
2509	12995	201	567	53	0	0
2510	12996	200	567	53	0	0
2511	12997	203	205	208	680	1
2512	12998	198	1377	187	4764	53
2513	12999	569	196	230	111	1
2514	13000	621	185	49	0	0
2515	13001	194	516	34	162	1
2516	13002	188	192	51	323	2
2517	13003	516	190	67	383	3
2518	13004	188	190	25	0	0
2519	13006	186	1993	60	1292	7
2520	13007	185	620	7	0	0
2521	13008	184	996	13	0	0
2522	13009	41	1686	16	0	0
2523	13010	182	627	50	434	3
2524	13011	180	518	85	1224	8
2525	13014	176	1442	73	791	5
2526	13015	174	437	25	0	0
2527	13016	172	1227	79	2142	5
2528	13017	1745	172	56	162	1
2529	13018	643	1994	62	706	5
2530	13022	1103	1588	7	0	0
2531	13023	1153	162	53	0	0
2532	13026	1995	75	79	0	0
2533	13027	541	1996	37	0	0
2534	13028	1996	1995	57	680	1
2535	13029	1996	1724	10	0	0
2536	13030	615	128	71	0	0
2537	13031	75	76	11	0	0
2538	13032	288	1997	77	3565	4
2539	13033	267	286	23	0	0
2540	13034	283	1998	104	3448	4
2541	13035	281	283	20	0	0
2542	13036	543	1999	140	3721	8
2543	13038	13	2000	11	111	1
2544	13039	10	166	11	0	0
2545	13040	169	278	13	0	0
2546	13041	272	279	12	0	0
2547	13042	938	1991	65	646	4
2548	13045	1696	1698	54	4242	32
2549	13053	163	104	63	0	0
2550	13057	421	2001	231	1479	9
2551	13058	156	2002	285	2176	16
2552	13059	2003	155	74	162	1
2553	13060	151	2004	99	1284	9
2554	13061	149	2005	76	927	7
2555	13062	148	2006	66	748	5
2556	13063	147	2007	54	765	6
2557	13064	145	2008	53	765	6
2558	13065	146	2009	45	604	5
2559	13066	143	2010	53	1037	8
2560	13067	47	142	56	0	0
2561	13068	1212	138	12	0	0
2562	13069	55	135	396	0	0
2563	13070	951	541	10	0	0
2564	13071	131	133	12	0	0
2565	13073	78	1995	10	0	0
2566	13077	1153	2011	54	791	5
2567	13078	1103	2012	69	204	1
2568	13081	643	2013	61	442	4
2569	13082	1745	2014	53	2652	6
2570	13090	1595	1594	22	323	2
2571	13094	1706	2015	109	3440	11
2572	13096	1925	2016	18	4385	14
2573	13099	1930	2017	45	680	1
2574	13134	1180	1172	38	2720	4
2575	13135	1180	2018	47	4250	7
2576	13157	1646	1357	74	2244	4
2577	13224	362	1459	136	0	0
2578	13229	2019	608	48	527	3
2579	13256	507	2020	227	2125	13
2580	13274	1971	1335	32	1360	2
2581	13297	1915	249	50	0	0
2582	13307	1954	2021	72	6800	1
2583	13308	721	1964	22	0	0
2584	-10	219	1992	1	0	0
2585	-11	317	1867	1	0	0
2586	-18	801	802	1	0	0
2587	-19	804	805	1	0	0
2588	-21	1735	1734	1	0	0
2589	-22	1788	1789	1	0	0
2590	-24	162	1154	129	0	0
2591	-26	278	279	371	0	0
2592	-27	359	1051	98	0	0
2593	-30	1948	450	312	0	0
2594	-31	493	1945	194	0	0
2595	-32	258	500	99	0	0
2596	-34	244	1520	347	0	0
2597	-35	680	682	84	0	0
2598	-39	681	689	259	0	0
2599	-40	710	709	68	0	0
2600	-41	737	736	14	0	0
2601	-42	814	815	402	0	0
2602	-43	818	532	983	0	0
2603	-44	819	1578	473	0	0
2604	-45	19	886	518	0	0
2605	-46	914	573	256	0	0
2606	-47	572	974	164	0	0
2607	-48	974	274	442	0	0
2608	-50	419	1289	143	0	0
2609	-51	1416	1417	73	0	0
2610	-52	1521	1791	193	0	0
2611	-53	744	1121	34	0	0
2612	-55	1954	1645	163	0	0
2613	-57	1520	245	338	0	0
2614	-58	361	1052	130	0	0
2615	-59	1661	1660	13	0	0
2616	-60	1684	512	33	0	0
2617	-61	122	1837	123	0	0
2618	-63	1520	1578	149	0	0
2619	-64	1835	1834	34	0	0
2620	-65	988	1658	219	0	0
2621	-67	418	382	441	0	0
2622	-68	1581	1580	289	0	0
2623	-80	594	2024	1	0	0
2624	2513	2024	595	85	587	4
2625	-71	594	595	2	0	0
2626	-79	576	2023	1	0	0
2627	2475	2023	577	91	1360	3
2628	-70	576	577	2	0	0
2629	-78	178	2022	1	0	0
2630	632	2022	179	46	1003	6
2631	-69	178	179	11	0	0
2632	-72	596	597	2	0	0
2633	2514	2025	597	128	1411	11
2634	-81	596	2025	1	0	0
2635	-73	598	599	2	0	0
2636	2515	2026	599	117	1590	10
2637	-82	598	2026	1	0	0
2638	-74	600	601	2	0	0
2639	2516	2027	601	108	1250	9
2640	-83	600	2027	1	0	0
2641	-75	700	701	2	0	0
2642	2893	2028	701	66	1862	6
2643	-84	700	2028	1	0	0
2644	-76	822	823	2	0	0
2645	3614	2029	823	123	1292	9
2646	-85	822	2029	1	0	0
2647	-77	1839	1840	2	0	0
2648	9265	2030	1840	238	629	4
2649	-86	1839	2030	1	0	0
END
-----------------------------------------
InputUsedToGenerateTheGraph:
County:	Odense
CenterNodeId:	2665
Radius:	3500
HouseTypes:	Normal	Summer	Apartment
NumberOfWasteFractions: 1
IntervalsForWasteFraction:	general	3.5	7.0	14.0
-----------------------------------------


