ProblemType:	CARP
NumberNodes:	1605
NumberEdges:	1853
DepotNodeNumber:	256
NumberOfFractions:	1
NumberOfIntervalsForFraction	General_Glass_Metal_Plastic_Organic	1	14
GRAPH
EdgeNumber	EdgeId	StartNodeNumber	EndNodeNumber	Cost	Demand_0	Bins_0
START
0	0	0	1	22	0	0
1	1	2	3	47	510	1
2	2	4	5	25	408	2
3	3	6	7	19	561	4
4	5	6	8	16	204	1
5	6	9	10	26	1208	2
6	7	8	11	13	0	0
7	8	7	12	22	0	0
8	9	1	13	36	476	2
9	12	0	14	32	0	0
10	13	11	12	17	0	0
11	14	6	11	11	0	0
12	15	12	15	30	0	0
13	17	16	0	36	0	0
14	18	6	5	56	0	0
15	19	17	13	27	0	0
16	21	15	10	43	0	0
17	22	10	17	46	188	1
18	23	17	5	117	0	0
19	24	13	16	23	0	0
20	26	3	15	11	0	0
21	28	18	19	27	1020	4
22	29	20	21	218	15232	49
23	30	22	18	13	0	0
24	31	20	19	140	12896	54
25	32	23	24	196	1258	4
26	33	25	26	205	2652	13
27	34	27	28	66	204	1
28	35	23	28	136	323	2
29	36	25	23	66	0	0
30	37	24	28	88	204	1
31	38	29	24	44	714	4
32	55	30	31	75	94	1
33	56	32	33	67	0	0
34	57	34	33	17	0	0
35	58	35	36	52	188	1
36	59	37	34	52	1020	1
37	60	32	38	52	0	0
38	61	39	32	47	0	0
39	62	40	41	817	0	0
40	63	38	42	49	94	1
41	64	40	36	111	0	0
42	66	39	36	454	0	0
43	68	42	31	454	0	0
44	69	31	43	77	0	0
45	74	44	45	4	0	0
46	75	46	47	104	94	1
47	76	45	48	101	94	1
48	77	49	50	68	502	3
49	78	51	49	42	0	0
50	79	49	44	50	0	0
51	80	51	46	15	0	0
52	81	52	46	147	187	2
53	171	53	54	365	3383	18
54	189	55	56	27	0	0
55	190	56	57	222	4080	4
56	191	58	59	126	1293	7
57	192	58	60	118	570	3
58	193	60	61	254	2176	9
59	194	62	63	70	188	1
60	195	64	65	119	204	1
61	196	66	67	54	842	5
62	197	68	69	45	612	2
63	199	70	63	46	204	1
64	200	69	71	76	0	0
65	201	72	73	53	0	0
66	202	65	74	12	0	0
67	203	75	76	61	187	2
68	204	75	77	226	2951	12
69	205	78	66	217	919	5
70	206	73	79	61	0	0
71	207	66	69	172	1158	5
72	208	76	65	81	188	1
73	209	78	72	147	376	2
74	210	79	70	264	0	0
75	211	63	80	584	0	0
76	212	71	75	145	0	0
77	251	81	82	186	1318	4
78	252	83	84	64	94	1
79	253	84	81	241	2882	13
80	254	81	83	157	3342	12
81	255	85	84	83	1004	3
82	272	86	87	106	963	6
83	273	87	88	82	486	3
84	274	88	86	182	782	4
85	275	88	89	65	740	4
86	276	90	86	69	119	1
87	278	91	92	7	0	0
88	279	92	93	100	612	3
89	280	93	94	87	408	1
90	281	95	96	73	527	2
91	282	97	98	66	706	3
92	283	99	100	27	486	3
93	284	97	96	4	0	0
94	285	101	99	46	188	1
95	286	98	101	60	476	3
96	292	102	103	52	401	3
97	293	104	105	28	4080	4
98	294	106	107	39	3060	3
99	295	107	108	46	0	0
100	296	102	107	99	0	0
101	300	109	104	28	0	0
102	301	110	102	116	1174	7
103	311	111	112	202	94	1
104	312	113	114	67	188	1
105	313	115	116	55	502	3
106	314	111	117	316	204	1
107	315	118	119	82	94	1
108	316	119	120	80	0	0
109	317	111	119	275	0	0
110	318	120	114	132	0	0
111	319	114	116	13	0	0
112	320	116	121	37	94	1
113	321	122	123	40	7624	32
114	324	124	125	112	0	0
115	325	126	124	84	0	0
116	326	127	128	73	0	0
117	327	129	130	10	204	1
118	329	131	132	8	1498	8
119	330	128	132	71	0	0
120	333	128	123	51	408	2
121	335	130	123	114	2100	10
122	336	126	123	262	0	0
123	338	124	133	20	0	0
124	339	134	135	221	1922	11
125	340	136	137	208	502	2
126	341	137	138	70	188	1
127	342	134	139	50	0	0
128	343	140	135	149	1836	10
129	344	139	136	301	588	5
130	345	138	141	129	408	1
131	346	142	143	100	0	0
132	347	144	142	137	1309	8
133	348	141	145	78	408	1
134	349	146	142	37	0	0
135	350	145	60	70	376	2
136	351	146	140	55	0	0
137	352	140	134	100	0	0
138	353	147	145	63	1242	4
139	383	148	149	4	0	0
140	384	150	149	130	307	2
141	385	151	152	111	1870	5
142	386	153	154	75	426	2
143	387	153	151	23	0	0
144	389	154	148	129	204	1
145	391	155	156	43	204	1
146	392	80	156	107	204	1
147	393	157	158	50	307	2
148	394	159	160	140	0	0
149	395	161	160	78	426	2
150	396	80	157	351	94	1
151	397	158	161	42	0	0
152	398	156	162	62	94	1
153	483	163	164	199	1003	7
154	591	165	166	113	204	1
155	592	167	168	50	204	1
156	593	169	170	80	94	1
157	594	166	171	143	0	0
158	595	172	173	271	94	1
159	596	174	175	153	188	1
160	597	174	176	257	0	0
161	598	171	169	8	0	0
162	599	169	177	42	0	0
163	600	176	178	158	0	0
164	601	179	171	454	0	0
165	602	177	174	421	0	0
166	603	172	167	140	0	0
167	604	177	167	252	0	0
168	605	180	176	36	188	1
169	606	181	182	15	204	1
170	607	183	181	448	953	6
171	608	184	182	54	0	0
172	609	185	184	86	784	4
173	635	186	187	29	0	0
174	636	188	189	55	0	0
175	637	190	191	100	238	1
176	638	192	193	128	0	0
177	639	194	195	43	0	0
178	640	193	196	10	0	0
179	641	54	192	6	0	0
180	642	195	186	150	0	0
181	644	197	54	255	374	2
182	645	198	197	8	0	0
183	646	191	198	45	0	0
184	647	199	200	135	0	0
185	648	187	164	142	0	0
186	650	164	188	334	0	0
187	652	196	199	211	188	1
188	653	189	190	207	1054	5
189	655	189	201	91	0	0
190	657	203	188	48	724	4
191	658	191	204	36	323	2
192	676	205	206	55	612	3
193	677	206	74	168	332	2
194	679	207	208	111	894	5
195	680	190	207	149	579	4
196	681	208	95	79	0	0
197	682	209	210	105	1310	7
198	683	211	212	27	238	1
199	684	212	209	45	188	1
200	685	213	211	91	282	2
201	686	211	214	73	868	6
202	687	209	215	197	970	4
203	688	213	154	165	2255	10
204	689	213	216	69	1548	7
205	692	217	218	63	545	3
206	694	220	221	30	94	1
207	695	222	223	27	94	1
208	696	224	225	32	188	1
209	697	226	227	77	213	2
210	698	228	229	88	188	1
211	699	230	231	62	94	1
212	700	232	233	35	94	1
213	701	234	235	121	0	0
214	702	235	236	51	94	1
215	703	237	238	58	94	1
216	704	239	240	32	510	1
217	705	241	242	77	408	1
218	707	240	225	52	0	0
219	708	243	244	38	408	1
220	709	234	245	399	0	0
221	710	223	229	125	0	0
222	711	225	242	321	0	0
223	713	238	233	80	0	0
224	714	244	246	91	0	0
225	716	246	247	51	298	2
226	717	238	242	403	0	0
227	719	227	243	217	486	3
228	720	231	240	250	0	0
229	721	248	221	125	0	0
230	722	221	223	89	0	0
231	723	227	234	440	94	1
232	724	245	231	98	0	0
233	725	233	248	109	0	0
234	727	243	249	22	0	0
235	728	250	246	56	281	3
236	729	249	251	70	986	8
237	760	19	252	105	2414	4
238	761	252	253	59	817	6
239	813	254	255	106	1048	8
240	831	256	257	66	282	2
241	832	256	258	208	706	3
242	833	259	256	68	816	2
243	859	260	261	102	1054	3
244	860	262	263	97	375	3
245	861	260	263	88	213	2
246	862	264	265	69	1666	6
247	863	266	265	121	1022	4
248	864	263	266	107	2635	8
249	865	266	267	345	0	0
250	866	265	260	59	646	2
251	867	262	268	153	1174	8
252	945	269	270	85	2040	2
253	947	271	269	61	0	0
254	971	272	273	220	1285	8
255	972	272	274	25	392	2
256	973	275	272	78	442	2
257	975	276	277	43	0	0
258	976	278	276	79	0	0
259	977	279	280	55	0	0
260	978	279	281	92	748	4
261	979	282	281	89	376	2
262	980	283	280	16	0	0
263	981	277	283	189	1718	11
264	1000	284	285	379	3342	20
265	1001	286	287	70	188	1
266	1002	287	288	13	119	1
267	1003	289	290	547	1156	5
268	1005	291	292	133	282	2
269	1006	293	289	397	0	0
270	1007	294	295	1377	0	0
271	1008	291	159	95	664	3
272	1009	294	287	322	0	0
273	1011	159	293	188	1124	6
274	1012	288	291	39	119	1
275	1028	296	297	64	1020	5
276	1029	298	299	52	680	1
277	1030	300	298	262	374	2
278	1031	297	151	92	426	2
279	1032	298	297	32	0	0
280	1034	59	141	124	1242	4
281	1035	59	301	257	2238	8
282	1145	259	302	109	1029	9
283	1146	303	304	337	1641	11
284	1147	305	259	181	986	7
285	1148	305	90	287	1523	9
286	1149	90	306	197	0	0
287	1150	302	303	27	187	2
288	1151	307	302	47	298	2
289	1152	308	309	39	204	1
290	1153	310	311	66	188	1
291	1156	312	313	26	188	1
292	1158	313	314	181	0	0
293	1159	183	313	207	0	0
294	1160	315	309	33	0	0
295	1161	316	317	477	0	0
296	1163	318	314	298	0	0
297	1164	309	311	12	0	0
298	1167	311	316	613	187	2
299	1169	314	319	186	374	2
300	1170	320	305	16	0	0
301	1171	317	183	772	0	0
302	1172	318	320	293	188	1
303	1174	321	322	146	0	0
304	1176	323	322	24	188	1
305	1177	324	325	71	187	2
306	1179	326	327	284	0	0
307	1180	328	326	238	0	0
308	1181	329	325	298	0	0
309	1182	330	329	29	408	1
310	1183	325	321	139	0	0
311	1184	331	330	308	1692	7
312	1185	331	327	78	0	0
313	1186	332	333	44	94	1
314	1187	334	331	25	188	1
315	1188	335	336	87	119	1
316	1190	337	338	47	188	1
317	1191	339	340	37	1020	1
318	1192	341	333	66	0	0
319	1193	327	342	66	0	0
320	1195	343	344	34	94	1
321	1196	345	340	56	0	0
322	1197	340	341	41	0	0
323	1199	333	335	199	0	0
324	1201	344	346	31	0	0
325	1202	347	335	104	0	0
326	1203	343	345	486	94	1
327	1204	338	347	250	0	0
328	1212	346	148	831	877	5
329	1216	258	328	32	204	1
330	1217	348	349	39	408	2
331	1218	256	350	22	298	2
332	1219	258	348	150	927	6
333	1220	350	348	74	561	4
334	1221	351	352	83	1700	8
335	1222	353	354	83	782	6
336	1223	355	356	150	1548	9
337	1224	356	357	98	417	3
338	1225	353	358	47	0	0
339	1226	359	353	34	298	2
340	1227	356	360	14	0	0
341	1228	360	351	6	0	0
342	1229	360	361	42	0	0
343	1230	351	358	64	204	1
344	1231	358	362	79	1710	7
345	1234	363	364	58	374	2
346	1237	365	366	125	0	0
347	1238	367	267	199	0	0
348	1239	368	369	331	0	0
349	1240	370	371	66	0	0
350	1241	306	361	44	0	0
351	1242	267	363	47	0	0
352	1243	366	372	52	0	0
353	1244	373	365	44	0	0
354	1245	374	375	129	715	4
355	1246	375	373	36	0	0
356	1247	361	376	100	119	1
357	1248	363	377	107	0	0
358	1249	367	368	17	782	4
359	1252	377	372	93	0	0
360	1253	376	374	100	204	1
361	1254	378	379	123	0	0
362	1256	380	381	48	1224	6
363	1312	181	382	24	0	0
364	1313	382	383	198	3443	18
365	1317	384	385	206	188	1
366	1321	386	387	99	94	1
367	1322	388	389	24	204	1
368	1323	390	391	463	0	0
369	1324	392	393	236	188	1
370	1330	391	389	52	0	0
371	1335	390	394	334	0	0
372	1336	393	395	309	0	0
373	1352	395	397	57	0	0
374	1354	398	390	204	0	0
375	1359	399	386	39	94	1
376	1361	386	400	244	0	0
377	1366	401	399	877	94	1
378	1367	401	398	93	0	0
379	1368	394	396	85	0	0
380	1416	402	403	24	1020	1
381	1418	404	405	52	3400	4
382	1420	402	406	14	0	0
383	1421	407	406	9	0	0
384	1424	409	405	37	0	0
385	1425	406	410	116	0	0
386	1427	411	409	58	94	1
387	1432	407	402	19	0	0
388	1434	408	407	69	0	0
389	1435	412	408	53	0	0
390	1438	413	412	32	1836	3
391	1486	414	415	173	1412	4
392	1487	416	417	203	204	1
393	1488	416	418	127	1021	6
394	1489	415	416	118	0	0
395	1490	419	415	218	782	4
396	1504	422	423	195	0	0
397	1505	424	425	38	979	6
398	1506	424	426	27	502	2
399	1507	427	423	67	0	0
400	1509	424	428	51	0	0
401	1510	429	427	71	0	0
402	1511	428	423	86	119	1
403	1512	430	428	102	587	4
404	1513	422	420	223	0	0
405	1514	427	379	60	94	1
406	1515	379	431	112	94	1
407	1541	182	432	290	843	5
408	1710	433	434	63	1054	8
409	1711	435	434	220	1709	11
410	1754	436	437	54	94	1
411	1755	438	439	39	0	0
412	1756	440	436	93	468	3
413	1757	441	438	94	579	4
414	1758	442	441	25	376	2
415	1759	440	439	18	0	0
416	1760	441	443	69	510	4
417	1765	445	446	254	204	1
418	1767	447	445	34	0	0
419	1779	449	450	200	2126	16
420	1780	451	452	31	0	0
421	1781	453	454	51	374	2
422	1782	454	455	5	0	0
423	1783	456	453	23	0	0
424	1784	457	458	18	0	0
425	1785	459	453	24	1071	5
426	1786	460	459	98	1590	8
427	1787	461	460	12	0	0
428	1788	452	458	36	392	2
429	1789	462	459	25	307	2
430	1791	461	457	82	1251	7
431	1832	463	464	22	0	0
432	1833	464	465	14	0	0
433	1834	466	465	39	936	5
434	1835	467	468	45	0	0
435	1836	467	463	98	0	0
436	1837	469	467	15	0	0
437	1839	468	464	25	0	0
438	1840	468	470	14	0	0
439	1842	470	471	24	0	0
440	1844	465	470	23	0	0
441	1846	472	471	6	0	0
442	1865	473	474	11	476	4
443	1866	473	475	20	476	4
444	1867	376	473	93	1309	8
445	1871	138	476	369	2373	11
446	1898	477	478	99	953	4
447	1899	479	480	6	0	0
448	1900	481	477	15	0	0
449	1902	482	483	53	527	2
450	1903	480	484	88	188	1
451	1904	485	478	169	1598	10
452	1905	486	477	108	766	4
453	1906	487	488	83	1123	7
454	1907	489	480	56	204	1
455	1908	478	490	224	706	4
456	1909	491	490	57	2050	8
457	1910	488	492	146	749	5
458	1911	482	493	90	0	0
459	1912	492	479	27	0	0
460	1913	483	488	76	408	1
461	1914	494	492	83	392	2
462	1915	493	486	73	188	1
463	1916	490	482	11	0	0
464	1917	483	495	84	986	5
465	1922	496	497	97	188	1
466	1923	498	499	14	0	0
467	1924	500	498	35	834	4
468	1925	501	498	74	0	0
469	1926	499	496	3	0	0
470	1927	499	502	136	1445	8
471	1932	160	503	226	2271	12
472	1957	504	196	639	0	0
473	1958	505	504	136	375	3
474	1959	506	507	84	706	4
475	1960	508	509	147	1871	10
476	1961	510	511	96	1302	6
477	1962	509	506	149	1598	9
478	1963	511	512	78	188	1
479	1964	508	505	80	0	0
480	1965	510	507	4	0	0
481	1966	505	513	57	656	4
482	1967	514	511	29	706	4
483	1968	504	515	55	748	4
484	2131	516	517	263	2618	16
485	2132	215	517	106	894	5
486	2133	101	518	73	1207	6
487	2171	519	520	72	0	0
488	2172	521	519	93	800	3
489	2173	262	521	222	1523	8
490	2174	522	519	28	392	2
491	2175	523	521	31	281	3
492	2176	497	524	57	119	1
493	2177	520	497	255	511	3
494	2178	377	381	25	0	0
495	2179	381	520	313	731	4
496	2180	524	25	43	204	1
497	2244	525	526	213	844	5
498	2252	527	528	27	213	2
499	2253	529	530	85	0	0
500	2254	530	531	15	0	0
501	2255	528	532	68	188	1
502	2256	531	212	93	664	3
503	2257	533	532	99	664	3
504	2258	529	528	82	784	3
505	2259	534	125	7	1020	1
506	2260	535	536	28	527	2
507	2261	133	537	141	188	1
508	2265	538	537	112	486	3
509	2269	530	215	139	1522	6
510	2270	72	539	87	204	1
511	2271	539	289	68	119	1
512	2272	540	541	60	562	3
513	2273	542	543	6	0	0
514	2274	542	544	42	0	0
515	2275	541	545	27	0	0
516	2276	544	541	17	0	0
517	2290	546	184	128	833	6
518	2356	547	548	37	188	1
519	2357	549	550	8	188	1
520	2358	550	551	24	0	0
521	2360	552	553	70	188	1
522	2361	43	554	86	298	2
523	2362	555	556	223	204	1
524	2363	548	555	225	0	0
525	2364	551	557	55	0	0
526	2365	558	559	97	375	3
527	2366	553	558	22	0	0
528	2367	556	553	68	0	0
529	2368	557	548	542	0	0
530	2369	554	551	45	0	0
531	2414	560	561	43	910	5
532	2418	562	563	408	0	0
533	2421	564	562	32	0	0
534	2423	565	564	37	119	1
535	2425	566	563	606	0	0
536	2426	567	315	32	0	0
537	2429	566	315	394	238	1
538	2445	126	568	81	7168	24
539	2518	198	275	64	816	2
540	2519	569	570	52	511	3
541	2520	569	571	113	1114	5
542	2521	275	569	223	961	6
543	2536	574	575	79	119	1
544	2537	576	577	67	0	0
545	2538	577	578	5	0	0
546	2539	579	580	98	563	4
547	2540	581	576	316	204	1
548	2541	577	573	80	187	2
549	2542	52	572	48	204	1
550	2543	572	579	139	187	2
551	2544	582	578	188	0	0
552	2545	575	41	64	0	0
553	2546	579	575	19	0	0
554	2547	578	52	44	0	0
555	2548	583	584	56	1217	5
556	2549	583	440	41	502	2
557	2550	283	583	183	1268	7
558	2558	585	586	63	885	7
559	2584	280	587	181	2108	12
560	2585	588	589	14	0	0
561	2586	589	590	75	800	4
562	2587	591	588	19	0	0
563	2588	592	284	146	962	7
564	2589	591	593	41	520	3
565	2590	590	592	146	1581	8
566	2591	593	594	50	910	8
567	2592	284	595	153	1395	6
568	2609	596	597	74	282	2
569	2610	598	599	44	800	4
570	2611	600	601	45	374	2
571	2612	602	598	34	0	0
572	2613	597	603	74	0	0
573	2614	597	604	127	1326	7
574	2615	602	605	55	748	4
575	2616	600	606	72	681	6
576	2617	598	600	84	0	0
577	2618	601	493	116	1566	6
578	2619	601	607	51	1632	4
579	2620	596	602	8	0	0
580	2622	608	609	77	766	4
581	2623	610	608	54	375	3
582	2624	608	611	81	94	1
583	2715	612	509	360	3478	19
584	2716	506	612	303	3162	19
585	2755	613	614	109	910	3
586	2761	615	616	62	0	0
587	2763	617	615	265	1812	9
588	2840	618	619	33	392	2
589	2841	620	621	86	0	0
590	2843	622	623	659	0	0
591	2844	624	623	28	94	1
592	2845	625	626	75	119	1
593	2848	627	628	73	204	1
594	2849	629	621	33	119	1
595	2850	630	631	156	188	1
596	2851	295	619	313	0	0
597	2852	619	628	66	0	0
598	2853	632	633	34	0	0
599	2854	631	295	508	0	0
600	2855	634	622	52	0	0
601	2857	634	635	109	0	0
602	2858	628	635	62	204	1
603	2859	630	636	607	1114	2
604	2860	620	632	699	94	1
605	2863	634	625	113	0	0
606	2864	637	638	34	910	5
607	2865	639	640	31	5100	6
608	2866	641	642	5	0	0
609	2867	643	644	13	0	0
610	2868	642	645	6	0	0
611	2869	638	646	6	0	0
612	2870	647	648	12	0	0
613	2871	649	647	24	0	0
614	2872	647	638	73	0	0
615	2873	644	641	35	1020	1
616	2875	650	651	115	2040	2
617	2877	645	649	39	3452	14
618	2878	646	648	90	7616	32
619	2879	648	639	21	0	0
620	2884	652	653	233	1922	11
621	2885	654	655	88	485	4
622	2886	655	652	70	426	2
623	2887	656	655	34	605	4
624	2888	657	652	38	1004	4
625	2942	503	157	77	0	0
626	2943	658	659	379	1013	6
627	2944	658	503	99	0	0
628	2948	85	139	107	612	3
629	2949	85	660	105	656	4
630	2950	660	661	38	374	2
631	2968	662	663	43	816	2
632	2969	663	539	157	1632	7
633	2970	664	663	114	595	4
634	2973	665	666	33	3060	3
635	2976	666	667	28	0	0
636	2978	668	669	110	1549	9
637	2981	517	529	113	799	5
638	2982	341	517	243	0	0
639	3000	321	670	342	188	1
640	3022	671	672	60	0	0
641	3024	294	673	68	952	4
642	3025	672	674	18	408	1
643	3027	675	676	59	612	2
644	3028	677	678	104	238	1
645	3029	162	679	48	391	3
646	3030	679	680	21	0	0
647	3031	681	162	10	0	0
648	3032	682	683	33	94	1
649	3033	684	682	59	374	2
650	3034	680	685	128	562	5
651	3035	671	681	66	94	1
652	3036	685	636	47	604	5
653	3037	671	684	108	119	1
654	3038	686	687	46	0	0
655	3039	685	673	500	0	0
656	3040	687	636	68	0	0
657	3041	676	688	4	0	0
658	3042	689	690	40	0	0
659	3043	679	688	26	0	0
660	3044	691	687	34	94	1
661	3045	692	671	193	204	1
662	3046	676	691	83	298	2
663	3047	690	686	14	510	1
664	3048	692	689	42	0	0
665	3049	684	693	130	629	4
666	3050	691	689	58	0	0
667	3051	688	680	23	0	0
668	3052	430	694	250	1030	6
669	3053	431	366	48	0	0
670	3054	431	430	62	442	2
671	3055	695	696	69	94	1
672	3056	697	698	102	672	4
673	3057	699	700	36	562	3
674	3058	701	695	116	0	0
675	3059	702	697	24	0	0
676	3060	703	704	76	0	0
677	3061	704	705	49	0	0
678	3062	704	706	271	2874	19
679	3063	378	429	90	0	0
680	3064	707	704	159	2746	10
681	3065	708	701	129	776	6
682	3066	709	708	33	0	0
683	3067	710	703	53	527	2
684	3069	709	698	75	0	0
685	3070	702	700	52	392	2
686	3071	695	133	231	0	0
687	3072	705	702	93	639	5
688	3073	429	703	71	0	0
689	3074	700	711	52	740	4
690	3075	372	378	13	0	0
691	3076	712	615	153	3189	11
692	3086	713	714	126	238	1
693	3087	715	716	151	213	2
694	3088	717	718	46	188	1
695	3091	719	720	29	408	2
696	3093	721	714	47	0	0
697	3094	722	721	104	204	1
698	3096	723	724	28	188	1
699	3098	725	726	65	204	1
700	3100	719	727	355	0	0
701	3101	716	728	280	0	0
702	3103	728	718	148	0	0
703	3104	718	723	417	0	0
704	3106	683	719	203	0	0
705	3107	716	729	96	94	1
706	3110	731	730	1024	0	0
707	3111	732	727	57	0	0
708	3112	729	732	185	0	0
709	3114	304	731	338	188	1
710	3116	727	734	137	204	1
711	3118	721	728	232	0	0
712	3119	732	726	315	0	0
713	3120	734	735	25	0	0
714	3121	735	733	28	408	2
715	3145	736	737	27	0	0
716	3146	738	739	40	674	4
717	3147	739	740	123	561	4
718	3148	737	739	245	1564	10
719	3149	736	279	205	1616	10
720	3150	741	740	244	2703	17
721	3151	742	743	281	94	1
722	3152	743	744	613	0	0
723	3155	179	43	182	0	0
724	3156	744	179	317	282	2
725	3158	746	745	256	629	4
726	3159	744	747	268	187	2
727	3169	748	749	125	963	6
728	3170	750	751	105	1547	8
729	3171	751	752	37	94	1
730	3172	752	753	42	238	1
731	3173	754	748	62	800	4
732	3174	755	756	103	1302	6
733	3175	757	758	23	0	0
734	3176	756	759	51	94	1
735	3177	760	751	61	408	2
736	3178	756	761	108	970	4
737	3179	762	758	147	749	5
738	3180	749	760	90	784	4
739	3181	753	755	13	0	0
740	3182	759	757	57	0	0
741	3202	763	764	164	776	6
742	3203	765	766	39	5100	5
743	3237	281	767	168	2500	13
744	3253	768	769	53	204	1
745	3256	770	768	79	323	2
746	3257	770	746	61	596	3
747	3258	771	772	50	94	1
748	3265	768	771	7	0	0
749	3267	772	560	7	0	0
750	3269	771	773	78	94	1
751	3271	774	775	47	1802	4
752	3272	776	774	103	969	4
753	3274	775	777	19	0	0
754	3277	778	779	166	3053	13
755	3278	779	780	7	0	0
756	3279	781	782	30	0	0
757	3280	783	784	133	5712	24
758	3281	782	783	87	4284	18
759	3282	785	667	155	1666	14
760	3283	667	786	64	595	4
761	3288	787	788	67	469	4
762	3289	749	789	114	970	5
763	3290	790	787	58	392	2
764	3291	789	791	22	0	0
765	3292	792	788	92	953	6
766	3293	793	789	49	587	4
767	3294	788	791	80	486	3
768	3295	794	787	71	401	3
769	3296	207	795	190	1438	8
770	3305	740	796	150	2305	12
771	3309	797	798	5	0	0
772	3310	799	797	172	2397	8
773	3311	799	596	34	0	0
774	3312	799	800	78	1438	7
775	3314	590	801	308	3418	19
776	3340	73	802	128	3155	10
777	3361	803	20	87	3758	13
778	3362	804	803	22	408	1
779	3363	805	804	5	0	0
780	3364	806	807	64	4362	10
781	3365	808	806	4	0	0
782	3366	807	253	24	0	0
783	3367	253	20	66	1021	6
784	3368	531	153	282	2322	14
785	3401	809	810	99	893	6
786	3405	811	21	135	5866	20
787	3406	812	813	123	1853	10
788	3407	814	815	257	188	1
789	3408	814	816	1041	0	0
790	3409	817	814	253	0	0
791	3410	818	817	55	0	0
792	3411	818	819	23	282	2
793	3412	816	820	47	536	3
794	3413	821	374	160	2170	12
795	3414	532	822	117	1080	6
796	3433	823	824	358	867	5
797	3434	824	825	228	1914	9
798	3451	826	827	293	4522	24
799	3452	828	829	14	1548	10
800	3453	830	828	17	0	0
801	3455	831	832	377	188	1
802	3456	833	834	52	0	0
803	3457	835	836	27	0	0
804	3458	837	838	146	94	1
805	3459	831	839	59	0	0
806	3460	840	835	163	204	1
807	3461	841	842	49	238	1
808	3462	843	833	59	188	1
809	3464	835	844	15	0	0
810	3466	838	839	383	0	0
811	3467	844	846	713	816	2
812	3468	836	844	26	0	0
813	3469	839	842	259	0	0
814	3470	326	834	255	0	0
815	3471	347	846	369	0	0
816	3472	834	845	40	0	0
817	3474	842	845	72	0	0
818	3475	838	836	145	0	0
819	3486	822	847	47	375	3
820	3487	822	529	227	2152	11
821	3521	848	849	42	392	2
822	3522	850	610	18	0	0
823	3523	851	852	117	1446	3
824	3524	853	854	33	0	0
825	3525	853	855	7	0	0
826	3526	611	850	66	800	3
827	3527	850	856	53	1020	3
828	3528	611	857	65	656	4
829	3529	858	859	34	0	0
830	3530	855	851	58	800	3
831	3532	853	848	40	1598	4
832	3533	852	859	21	0	0
833	3534	858	610	55	0	0
834	3535	860	452	89	1496	10
835	3536	861	451	146	1531	12
836	3537	862	861	34	0	0
837	3538	862	852	36	0	0
838	3540	859	862	23	0	0
839	3563	863	864	27	188	1
840	3566	865	773	89	187	2
841	3567	866	864	50	187	2
842	3572	773	746	10	0	0
843	3573	864	865	18	0	0
844	3587	867	868	91	1208	4
845	3588	869	697	259	2305	12
846	3589	870	869	82	374	2
847	3590	705	867	153	613	4
848	3591	871	870	77	1309	5
849	3592	867	870	71	204	1
850	3681	872	873	83	188	1
851	3685	874	875	1355	0	0
852	3686	873	248	145	0	0
853	3687	874	876	25	374	2
854	3688	876	873	197	0	0
855	3695	877	456	67	204	1
856	3696	462	456	38	0	0
857	3697	878	879	52	578	5
858	3698	462	880	93	706	4
859	3699	878	880	28	188	1
860	3704	698	881	145	1473	9
861	3705	881	709	156	562	3
862	3707	882	883	90	0	0
863	3708	883	158	129	986	4
864	3709	884	882	55	323	2
865	3710	161	882	259	3214	15
866	3712	653	885	88	1158	5
867	3713	764	254	9	0	0
868	3714	886	887	42	630	3
869	3715	885	888	185	1454	10
870	3716	887	764	124	1183	6
871	3717	889	254	114	470	3
872	3718	653	889	249	3145	15
873	3719	889	890	99	187	2
874	3723	891	79	145	562	3
875	3724	891	892	198	732	5
876	3734	893	894	82	748	4
877	3735	895	896	86	1030	6
878	3736	897	898	191	2959	15
879	3737	899	900	95	1489	8
880	3738	897	218	86	562	3
881	3739	901	902	343	614	4
882	3740	900	898	87	0	0
883	3741	903	898	81	1310	5
884	3742	894	896	2	0	0
885	3743	904	905	63	876	4
886	3744	906	904	95	969	6
887	3745	907	901	107	775	5
888	3746	218	901	48	0	0
889	3747	908	894	77	376	2
890	3748	909	910	90	1157	6
891	3750	911	900	78	1344	6
892	3751	910	908	11	0	0
893	3752	904	910	80	188	1
894	3753	896	900	83	0	0
895	3798	912	913	129	1607	9
896	3799	757	914	167	1174	6
897	3800	914	915	75	188	1
898	3801	915	916	79	374	2
899	3802	916	917	23	0	0
900	3803	918	451	42	298	2
901	3804	919	277	154	1642	8
902	3809	917	921	125	0	0
903	3811	922	603	41	374	2
904	3813	923	924	167	1599	9
905	3815	925	926	80	596	2
906	3817	924	927	53	94	1
907	3818	926	616	236	1914	6
908	3820	928	603	215	2160	13
909	3823	929	930	157	1405	6
910	3825	484	931	38	0	0
911	3827	917	920	452	2168	11
912	3828	794	484	27	0	0
913	3831	927	922	8	0	0
914	3832	930	928	31	0	0
915	3833	931	923	36	281	4
916	3834	616	921	230	0	0
917	3844	479	923	51	0	0
918	3846	932	933	138	1089	8
919	3847	933	934	76	1131	8
920	3860	935	936	34	0	0
921	3861	936	937	260	282	2
922	3862	937	907	95	94	1
923	3863	907	938	553	1456	9
924	3870	939	940	49	188	1
925	3871	908	939	409	4820	22
926	3872	941	939	65	374	4
927	3873	942	432	119	1633	8
928	3891	943	944	65	1667	8
929	3892	944	435	162	1751	10
930	3893	944	945	24	0	0
931	3894	945	946	65	1030	7
932	3895	947	945	55	94	1
933	3911	948	826	91	578	3
934	3912	949	948	62	485	4
935	3917	950	951	75	970	4
936	3934	952	953	5	0	0
937	3935	953	954	136	1896	10
938	3961	883	892	139	910	3
939	3962	892	955	265	2084	13
940	3963	956	365	68	944	4
941	4025	957	958	95	928	4
942	4026	958	925	4	0	0
943	4231	959	960	88	323	2
944	4247	961	962	79	1522	5
945	4248	963	185	41	0	0
946	4249	964	801	91	639	4
947	4250	961	965	45	94	1
948	4251	966	595	19	0	0
949	4252	285	801	85	520	3
950	4253	967	968	188	188	1
951	4254	969	970	86	987	5
952	4255	185	967	291	2092	9
953	4256	971	963	110	0	0
954	4257	595	971	75	493	3
955	4258	965	285	23	0	0
956	4259	966	961	131	646	2
957	4260	972	963	82	1836	5
958	4261	970	964	14	0	0
959	4262	973	967	45	612	3
960	4263	974	975	168	1998	10
961	4264	974	193	82	969	4
962	4265	976	974	82	1735	8
963	4266	975	977	43	323	2
964	4271	978	979	154	799	5
965	4272	916	980	93	612	3
966	4273	981	978	85	1064	5
967	4274	980	981	89	1564	6
968	4292	982	983	96	94	1
969	4298	984	985	33	510	1
970	4299	986	987	26	94	1
971	4307	988	989	10	0	0
972	4308	200	988	105	596	3
973	4316	994	200	89	282	2
974	4322	984	982	349	0	0
975	4323	990	995	32	282	2
976	4324	996	994	50	0	0
977	4325	992	997	71	298	2
978	4326	987	996	27	0	0
979	4330	998	991	47	408	2
980	4334	993	999	5	850	5
981	4339	996	244	202	0	0
982	4348	1000	1001	303	1888	13
983	4349	1002	1003	49	817	5
984	4416	1004	1005	53	493	3
985	4417	1005	1006	81	1472	6
986	4418	293	1005	152	1344	6
987	4421	1007	1008	86	94	1
988	4422	669	1009	30	0	0
989	4423	1008	654	48	0	0
990	4424	282	888	22	0	0
991	4425	1009	1010	41	655	5
992	4426	888	736	93	374	2
993	4427	197	1008	69	282	2
994	4428	1009	654	45	204	1
995	4429	282	669	124	1106	8
996	4430	1011	948	75	1362	6
997	4431	1012	970	134	1072	5
998	4432	827	1013	46	782	3
999	4433	1014	827	49	1387	7
1000	4434	1015	1016	111	0	0
1001	4435	1017	1018	11	0	0
1002	4436	1019	1014	67	1174	5
1003	4437	1020	1021	50	0	0
1004	4438	1018	1022	58	0	0
1005	4439	948	1023	105	374	4
1006	4440	1022	1020	67	0	0
1007	4441	1013	1011	137	2901	12
1008	4442	1023	1012	7	0	0
1009	4582	1024	1025	46	860	5
1010	4584	1021	1024	86	1199	8
1011	4585	1021	1018	179	3784	11
1012	4588	1026	1027	36	204	1
1013	4591	1028	1027	23	0	0
1014	4593	1029	1028	98	204	1
1015	4594	1027	1030	41	408	2
1016	4597	1031	1029	80	408	2
1017	4598	1029	1032	127	876	5
1018	4607	1033	1034	115	1029	4
1019	4609	1034	1035	123	357	3
1020	4611	1034	1036	76	0	0
1021	4644	1037	1038	141	94	1
1022	4647	581	582	84	0	0
1023	4649	1039	1040	60	0	0
1024	4650	1041	581	265	204	1
1025	4651	1042	1041	27	0	0
1026	4653	1043	1044	455	0	0
1027	4656	1044	1039	112	204	1
1028	4657	1040	1042	106	213	2
1029	4660	1045	1037	511	0	0
1030	4662	1045	1046	903	0	0
1031	4663	1047	1046	377	0	0
1032	4666	1041	1047	400	0	0
1033	4667	1048	1049	15	2720	4
1034	4678	1050	320	68	629	4
1035	4679	187	1051	181	1139	8
1036	4684	1052	1053	55	800	3
1037	4685	195	1048	36	0	0
1038	4686	1052	195	76	0	0
1039	4687	1052	186	77	0	0
1040	4751	1054	1055	223	1898	12
1041	4762	1056	1057	11	0	0
1042	4763	1058	1059	84	0	0
1043	4766	1056	1060	23	0	0
1044	4768	1061	1057	23	6494	8
1045	4770	1062	1063	3	0	0
1046	4772	1060	1062	18	374	2
1047	4773	543	1064	76	0	0
1048	4778	1066	1067	160	0	0
1049	4779	1068	1069	246	1649	10
1050	4780	1059	1070	58	502	2
1051	4781	1071	370	16	0	0
1052	4782	1068	1072	76	281	3
1053	4783	1063	1065	16	0	0
1054	4784	1072	1073	91	579	4
1055	4785	1065	1074	83	0	0
1056	4786	1073	1075	11	0	0
1057	4787	1069	1076	82	901	4
1058	4788	543	1063	36	0	0
1059	4789	1077	1074	8	0	0
1060	4790	1059	1066	49	204	1
1061	4791	1077	542	136	0	0
1062	4792	1070	1078	52	0	0
1063	4793	1079	1064	21	0	0
1064	4794	1074	1067	9	0	0
1065	4795	1071	1075	250	1114	7
1066	4799	1078	1077	9	0	0
1067	4800	1076	1066	27	408	1
1068	4801	1079	805	102	0	0
1069	4802	1064	542	76	0	0
1070	4803	1080	1081	26	860	5
1071	4804	1081	1082	60	1454	7
1072	4805	1082	811	112	4617	18
1073	4806	857	1080	74	4013	13
1074	4866	1083	1084	197	996	7
1075	4903	22	1085	66	1437	8
1076	4923	1086	1087	62	656	4
1077	4924	1086	1088	175	774	6
1078	4925	1089	1086	101	860	5
1079	4926	1088	1090	120	187	2
1080	4927	1091	1088	237	0	0
1081	4928	1087	1092	15	392	2
1082	4929	1093	1087	61	570	3
1083	4939	1094	1095	4	0	0
1084	4940	1096	1094	66	1224	3
1085	4941	1097	1098	3	0	0
1086	4942	1098	194	127	1530	7
1087	4943	1099	194	72	681	4
1088	4944	808	1095	47	0	0
1089	4945	1097	1100	26	0	0
1090	4946	1095	1099	54	0	0
1091	4947	1101	1102	120	0	0
1092	4948	1103	1099	71	0	0
1093	4949	1104	1103	124	816	2
1094	4951	1105	1106	66	408	1
1095	4952	1105	1107	6	0	0
1096	4954	1105	22	93	3588	18
1097	4965	1108	1109	51	7372	24
1098	4968	1110	1111	59	2040	4
1099	4969	1112	1113	18	655	5
1100	4970	1102	1100	14	0	0
1101	4971	127	1114	34	417	3
1102	4972	1115	1112	41	5850	9
1103	4973	1109	127	49	1574	9
1104	4974	1116	1111	41	204	1
1105	4975	1116	1109	17	204	1
1106	4976	1111	1117	15	2432	13
1107	4977	1113	1100	4	0	0
1108	4978	1114	1115	24	238	1
1109	4979	1117	1118	57	0	0
1110	5063	21	1119	106	2186	11
1111	5064	918	1120	51	1506	5
1112	5065	1121	858	33	656	4
1113	5066	1120	1121	121	3392	22
1114	5067	1119	918	49	1250	6
1115	5078	1122	1123	46	656	4
1116	5079	1124	1125	43	374	2
1117	5080	1125	1123	42	188	1
1118	5081	1123	1126	125	468	3
1119	5082	660	1125	89	656	4
1120	5093	968	382	184	2781	14
1121	5108	438	1127	89	859	6
1122	5127	1128	1129	159	935	8
1123	5128	1130	1131	150	1302	6
1124	5129	1132	708	90	699	4
1125	5130	1130	1133	65	690	4
1126	5131	1134	1135	35	468	3
1127	5132	1132	1130	39	0	0
1128	5133	1134	1131	106	544	4
1129	5134	698	1132	145	986	5
1130	5135	1129	1131	68	0	0
1131	5136	1131	701	111	307	2
1132	5272	135	1136	21	94	1
1133	5273	1136	144	73	690	3
1134	5274	144	1137	82	188	1
1135	5288	1138	1139	51	282	2
1136	5289	1140	1141	82	1668	6
1137	5290	1142	1143	43	306	3
1138	5291	1144	1145	99	1037	6
1139	5292	906	1146	123	799	5
1140	5293	1139	906	45	0	0
1141	5294	979	1142	181	1233	10
1142	5295	1145	940	48	238	1
1143	5296	791	1142	61	94	1
1144	5297	940	1141	34	188	1
1145	5298	1143	760	73	298	2
1146	5299	920	979	44	307	2
1147	5300	1146	1145	25	0	0
1148	5301	760	1138	73	0	0
1149	5302	1102	1107	5	0	0
1150	5303	1107	1097	15	0	0
1151	5304	1101	1147	20	0	0
1152	5305	1148	1149	12	0	0
1153	5306	1148	1077	33	0	0
1154	5307	1150	1151	88	1020	1
1155	5308	1147	1152	56	646	2
1156	5309	1153	1152	78	2040	5
1157	5310	1148	1154	8	94	1
1158	5311	1058	1152	50	298	2
1159	5312	1078	1067	7	0	0
1160	5313	1155	1150	66	238	1
1161	5314	1149	1101	44	1242	5
1162	5315	1069	1155	7	0	0
1163	5316	1078	1154	25	0	0
1164	5321	1058	1151	78	486	3
1165	5323	1156	1157	57	204	1
1166	5324	87	1158	63	0	0
1167	5325	1157	1159	98	1318	7
1168	5326	1159	1160	176	2023	12
1169	5327	1158	1156	147	646	3
1170	5328	1156	1160	57	357	2
1171	5329	1138	1146	320	3359	14
1172	5347	885	1161	124	2050	9
1173	5348	292	658	203	2712	13
1174	5349	1162	435	89	1105	7
1175	5350	1163	1164	25	0	0
1176	5351	1165	1164	53	0	0
1177	5353	1163	1162	13	0	0
1178	5354	1166	365	87	468	3
1179	5419	1167	1168	187	2025	10
1180	5420	192	1167	38	0	0
1181	5421	1169	1170	23	282	2
1182	5422	1171	1169	34	681	4
1183	5423	1169	887	90	545	3
1184	5435	1172	1173	33	94	1
1185	5439	1174	1175	36	187	2
1186	5443	1176	1173	410	0	0
1187	5448	1176	1177	26	187	2
1188	5454	1178	1176	395	0	0
1189	5468	1179	1180	960	94	1
1190	5472	1179	1178	321	0	0
1191	5491	1175	1179	14	0	0
1192	5496	1181	1182	9	0	0
1193	5498	1182	1183	169	621	4
1194	5499	1184	1182	63	0	0
1195	5509	1185	1186	334	2662	16
1196	5512	1187	1188	44	0	0
1197	5513	1187	1189	272	0	0
1198	5515	1188	1190	52	188	1
1199	5519	1191	1192	22	0	0
1200	5521	1184	1193	56	204	1
1201	5522	1194	1195	20	0	0
1202	5524	1196	1192	94	238	1
1203	5526	1193	1194	40	188	1
1204	5528	1197	1195	71	578	3
1205	5531	481	798	533	0	0
1206	5533	1198	1191	744	0	0
1207	5534	1165	952	116	0	0
1208	5535	1181	1197	5	0	0
1209	5536	798	1165	3	0	0
1210	5537	1199	929	36	0	0
1211	5539	1195	1200	81	0	0
1212	5542	1198	397	160	0	0
1213	5544	567	1181	93	0	0
1214	5546	1015	929	94	0	0
1215	5549	1200	481	26	282	2
1216	5551	1191	567	36	0	0
1217	5553	397	1189	268	0	0
1218	5556	1199	952	120	204	1
1219	5563	1118	1201	148	1216	7
1220	5591	1203	1204	35	1020	1
1221	5592	1205	748	61	376	2
1222	5593	1206	1207	40	561	4
1223	5594	1208	1209	37	842	5
1224	5595	1209	1207	73	188	1
1225	5596	1207	1205	71	332	2
1226	5597	1205	1210	32	970	4
1227	5598	1141	1209	94	1412	4
1228	5599	1211	137	60	374	2
1229	5600	1212	1213	56	1064	5
1230	5601	1213	1214	104	94	1
1231	5602	1213	1211	220	2611	14
1232	5614	1215	1216	183	1132	7
1233	5644	936	1219	122	0	0
1234	5645	1217	1219	3	0	0
1235	5646	824	1219	253	494	4
1236	5666	1220	1221	4	0	0
1237	5667	1221	1222	126	1207	8
1238	5668	1220	1223	36	562	5
1239	5669	1222	1224	120	1003	6
1240	5670	1224	510	63	0	0
1241	5671	1225	1224	22	486	3
1242	5672	422	1226	160	817	6
1243	5679	1227	98	91	1071	7
1244	5684	1228	1229	155	876	5
1245	5685	1229	1230	6	0	0
1246	5688	1231	1232	25	7724	24
1247	5691	1232	1233	16	0	0
1248	5692	1234	1235	79	8394	12
1249	5693	1236	1237	42	0	0
1250	5694	1238	1239	70	0	0
1251	5695	1240	1241	28	4417	37
1252	5696	1242	1234	21	0	0
1253	5699	1235	1237	156	0	0
1254	5701	1243	1242	50	7532	11
1255	5702	1239	1244	18	0	0
1256	5703	1237	1241	62	0	0
1257	5705	1245	1246	5	833	7
1258	5706	1244	1247	52	7140	7
1259	5708	1246	1236	29	595	5
1260	5711	1239	1235	27	0	0
1261	5713	1248	1249	44	630	4
1262	5714	859	1250	78	94	1
1263	5715	1251	1248	41	0	0
1264	5717	1251	1252	40	188	1
1265	5718	1250	1248	56	0	0
1266	5719	1253	1254	10	0	0
1267	5720	449	1255	115	986	4
1268	5721	1256	108	14	0	0
1269	5722	1002	109	20	0	0
1270	5723	913	1257	52	8160	4
1271	5725	808	57	59	0	0
1272	5726	108	585	55	0	0
1273	5727	1255	1002	7	0	0
1274	5729	585	55	30	0	0
1275	5730	1256	109	51	0	0
1276	5731	1258	1259	6	0	0
1277	5732	1253	57	6	0	0
1278	5733	1260	449	111	1003	7
1279	5734	55	1261	20	0	0
1280	5735	1262	1260	127	1505	9
1281	5736	1257	1253	21	0	0
1282	5738	1261	913	63	0	0
1283	5739	1256	1263	83	1285	7
1284	5765	545	18	97	17935	20
1285	5780	1264	1265	14	0	0
1286	5784	1266	1265	23	204	1
1287	5797	1267	1268	25	8468	36
1288	5798	1268	1269	65	0	0
1289	5799	1261	1267	105	1199	7
1290	5800	1267	1270	24	0	0
1291	5801	516	846	170	374	2
1292	5802	533	516	86	928	4
1293	5803	1271	533	97	918	6
1294	5816	362	1272	115	332	2
1295	5817	1273	1274	50	697	4
1296	5818	1274	1272	42	0	0
1297	5851	1275	1276	137	0	0
1298	5854	1277	1278	47	408	1
1299	5855	1279	559	79	94	1
1300	5856	1280	820	5	0	0
1301	5857	1281	1279	34	0	0
1302	5858	633	1281	13	187	2
1303	5859	1275	121	30	0	0
1304	5860	121	1280	129	1106	7
1305	5861	559	1275	40	94	1
1306	5865	1282	1276	54	0	0
1307	5866	1280	1283	81	298	2
1308	5867	1281	1282	15	0	0
1309	5869	1282	633	14	0	0
1310	5870	1283	1284	65	204	1
1311	5900	1285	965	54	0	0
1312	5901	1286	1287	105	374	4
1313	5902	1285	1288	75	392	2
1314	5903	1288	1287	7	0	0
1315	5905	1289	1285	501	5194	24
1316	5906	417	1287	104	0	0
1317	5910	1290	1291	23	0	0
1318	5911	1292	1291	108	1428	5
1319	5912	1291	508	125	969	4
1320	5913	1293	1290	229	2390	14
1321	5914	507	1293	299	3359	16
1322	5917	737	1294	184	3928	16
1323	5956	1295	1296	57	1064	5
1324	5957	1216	1295	55	94	1
1325	5958	1295	1297	20	0	0
1326	5959	1297	978	76	468	3
1327	5965	1298	1299	35	298	2
1328	5971	1299	1300	76	0	0
1329	5973	1299	1301	121	0	0
1330	5977	1302	1303	410	94	1
1331	5982	1302	1304	396	0	0
1332	5986	1306	1307	142	0	0
1333	5990	1304	1309	24	748	4
1334	5994	1307	398	935	468	3
1335	5995	444	1306	128	0	0
1336	6114	544	1310	143	8160	16
1337	6115	1310	1149	18	0	0
1338	6147	1311	1055	282	3104	17
1339	6148	971	1055	23	0	0
1340	6149	1312	1313	122	2722	9
1341	6152	1272	1314	116	1547	7
1342	6159	1315	1316	30	188	1
1343	6160	1317	1318	66	1497	9
1344	6162	1315	1319	73	1029	7
1345	6163	1318	1315	83	1530	12
1346	6164	1255	1317	40	0	0
1347	6193	938	1320	104	596	2
1348	6194	823	1035	116	783	4
1349	6195	825	938	152	562	3
1350	6196	1321	825	16	0	0
1351	6197	951	823	136	614	3
1352	6198	1320	951	89	0	0
1353	6199	1322	1321	54	731	4
1354	6200	937	1321	119	357	2
1355	6227	1323	1215	79	878	4
1356	6228	980	1323	83	374	2
1357	6229	1215	759	157	1454	8
1358	6248	1324	1325	74	204	1
1359	6251	1326	1177	675	188	1
1360	6252	1327	1328	68	408	1
1361	6253	178	1324	167	0	0
1362	6254	1324	1327	612	0	0
1363	6255	1177	178	476	0	0
1364	6256	820	1329	692	0	0
1365	6257	1329	1326	52	94	1
1366	6291	1330	1331	97	0	0
1367	6292	1332	1333	37	884	2
1368	6293	1330	1334	58	0	0
1369	6294	637	1331	6	0	0
1370	6296	1335	637	32	204	1
1371	6298	1337	1336	40	188	1
1372	6299	1338	1335	4	0	0
1373	6300	1333	1339	25	0	0
1374	6301	1336	1340	45	0	0
1375	6302	1340	1334	32	0	0
1376	6303	1340	1338	29	238	1
1377	6304	1331	1333	23	0	0
1378	6305	1339	91	43	408	1
1379	6307	649	91	9	0	0
1380	6343	1341	1342	25	94	1
1381	6344	1343	1344	166	0	0
1382	6345	1345	1346	55	0	0
1383	6346	1346	1342	27	0	0
1384	6348	1347	959	41	94	1
1385	6349	1348	1349	61	94	1
1386	6350	1350	1351	4	0	0
1387	6351	1344	1352	21	94	1
1388	6352	1350	1353	69	94	1
1389	6353	1354	1355	124	94	1
1390	6354	1356	1091	253	0	0
1391	6355	278	437	323	0	0
1392	6356	1349	1357	148	0	0
1393	6357	1345	1351	99	0	0
1394	6358	1358	960	67	0	0
1395	6359	1358	1000	30	0	0
1396	6360	1351	278	160	0	0
1397	6362	1000	1356	247	94	1
1398	6363	1357	1343	7	0	0
1399	6364	328	1354	11	0	0
1400	6365	1091	1349	218	0	0
1401	6366	1343	1354	528	0	0
1402	6367	989	1345	35	0	0
1403	6368	437	960	221	0	0
1404	6401	766	1359	17	0	0
1405	6402	1360	1361	38	2567	4
1406	6404	1118	1359	9	0	0
1407	6405	1361	1362	38	4284	7
1408	6406	1362	538	171	3775	24
1409	6407	1363	1361	35	1148	4
1410	6408	1364	1365	53	1428	2
1411	6409	1365	538	52	1224	4
1412	6410	371	369	79	374	2
1413	6411	1366	1363	8	0	0
1414	6412	1367	1366	256	4166	21
1415	6413	1359	1368	6	0	0
1416	6414	1368	1364	58	213	2
1417	6415	369	1367	25	0	0
1418	6416	1369	1368	46	680	1
1419	6417	1370	1365	44	2397	4
1420	6419	1371	922	79	867	5
1421	6442	1372	1373	81	417	3
1422	6443	1373	1374	53	486	3
1423	6444	1023	1373	39	0	0
1424	6445	1020	1375	192	4913	29
1425	6446	1376	1375	48	4080	8
1426	6503	1377	650	34	0	0
1427	6518	1204	1202	135	0	0
1428	6522	1379	1380	46	1122	4
1429	6523	642	1377	44	408	1
1430	6525	1380	805	129	0	0
1431	6527	1377	1381	44	486	3
1432	6531	1382	1383	210	783	4
1433	6532	1378	1383	127	2975	12
1434	6533	1379	1378	36	0	0
1435	6535	1384	1385	44	0	0
1436	6536	1386	1387	29	282	2
1437	6537	1388	1385	55	204	1
1438	6538	1389	1390	109	94	1
1439	6540	1391	1392	331	0	0
1440	6541	1393	1394	67	94	1
1441	6543	1395	1391	548	0	0
1442	6544	1396	1397	38	94	1
1443	6545	1398	1399	56	596	2
1444	6546	1395	1400	60	119	1
1445	6548	1402	1403	166	204	1
1446	6549	1404	1389	206	0	0
1447	6553	1403	1405	115	0	0
1448	6554	1406	1407	512	0	0
1449	6555	1408	1399	86	0	0
1450	6556	1405	1402	126	0	0
1451	6557	448	447	40	0	0
1452	6558	1401	1409	20	0	0
1453	6559	1308	1387	462	0	0
1454	6560	1410	1411	1035	0	0
1455	6561	1412	1308	374	0	0
1456	6562	1387	1394	126	0	0
1457	6563	1413	1392	217	0	0
1458	6564	1411	1406	15	187	2
1459	6565	41	1408	45	0	0
1460	6566	1414	1413	33	392	2
1461	6567	1394	1415	138	417	3
1462	6569	1415	1414	48	0	0
1463	6570	1399	1416	356	0	0
1464	6571	1409	1417	287	0	0
1465	6572	1417	1418	16	0	0
1466	6573	1407	1419	158	204	1
1467	6574	1416	1420	232	0	0
1468	6575	1402	448	67	0	0
1469	6576	1420	1401	109	204	1
1470	6577	1392	1405	177	0	0
1471	6578	447	1410	63	408	1
1472	6579	1404	1421	95	0	0
1473	6581	730	1412	11	187	2
1474	6584	1418	1421	519	0	0
1475	6585	1404	1419	126	0	0
1476	6587	1397	1407	115	0	0
1477	6594	1323	915	86	502	2
1478	6595	1422	1323	88	1080	6
1479	6596	981	1422	82	0	0
1480	6597	1297	1422	88	562	3
1481	6648	1423	1424	135	825	5
1482	6649	1114	1423	38	0	0
1483	6650	1424	1116	7	0	0
1484	6746	1425	1426	56	408	1
1485	6747	1426	247	88	545	3
1486	6748	143	1137	116	1190	4
1487	6749	1427	1426	81	996	6
1488	6750	247	250	24	204	1
1489	6751	250	1428	133	2678	12
1490	6752	143	1428	665	204	1
1491	6753	989	1427	41	188	2
1492	6754	1429	1430	52	4080	8
1493	6755	1431	1432	57	918	2
1494	6756	1433	1432	103	1930	12
1495	6757	1434	1435	44	536	3
1496	6758	1432	1429	35	612	3
1497	6759	1436	1433	40	1284	7
1498	6760	1429	643	68	724	4
1499	6761	1437	1434	15	0	0
1500	6762	1434	1436	36	545	3
1501	6763	857	1233	38	774	6
1502	6764	1438	644	33	0	0
1503	6765	1439	472	32	204	1
1504	6766	1030	1439	32	442	2
1505	6767	1030	1437	24	408	1
1506	6768	1438	643	13	0	0
1507	6769	1233	1438	12	0	0
1508	6770	1437	1439	30	0	0
1509	6788	1440	932	96	969	6
1510	6789	1441	1163	49	0	0
1511	6790	1441	932	77	579	4
1512	6791	1164	1441	11	0	0
1513	6831	94	1442	46	0	0
1514	6833	471	469	58	0	0
1515	6834	642	1443	201	1819	8
1516	6835	469	1442	49	94	1
1517	6836	1442	1443	6	0	0
1518	6847	1444	317	510	0	0
1519	6848	1445	1444	104	1489	10
1520	6849	1444	1017	198	1828	11
1521	6904	1446	1447	40	119	1
1522	6905	1448	1449	87	612	3
1523	6906	1449	1450	14	0	0
1524	6907	1451	1452	60	689	4
1525	6908	1450	1452	100	1030	6
1526	6909	1453	1447	47	188	1
1527	6910	1452	966	80	188	1
1528	6911	1447	1450	34	0	0
1529	6912	1454	1449	39	690	3
1530	6916	1455	1456	93	204	1
1531	6918	1457	1458	19	562	3
1532	6921	613	1192	95	204	1
1533	6924	1035	1036	90	0	0
1534	6926	1456	1035	22	94	1
1535	6927	1459	1456	471	408	2
1536	6930	1460	1461	36	188	1
1537	6932	1036	1460	50	0	0
1538	6934	902	935	68	0	0
1539	6935	935	1459	329	0	0
1540	6946	1257	1462	87	519	5
1541	6947	1463	1464	40	1216	9
1542	6948	1081	1465	56	690	3
1543	6949	1465	1464	6	0	0
1544	6950	856	1465	67	0	0
1545	6951	1162	1466	180	1539	10
1546	6952	1467	1466	51	1455	7
1547	6981	1468	1383	4	0	0
1548	6982	811	1468	78	2924	9
1549	6986	512	1469	81	282	2
1550	6987	1469	1470	53	0	0
1551	6988	1470	271	61	204	1
1552	6989	1469	1471	49	655	4
1553	6990	1472	1473	62	817	6
1554	6991	1474	1185	32	94	1
1555	6992	1472	1474	87	94	1
1556	6993	1475	1470	33	621	4
1557	6994	512	1472	93	204	1
1558	7012	1260	812	75	119	1
1559	7013	97	812	49	392	2
1560	7024	1476	1477	161	376	2
1561	7025	1478	1479	61	374	2
1562	7026	1480	1481	191	502	2
1563	7027	1137	1482	240	0	0
1564	7028	1483	82	155	0	0
1565	7029	1482	1484	56	0	0
1566	7030	526	1485	55	0	0
1567	7031	1485	1477	13	0	0
1568	7032	1486	82	69	0	0
1569	7034	1481	1487	208	0	0
1570	7036	1484	1488	784	0	0
1571	7037	1126	1489	83	94	1
1572	7038	1479	1481	72	0	0
1573	7039	1489	1484	123	0	0
1574	7040	1490	1126	54	0	0
1575	7042	1477	300	79	0	0
1576	7043	1491	526	72	188	1
1577	7045	476	301	87	1114	2
1578	7046	1487	1492	165	0	0
1579	7047	1493	1491	24	0	0
1580	7048	1494	1493	21	282	2
1581	7049	1488	1214	40	0	0
1582	7050	1488	476	17	188	1
1583	7051	1214	1486	155	0	0
1584	7052	1479	1482	357	0	0
1585	7054	1485	1495	144	307	2
1586	7055	1492	875	173	188	1
1587	7056	1483	1490	74	282	2
1588	7057	301	1494	62	0	0
1589	7058	1496	1497	70	282	2
1590	7059	1312	1320	57	0	0
1591	7060	1498	1312	63	0	0
1592	7061	1498	1499	37	562	3
1593	7062	1497	1498	78	0	0
1594	7065	1500	400	579	0	0
1595	7066	1501	1500	45	94	1
1596	7073	1502	897	134	3205	10
1597	7109	276	436	284	4480	16
1598	7148	1503	1504	45	1276	3
1599	7149	1504	1505	7	0	0
1600	7151	921	1506	145	0	0
1601	7152	1505	1506	15	0	0
1602	7153	1507	1508	48	656	4
1603	7154	1509	1510	91	469	4
1604	7155	1506	1507	62	0	0
1605	7156	758	1509	78	392	2
1606	7157	1510	1505	64	0	0
1607	7158	1507	914	66	0	0
1608	7159	1509	1511	82	374	2
1609	7160	1512	1513	93	204	1
1610	7161	1514	1515	27	188	1
1611	7162	1516	1514	136	0	0
1612	7163	1517	1518	92	204	1
1613	7164	1418	1519	13	0	0
1614	7166	1516	1517	688	570	3
1615	7167	1513	1517	1161	0	0
1616	7168	557	1516	820	0	0
1617	7169	1519	1417	23	0	0
1618	7170	1513	1519	130	0	0
1619	7172	373	1520	29	426	2
1620	7173	375	1521	51	799	4
1621	7179	1522	1523	29	470	3
1622	7180	1083	1524	55	204	1
1623	7181	1525	1522	144	861	6
1624	7184	1525	1083	93	187	2
1625	7185	1522	810	135	188	1
1626	7186	1526	1524	31	0	0
1627	7187	810	1357	183	0	0
1628	7188	1527	1526	11	204	1
1629	7242	1301	1528	58	94	1
1630	7243	1529	93	144	0	0
1631	7246	94	1530	28	94	1
1632	7247	1330	1335	32	0	0
1633	7248	1529	1531	7	0	0
1634	7249	1530	1529	24	0	0
1635	7251	1532	1300	9	0	0
1636	7252	1300	1301	94	0	0
1637	7253	1528	1330	30	0	0
1638	7254	1532	1528	99	0	0
1639	7255	1531	1532	27	0	0
1640	7308	1535	1536	6	1564	6
1641	7309	1537	1538	7	0	0
1642	7311	1374	1539	9	0	0
1643	7312	1540	1541	6	0	0
1644	7313	1538	1542	88	204	1
1645	7315	1543	594	64	0	0
1646	7317	1541	594	42	1020	1
1647	7318	1543	1534	38	0	0
1648	7319	1544	1533	42	0	0
1649	7320	1534	1535	9	0	0
1650	7322	1544	1543	65	0	0
1651	7326	1536	1537	58	0	0
1652	7328	1545	1015	749	0	0
1653	7333	1540	1539	335	0	0
1654	7334	1540	1537	76	204	1
1655	7335	1545	1539	16	119	1
1656	7337	1546	1547	45	765	5
1657	7338	1547	591	130	1360	7
1658	7339	964	1547	113	868	6
1659	7351	1082	830	81	1454	10
1660	7352	830	1120	87	1199	6
1661	7353	1548	1549	77	2040	2
1662	7354	1548	501	81	800	4
1663	7355	306	1548	75	706	3
1664	7356	501	1550	43	782	3
1665	7360	1186	1551	7	0	0
1666	7361	1551	1474	104	605	4
1667	7362	1186	1222	67	238	1
1668	7363	1551	1552	42	901	4
1669	7406	1553	1554	74	733	4
1670	7407	1555	1556	108	188	1
1671	7408	1557	1558	97	936	5
1672	7409	1557	1486	162	1404	8
1673	7410	1559	1555	60	2058	6
1674	7411	1560	1558	34	750	4
1675	7412	1556	1554	45	596	2
1676	7413	1558	1556	43	426	2
1677	7414	1554	136	64	596	2
1678	7415	1211	1555	84	374	2
1679	7416	1561	1557	113	2398	9
1680	7426	1562	1563	95	4080	8
1681	7427	1564	1563	7	408	1
1682	7428	1016	1017	52	204	1
1683	7429	1563	1022	16	0	0
1684	7626	1565	755	67	493	3
1685	7627	1565	1566	56	612	3
1686	7628	1567	1565	233	1565	7
1687	7638	1569	1570	89	188	1
1688	7639	1571	1572	19	0	0
1689	7640	1265	1573	52	0	0
1690	7646	1574	1568	100	340	1
1691	7648	16	1569	31	0	0
1692	7650	1254	1258	65	2040	2
1693	7652	1575	1572	78	706	3
1694	7653	455	1259	15	0	0
1695	7655	1259	808	28	0	0
1696	7657	1264	1576	77	0	0
1697	7662	1576	1571	22	0	0
1698	7663	1573	1264	39	0	0
1699	7664	1578	455	137	765	3
1700	7668	854	1238	140	7400	9
1701	7669	1571	1578	6	0	0
1702	7671	1230	14	17	0	0
1703	7675	1238	410	18	0	0
1704	7677	1573	1577	73	0	0
1705	7680	410	1230	210	0	0
1706	7692	1270	1269	38	0	0
1707	7717	1579	1580	38	468	3
1708	7725	1580	1581	44	0	0
1709	7726	1582	1043	55	469	4
1710	7728	1581	1043	82	282	2
1711	7734	1583	1584	41	869	5
1712	7735	1584	436	172	894	5
1713	7736	439	1584	241	1166	8
1714	7747	1585	1586	41	187	2
1715	7748	1586	752	67	298	2
1716	7749	1587	1585	84	918	5
1717	7750	1143	1585	55	0	0
1718	7862	880	460	62	0	0
1719	7879	1409	1384	231	0	0
1720	7880	245	875	614	0	0
1721	7887	168	172	63	0	0
1722	7901	40	1588	826	0	0
1723	7914	48	1589	298	0	0
1724	7924	1590	51	17	0	0
1725	7930	146	1428	624	0	0
1726	7950	395	1198	196	0	0
1727	7960	1570	411	65	0	0
1728	7981	1406	1591	846	0	0
1729	7982	1352	831	304	0	0
1730	7992	1592	1589	316	0	0
1731	8034	1593	235	736	0	0
1732	8077	1590	582	195	0	0
1733	8089	714	78	1914	0	0
1734	8099	1419	1594	1452	0	0
1735	8128	1592	1047	330	0	0
1736	8138	120	118	158	0	0
1737	8156	1596	1597	637	0	0
1738	8162	1358	1347	95	0	0
1739	8164	1342	1350	59	0	0
1740	8169	342	843	99	0	0
1741	8193	1408	1398	93	0	0
1742	8221	1598	1595	132	0	0
1743	8240	1403	1391	322	0	0
1744	8249	1284	555	320	0	0
1745	8259	1591	1389	105	0	0
1746	8260	1416	1588	100	0	0
1747	8264	1425	1346	63	0	0
1748	8296	1597	1037	196	0	0
1749	8298	1046	1591	953	0	0
1750	8300	550	554	105	0	0
1751	8305	1173	1598	97	0	0
1752	8315	1596	1045	244	0	0
1753	8338	1460	1457	57	0	0
1754	8369	1599	1530	14	0	0
1755	8411	817	1598	1309	0	0
1756	8415	681	672	28	0	0
1757	8444	44	1592	32	0	0
1758	8450	1420	1588	195	0	0
1759	8512	1593	1487	165	0	0
1760	8529	1421	1388	710	0	0
1761	8536	1596	1047	746	0	0
1762	8542	1038	1597	194	0	0
1763	8574	1577	851	209	0	0
1764	8582	1594	678	119	0	0
1765	8607	1188	1459	585	0	0
1766	8610	677	1594	91	0	0
1767	8619	394	389	414	0	0
1768	8674	46	1590	15	0	0
1769	8678	1060	1061	12	0	0
1770	8687	562	396	999	0	0
1771	8702	463	1599	73	0	0
1772	8749	1178	1595	470	0	0
1773	8760	39	33	195	0	0
1774	8769	1306	565	450	0	0
1775	8776	1589	1046	20	0	0
1776	8822	1492	1593	302	0	0
1777	8850	1533	588	51	0	0
1778	8856	367	777	103	0	0
1779	8857	777	781	37	0	0
1780	8858	781	780	55	0	0
1781	8859	780	786	53	0	0
1782	8860	786	1600	230	2959	14
1783	-5	61	58	1	0	0
1784	-6	77	71	1	0	0
1785	-10	659	292	1	0	0
1786	-11	784	782	1	0	0
1787	-12	955	891	1	0	0
1788	-13	1001	1356	1	0	0
1789	-14	1084	1525	1	0	0
1790	-15	1183	1184	1	0	0
1791	-16	1190	1187	1	0	0
1792	-18	206	290	251	0	0
1793	-19	342	338	397	0	0
1794	-21	74	343	141	0	0
1795	-22	393	396	319	0	0
1796	-23	400	385	577	0	0
1797	-24	408	405	131	0	0
1798	-26	445	448	48	0	0
1799	-28	446	444	1779	0	0
1800	-29	536	133	262	0	0
1801	-32	1305	563	1237	0	0
1802	-33	572	573	90	0	0
1803	-34	620	622	542	0	0
1804	-35	723	730	236	0	0
1805	-36	733	70	668	0	0
1806	-37	743	745	588	0	0
1807	-38	833	845	48	0	0
1808	-39	920	794	58	0	0
1809	-40	990	984	509	0	0
1810	-41	991	993	212	0	0
1811	-42	992	999	302	0	0
1812	-43	982	998	175	0	0
1813	-44	987	995	353	0	0
1814	-45	1061	1065	21	0	0
1815	-47	1079	1202	45	0	0
1816	-50	458	1266	59	0	0
1817	-52	1276	1277	905	0	0
1818	-55	1305	444	862	0	0
1819	-56	1305	1302	975	0	0
1820	-57	1308	1309	118	0	0
1821	-58	1336	1334	41	0	0
1822	-64	1203	1378	215	0	0
1823	-65	1381	1382	56	0	0
1824	-66	1401	1384	210	0	0
1825	-68	902	613	936	0	0
1826	-69	300	149	166	0	0
1827	-70	1497	1458	282	0	0
1828	-71	1533	371	409	0	0
1829	-72	1534	1544	95	0	0
1830	-75	1536	370	296	0	0
1831	-76	1568	14	85	0	0
1832	-77	1577	854	211	0	0
1833	-78	1270	1578	121	0	0
1834	-79	1576	1269	103	0	0
1835	-81	1189	391	1156	0	0
1836	-84	1531	1599	45	0	0
1837	-85	1056	1202	130	0	0
1838	-86	76	64	112	0	0
1839	-87	38	34	98	0	0
1840	-88	818	1595	982	0	0
1841	-95	420	1603	1	0	0
1842	1503	1603	421	34	562	3
1843	-91	420	421	2	0	0
1844	-94	217	1602	1	0	0
1845	693	1602	219	355	3563	17
1846	5643	1604	1218	135	376	2
1847	-96	1217	1604	1	0	0
1848	-92	1217	1218	2	0	0
1849	-90	217	219	2	0	0
1850	-93	201	1601	1	0	0
1851	654	1601	202	72	1080	5
1852	-89	201	202	2	0	0
END
-----------------------------------------
InputUsedToGenerateTheGraph:
County:	Syddjurs
CenterNodeId:	3153
Radius:	8000
HouseTypes:	Normal	Summer	Apartment
NumberOfWasteFractions: 1
IntervalsForWasteFraction:	general	2.33333	3.5	7.0	14.0
-----------------------------------------


