ProblemType:	CARP
NumberNodes:	2099
NumberEdges:	2591
DepotNodeNumber:	301
NumberOfFractions:	1
NumberOfIntervalsForFraction	General_Glass_Metal_Plastic_Organic	1	14
GRAPH
EdgeNumber	EdgeId	StartNodeNumber	EndNodeNumber	Cost	Demand_0	Bins_0
START
0	27	0	1	43	94	1
1	33	4	5	205	340	1
2	38	6	3	44	204	1
3	43	7	8	76	119	1
4	47	11	10	240	0	0
5	48	12	11	209	94	1
6	49	8	12	223	0	0
7	54	13	14	297	187	2
8	70	17	18	262	391	3
9	115	21	22	28	0	0
10	123	25	26	26	0	0
11	126	27	21	65	0	0
12	127	27	28	128	0	0
13	128	29	23	33	0	0
14	131	22	29	108	0	0
15	134	30	31	34	0	0
16	137	32	31	60	0	0
17	143	28	30	85	0	0
18	149	35	36	189	0	0
19	150	33	35	149	502	3
20	151	37	38	133	213	2
21	152	39	40	246	323	2
22	153	41	39	10	0	0
23	155	42	41	115	213	2
24	156	41	43	49	94	1
25	157	44	45	231	612	3
26	158	46	47	115	94	1
27	172	48	49	125	94	1
28	173	50	51	154	94	1
29	174	52	53	59	0	0
30	175	54	55	334	0	0
31	176	49	51	55	0	0
32	177	56	54	65	119	1
33	178	57	56	137	0	0
34	179	58	52	45	94	1
35	182	59	53	6	0	0
36	185	53	49	78	0	0
37	187	50	54	92	0	0
38	188	60	59	265	204	1
39	191	61	62	126	187	2
40	192	61	63	118	0	0
41	200	65	66	76	0	0
42	201	67	68	53	0	0
43	204	70	71	226	536	4
44	205	72	73	217	0	0
45	206	68	74	61	0	0
46	207	73	65	172	281	3
47	209	72	67	147	94	1
48	210	74	64	264	0	0
49	212	66	70	145	0	0
50	217	76	77	82	94	1
51	219	78	79	162	94	1
52	237	82	79	92	0	0
53	239	79	83	1320	0	0
54	241	81	84	53	0	0
55	245	84	82	86	0	0
56	248	76	81	75	0	0
57	251	85	86	186	408	2
58	252	87	88	64	0	0
59	253	88	85	241	510	4
60	254	85	87	157	884	5
61	255	89	88	83	204	1
62	265	90	92	239	0	0
63	272	94	95	106	94	1
64	273	95	96	82	94	1
65	274	96	94	182	0	0
66	276	97	94	69	0	0
67	277	98	99	79	306	3
68	278	100	101	107	0	0
69	304	104	105	51	94	1
70	306	105	106	27	0	0
71	307	107	108	69	0	0
72	309	102	108	253	119	1
73	310	109	107	111	94	1
74	339	112	113	221	0	0
75	340	114	115	208	204	1
76	341	115	116	70	0	0
77	342	112	117	50	0	0
78	343	118	113	149	0	0
79	344	117	114	301	0	0
80	345	116	119	129	0	0
81	346	120	121	100	0	0
82	347	122	120	137	0	0
83	348	119	123	78	0	0
84	349	124	120	37	0	0
85	350	123	63	70	94	1
86	351	124	118	55	0	0
87	352	118	112	100	0	0
88	386	126	127	75	119	1
89	389	127	125	129	0	0
90	393	128	129	50	94	1
91	394	130	131	140	0	0
92	395	132	131	78	0	0
93	396	75	128	351	0	0
94	397	129	132	42	0	0
95	399	134	135	138	119	1
96	400	136	134	363	0	0
97	401	137	138	88	94	1
98	403	135	139	76	204	1
99	404	137	135	82	0	0
100	405	140	137	151	94	1
101	411	141	142	167	94	1
102	414	145	146	73	0	0
103	415	147	148	183	0	0
104	417	149	150	34	0	0
105	418	150	151	33	0	0
106	420	146	152	55	0	0
107	423	152	153	90	0	0
108	426	153	17	77	0	0
109	428	155	156	92	340	1
110	429	157	141	200	187	2
111	431	154	142	212	0	0
112	432	159	147	79	94	1
113	436	159	151	80	0	0
114	439	149	155	123	0	0
115	441	160	161	62	0	0
116	442	161	143	28	0	0
117	448	163	158	168	0	0
118	450	148	160	45	0	0
119	451	165	166	407	672	6
120	452	167	168	83	204	1
121	453	168	169	37	0	0
122	456	170	171	49	94	1
123	457	172	170	87	238	2
124	458	173	174	157	187	2
125	459	171	173	7	0	0
126	460	175	173	135	94	1
127	461	176	175	180	94	1
128	462	175	177	283	0	0
129	484	178	179	15	0	0
130	485	179	180	313	94	1
131	486	179	181	13	0	0
132	511	30	182	344	238	2
133	524	183	184	49	298	2
134	527	185	186	78	94	1
135	528	187	188	94	0	0
136	530	190	185	83	0	0
137	531	191	184	83	0	0
138	534	192	188	49	0	0
139	535	193	190	245	298	2
140	537	192	194	38	94	1
141	539	186	187	74	0	0
142	540	34	195	55	0	0
143	541	184	34	23	0	0
144	542	196	187	39	94	1
145	544	195	197	77	187	2
146	548	198	191	114	94	1
147	550	195	193	59	0	0
148	552	188	193	80	0	0
149	553	199	200	36	0	0
150	554	200	201	76	204	1
151	555	202	200	42	94	1
152	557	201	203	80	0	0
153	578	204	205	36	204	1
154	579	206	207	93	213	2
155	581	208	209	53	94	1
156	582	209	210	87	408	2
157	583	205	209	8	0	0
158	584	206	211	52	204	1
159	587	210	213	68	502	3
160	588	212	205	238	0	0
161	589	210	214	71	0	0
162	600	215	216	158	0	0
163	605	217	215	36	94	1
164	606	218	219	15	0	0
165	607	220	218	448	0	0
166	608	221	219	54	0	0
167	609	222	221	86	94	1
168	614	223	224	47	0	0
169	615	224	225	127	94	1
170	616	226	223	99	281	3
171	617	227	223	48	187	2
172	619	228	229	219	332	3
173	620	228	230	357	417	3
174	621	231	232	106	204	1
175	622	233	234	306	323	2
176	623	235	233	280	94	1
177	624	234	236	55	0	0
178	625	237	234	81	94	1
179	631	238	152	320	119	1
180	632	239	240	130	187	2
181	638	243	244	128	0	0
182	640	244	246	10	0	0
183	645	248	247	8	0	0
184	647	246	249	346	0	0
185	657	250	241	48	119	1
186	659	251	252	78	94	1
187	660	253	251	41	94	1
188	661	254	255	1127	0	0
189	662	256	254	367	119	1
190	664	257	258	313	527	3
191	670	259	260	82	94	1
192	680	242	261	149	0	0
193	682	262	263	105	94	1
194	683	264	265	27	0	0
195	684	265	262	45	0	0
196	685	266	264	91	0	0
197	686	264	267	73	94	1
198	687	262	268	197	0	0
199	688	266	127	165	417	3
200	689	266	269	69	94	1
201	691	270	271	67	94	1
202	692	272	273	63	0	0
203	716	275	276	51	0	0
204	728	277	275	56	0	0
205	731	279	280	162	94	1
206	732	281	280	184	0	0
207	758	285	286	70	0	0
208	759	285	287	618	374	4
209	784	289	290	530	0	0
210	786	291	290	65	0	0
211	795	293	294	630	0	0
212	796	295	296	566	187	2
213	809	292	297	241	0	0
214	813	298	299	106	94	1
215	833	302	301	68	0	0
216	859	307	308	102	527	3
217	861	307	309	88	0	0
218	863	310	311	121	298	2
219	864	309	310	107	612	3
220	865	310	312	345	0	0
221	866	311	307	59	0	0
222	868	313	314	354	0	0
223	873	317	36	539	0	0
224	877	319	317	5	0	0
225	880	36	313	6	0	0
226	911	320	321	188	119	1
227	917	323	324	112	94	1
228	918	325	57	108	0	0
229	922	327	328	97	204	1
230	923	329	322	74	94	1
231	924	328	330	107	0	0
232	926	324	325	222	187	2
233	927	327	326	88	0	0
234	929	320	178	145	0	0
235	930	181	178	14	0	0
236	932	331	332	71	187	2
237	936	326	333	97	187	2
238	938	331	320	81	94	1
239	939	322	181	82	0	0
240	940	57	55	159	0	0
241	942	334	330	158	187	2
242	949	335	336	50	187	2
243	950	336	337	76	0	0
244	951	338	337	52	94	1
245	955	337	339	79	0	0
246	957	339	143	60	94	1
247	958	340	163	209	94	1
248	961	341	342	212	0	0
249	962	343	344	63	0	0
250	963	342	343	284	0	0
251	964	25	345	22	0	0
252	965	345	26	24	0	0
253	973	346	347	78	119	1
254	975	348	349	43	0	0
255	976	350	348	79	0	0
256	977	351	352	55	0	0
257	978	351	353	92	187	2
258	979	354	353	89	94	1
259	980	355	352	16	0	0
260	981	349	355	189	0	0
261	990	357	358	227	0	0
262	991	356	357	5	0	0
263	993	359	360	74	0	0
264	995	360	361	13	0	0
265	997	358	359	46	0	0
266	1000	363	364	379	281	3
267	1001	365	366	70	94	1
268	1002	366	367	52	0	0
269	1005	367	369	133	0	0
270	1006	370	368	397	0	0
271	1008	367	130	95	0	0
272	1011	130	370	188	94	1
273	1014	372	169	112	0	0
274	1015	169	373	80	119	1
275	1034	62	119	124	323	2
276	1035	62	375	257	791	4
277	1038	376	377	82	0	0
278	1044	377	378	27	816	4
279	1047	380	381	40	0	0
280	1049	382	383	113	0	0
281	1050	384	385	218	0	0
282	1051	386	387	5	0	0
283	1052	379	388	182	0	0
284	1053	387	389	8	0	0
285	1058	392	391	52	0	0
286	1066	394	388	319	0	0
287	1070	83	396	311	0	0
288	1071	394	384	245	0	0
289	1072	392	396	166	0	0
290	1074	397	386	67	0	0
291	1075	389	395	47	0	0
292	1077	393	383	105	0	0
293	1079	398	397	123	0	0
294	1080	399	400	144	0	0
295	1081	385	376	148	0	0
296	1082	399	376	42	0	0
297	1124	401	402	101	204	1
298	1125	402	403	212	204	1
299	1126	404	405	87	0	0
300	1127	406	405	9	0	0
301	1129	403	404	8	0	0
302	1140	407	259	53	0	0
303	1147	408	302	181	0	0
304	1148	408	97	287	0	0
305	1149	97	409	197	0	0
306	1171	411	220	772	0	0
307	1195	415	416	65	0	0
308	1212	416	125	831	94	1
309	1223	418	419	150	94	1
310	1227	419	420	14	0	0
311	1229	420	421	42	0	0
312	1237	423	424	125	0	0
313	1240	426	427	66	0	0
314	1241	409	421	44	0	0
315	1243	424	428	52	0	0
316	1244	429	423	44	0	0
317	1252	431	428	93	0	0
318	1257	432	343	268	502	3
319	1259	433	434	15	94	1
320	1260	434	435	57	0	0
321	1312	218	439	24	0	0
322	1313	439	440	198	510	4
323	1324	442	443	236	94	1
324	1336	443	444	309	0	0
325	1347	445	443	81	0	0
326	1348	446	445	238	0	0
327	1352	444	447	57	0	0
328	1354	448	441	204	0	0
329	1367	449	448	93	0	0
330	1408	453	451	19	0	0
331	1410	452	454	24	119	1
332	1411	455	451	22	0	0
333	1440	458	459	399	94	1
334	1456	462	463	84	0	0
335	1457	464	465	192	94	1
336	1458	462	466	230	306	3
337	1459	464	467	333	1020	5
338	1460	467	468	161	306	3
339	1463	469	470	93	94	1
340	1464	463	467	79	94	1
341	1465	470	462	16	0	0
342	1466	468	470	29	0	0
343	1467	31	471	361	527	3
344	1469	472	473	455	374	4
345	1470	473	474	14	0	0
346	1477	476	477	24	0	0
347	1478	478	479	109	0	0
348	1481	480	478	131	94	1
349	1483	482	475	7	0	0
350	1484	479	477	128	94	1
351	1493	483	484	59	204	1
352	1494	484	485	95	0	0
353	1495	486	487	145	119	1
354	1500	487	484	117	0	0
355	1501	489	485	121	94	1
356	1505	490	491	38	94	1
357	1506	490	492	27	204	1
358	1509	490	493	51	0	0
359	1532	496	495	73	0	0
360	1535	496	497	47	0	0
361	1537	498	496	75	0	0
362	1541	219	499	290	119	1
363	1555	501	502	7	0	0
364	1557	503	501	1506	0	0
365	1561	503	504	234	0	0
366	1564	507	504	739	0	0
367	1567	508	509	173	0	0
368	1568	510	511	98	94	1
369	1569	509	510	5	0	0
370	1571	471	512	61	0	0
371	1572	471	281	69	0	0
372	1576	513	514	177	0	0
373	1577	515	516	204	94	1
374	1578	517	518	215	0	0
375	1579	514	517	140	0	0
376	1580	516	519	307	0	0
377	1583	472	38	55	0	0
378	1584	38	473	114	0	0
379	1585	520	472	182	119	1
380	1597	521	522	52	0	0
381	1640	529	530	53	0	0
382	1645	531	530	20	0	0
383	1649	529	278	59	0	0
384	1654	530	521	41	0	0
385	1664	532	533	309	119	1
386	1665	534	535	158	187	2
387	1666	536	537	53	94	1
388	1668	537	538	342	323	2
389	1669	539	540	238	493	5
390	1699	541	542	201	816	4
391	1702	543	544	27	0	0
392	1703	545	543	35	0	0
393	1707	546	545	44	119	1
394	1708	544	93	73	94	1
395	1754	547	548	54	0	0
396	1756	550	547	93	0	0
397	1758	552	551	25	94	1
398	1759	550	549	18	0	0
399	1792	555	556	60	94	1
400	1797	502	558	46	0	0
401	1798	559	558	37	0	0
402	1804	558	560	234	0	0
403	1810	562	563	32	204	1
404	1814	564	563	32	0	0
405	1824	565	566	58	94	1
406	1825	567	568	60	94	1
407	1827	569	567	123	0	0
408	1828	566	570	207	94	1
409	1830	568	566	79	0	0
410	1831	572	573	142	298	2
411	1847	575	576	112	119	1
412	1848	577	575	67	94	1
413	1850	578	579	273	94	1
414	1854	580	581	65	94	1
415	1855	582	583	118	0	0
416	1856	584	585	85	0	0
417	1857	585	582	29	0	0
418	1858	580	586	46	94	1
419	1859	587	583	71	204	1
420	1860	582	580	99	0	0
421	1861	588	583	49	94	1
422	1862	589	590	121	94	1
423	1868	591	592	296	0	0
424	1869	592	593	67	0	0
425	1870	593	594	311	0	0
426	1871	116	595	369	553	3
427	1872	596	597	214	706	4
428	1898	598	599	99	94	1
429	1900	601	598	15	0	0
430	1904	604	599	169	119	1
431	1905	605	598	108	281	3
432	1906	606	607	83	94	1
433	1908	599	608	224	119	1
434	1909	609	608	57	332	3
435	1910	607	610	146	187	2
436	1911	602	611	90	0	0
437	1912	610	600	27	0	0
438	1915	611	605	73	94	1
439	1916	608	602	11	0	0
440	1921	612	613	168	408	2
441	1932	131	615	226	238	2
442	1947	258	617	76	281	3
443	1949	618	257	52	0	0
444	1951	617	619	385	213	2
445	1953	257	619	4	0	0
446	1956	620	616	106	213	2
447	1960	621	622	147	119	1
448	1971	623	624	149	94	1
449	1973	103	624	136	0	0
450	1974	103	533	117	0	0
451	1978	625	82	260	0	0
452	1979	626	627	169	391	3
453	1981	628	625	82	187	2
454	1982	627	625	30	0	0
455	1983	629	630	92	0	0
456	1984	626	631	502	187	2
457	1985	632	627	199	94	1
458	1986	630	626	112	0	0
459	2027	634	635	19	94	1
460	2030	390	635	126	119	1
461	2031	636	637	743	0	0
462	2035	638	636	223	94	1
463	2038	639	640	56	94	1
464	2046	641	642	29	0	0
465	2048	644	645	188	238	2
466	2056	647	644	285	0	0
467	2057	648	649	2	0	0
468	2060	651	642	159	0	0
469	2062	651	649	171	0	0
470	2064	637	652	633	0	0
471	2069	648	645	197	187	2
472	2071	538	654	140	94	1
473	2074	643	639	83	0	0
474	2076	641	655	55	0	0
475	2079	652	646	359	0	0
476	2082	653	538	50	0	0
477	2090	656	381	132	94	1
478	2096	254	251	69	0	0
479	2101	569	656	63	0	0
480	2104	657	658	102	94	1
481	2105	659	383	120	323	2
482	2107	660	661	81	323	2
483	2108	662	657	304	323	2
484	2109	663	664	378	298	2
485	2113	665	666	167	204	1
486	2114	665	658	39	94	1
487	2122	393	657	495	0	0
488	2127	667	668	13	0	0
489	2128	669	667	20	0	0
490	2129	670	667	13	0	0
491	2130	139	669	233	298	2
492	2131	671	672	263	187	2
493	2132	268	672	106	119	1
494	2134	673	674	267	204	1
495	2135	675	676	110	187	2
496	2136	677	678	53	0	0
497	2137	679	677	114	94	1
498	2138	680	681	76	298	2
499	2139	676	680	94	119	1
500	2140	678	675	82	94	1
501	2141	682	683	86	94	1
502	2150	684	685	91	94	1
503	2151	686	687	16	0	0
504	2153	687	685	316	187	2
505	2155	684	688	112	0	0
506	2156	689	685	76	94	1
507	2157	686	690	330	374	4
508	2176	614	4	100	0	0
509	2177	691	614	255	0	0
510	2181	512	279	130	0	0
511	2183	692	182	276	0	0
512	2184	692	32	112	119	1
513	2187	512	32	354	0	0
514	2190	540	693	81	0	0
515	2193	694	695	217	485	4
516	2209	696	697	346	0	0
517	2226	700	698	312	0	0
518	2231	24	374	261	0	0
519	2235	344	701	32	0	0
520	2236	344	703	83	0	0
521	2241	703	702	306	0	0
522	2244	704	705	213	94	1
523	2245	435	706	258	0	0
524	2247	708	709	107	281	3
525	2248	707	435	22	0	0
526	2250	706	708	135	94	1
527	2253	711	712	85	0	0
528	2254	712	713	15	0	0
529	2255	714	715	68	0	0
530	2256	713	265	93	0	0
531	2257	716	715	99	0	0
532	2258	711	714	82	94	1
533	2261	111	717	253	0	0
534	2269	712	268	139	323	2
535	2270	67	718	87	0	0
536	2271	718	368	68	0	0
537	2273	719	720	6	0	0
538	2279	721	722	255	94	1
539	2297	723	724	200	204	1
540	2298	723	725	109	94	1
541	2299	726	727	272	0	0
542	2300	728	729	301	0	0
543	2301	729	730	133	0	0
544	2302	731	732	87	0	0
545	2303	733	734	136	0	0
546	2304	723	735	269	281	3
547	2305	736	737	654	0	0
548	2306	733	738	141	0	0
549	2307	739	724	91	187	2
550	2308	740	728	93	0	0
551	2309	728	726	31	0	0
552	2310	724	730	32	0	0
553	2311	735	729	8	0	0
554	2312	741	732	655	119	1
555	2313	736	742	81	0	0
556	2314	726	737	51	0	0
557	2315	743	733	73	94	1
558	2316	734	731	228	187	2
559	2317	738	744	69	119	1
560	2319	730	740	143	94	1
561	2320	732	737	263	0	0
562	2321	745	740	225	94	1
563	2322	746	731	85	94	1
564	2336	748	749	183	94	1
565	2343	750	748	7	0	0
566	2393	757	293	306	0	0
567	2394	759	757	568	0	0
568	2417	760	761	158	187	2
569	2418	762	763	408	0	0
570	2426	764	410	32	0	0
571	2483	766	765	15	0	0
572	2518	248	346	64	0	0
573	2522	539	768	97	204	1
574	2523	769	770	78	0	0
575	2524	770	771	84	0	0
576	2525	768	772	3	0	0
577	2526	772	769	75	0	0
578	2555	773	774	48	0	0
579	2584	352	778	181	119	1
580	2585	779	780	14	0	0
581	2586	780	781	75	213	2
582	2587	782	779	19	0	0
583	2588	783	363	146	94	1
584	2589	782	784	91	0	0
585	2590	781	783	146	0	0
586	2592	363	785	153	204	1
587	2610	787	788	44	119	1
588	2618	789	611	116	298	2
589	2619	789	791	51	612	3
590	2621	792	793	101	94	1
591	2674	794	795	143	204	1
592	2676	796	794	66	187	2
593	2688	797	798	115	213	2
594	2689	799	800	18	0	0
595	2691	800	798	153	0	0
596	2694	801	802	43	94	1
597	2696	803	804	97	187	2
598	2697	805	806	225	187	2
599	2698	807	806	51	0	0
600	2699	808	809	73	0	0
601	2700	809	807	26	0	0
602	2702	806	810	65	0	0
603	2704	810	807	208	187	2
604	2706	810	805	17	0	0
605	2707	811	803	93	0	0
606	2709	812	813	47	94	1
607	2711	812	802	91	0	0
608	2712	805	811	93	94	1
609	2713	811	812	2	0	0
610	2717	815	816	136	187	2
611	2722	817	818	79	187	2
612	2724	819	820	41	323	2
613	2729	822	823	149	0	0
614	2731	214	824	38	0	0
615	2733	821	826	89	94	1
616	2735	824	828	52	0	0
617	2737	824	826	330	323	2
618	2738	829	825	112	119	1
619	2739	822	830	63	0	0
620	2740	826	214	27	0	0
621	2744	831	832	437	1190	6
622	2747	823	833	38	94	1
623	2748	830	831	72	0	0
624	2749	827	822	69	0	0
625	2754	834	735	233	204	1
626	2755	835	836	109	204	1
627	2761	837	838	62	0	0
628	2763	709	837	265	187	2
629	2786	461	23	123	119	1
630	2787	281	461	87	0	0
631	2788	839	681	89	119	1
632	2805	840	841	65	0	0
633	2806	842	843	66	187	2
634	2807	841	844	49	119	1
635	2808	845	840	201	119	1
636	2812	845	846	353	0	0
637	2814	840	847	145	94	1
638	2816	843	841	119	213	2
639	2825	848	765	81	204	1
640	2828	850	795	98	0	0
641	2829	851	850	92	213	2
642	2830	849	795	227	204	1
643	2833	400	850	124	0	0
644	2840	852	853	33	94	1
645	2851	371	853	313	0	0
646	2866	854	855	40	0	0
647	2867	856	855	13	0	0
648	2881	392	857	130	94	1
649	2889	860	861	149	94	1
650	2890	398	860	69	0	0
651	2905	862	863	27	0	0
652	2917	863	865	77	0	0
653	2936	866	357	260	0	0
654	2937	867	868	300	408	2
655	2942	615	128	77	0	0
656	2944	869	615	99	0	0
657	2946	870	871	159	204	1
658	2947	870	872	430	0	0
659	2948	89	117	107	0	0
660	2949	89	873	105	0	0
661	2951	874	875	19	94	1
662	2952	876	877	79	187	2
663	2953	878	879	114	0	0
664	2956	880	875	35	0	0
665	2957	881	878	93	119	1
666	2959	875	877	65	0	0
667	2969	882	718	157	323	2
668	2977	883	158	184	527	3
669	2978	884	885	110	94	1
670	2979	886	887	250	187	2
671	2980	460	21	66	204	1
672	2981	672	711	113	0	0
673	2982	413	672	243	0	0
674	2986	888	889	64	0	0
675	2989	890	889	54	0	0
676	3056	892	893	102	0	0
677	3059	895	892	24	0	0
678	3065	897	894	129	94	1
679	3066	898	897	33	0	0
680	3069	898	893	75	0	0
681	3070	895	899	52	0	0
682	3072	896	895	93	0	0
683	3074	899	900	52	119	1
684	3076	901	837	153	298	2
685	3124	905	906	87	0	0
686	3126	906	655	41	0	0
687	3127	907	908	2	0	0
688	3131	799	907	99	0	0
689	3133	655	911	28	0	0
690	3136	509	799	124	0	0
691	3137	481	905	27	0	0
692	3138	905	911	29	0	0
693	3139	911	641	26	0	0
694	3142	912	509	168	0	0
695	3145	913	914	27	0	0
696	3146	915	916	40	94	1
697	3147	916	917	123	0	0
698	3148	914	916	245	0	0
699	3149	913	351	205	94	1
700	3150	918	917	244	204	1
701	3163	919	920	220	391	3
702	3164	513	921	174	323	2
703	3165	922	919	173	204	1
704	3168	923	924	165	0	0
705	3169	925	926	125	94	1
706	3170	927	928	105	391	3
707	3171	928	929	37	0	0
708	3172	929	930	55	0	0
709	3173	931	925	62	187	2
710	3174	930	932	103	323	2
711	3176	932	934	51	0	0
712	3177	935	928	61	0	0
713	3178	932	936	108	94	1
714	3180	926	935	90	94	1
715	3182	934	933	57	0	0
716	3191	937	938	656	0	0
717	3194	177	872	7	0	0
718	3202	939	940	164	94	1
719	3204	941	942	99	204	1
720	3206	944	596	67	0	0
721	3207	945	941	45	0	0
722	3208	943	946	148	187	2
723	3214	947	948	85	204	1
724	3215	949	14	58	0	0
725	3216	14	950	17	0	0
726	3217	951	952	104	0	0
727	3218	950	948	71	0	0
728	3219	953	952	133	0	0
729	3220	954	953	12	0	0
730	3221	955	956	90	187	2
731	3223	957	951	88	323	2
732	3224	958	950	34	187	2
733	3226	960	954	112	0	0
734	3227	961	956	22	0	0
735	3228	962	951	92	119	1
736	3229	948	962	10	0	0
737	3230	963	949	35	94	1
738	3232	956	949	48	0	0
739	3241	965	966	244	0	0
740	3245	968	964	26	0	0
741	3246	967	965	101	204	1
742	3247	969	965	114	94	1
743	3249	970	971	156	94	1
744	3250	972	973	90	408	2
745	3251	974	972	145	408	2
746	3252	316	972	203	213	2
747	3284	976	977	104	0	0
748	3285	978	976	267	604	5
749	3287	979	980	379	876	7
750	3289	926	981	114	187	2
751	3291	981	982	22	0	0
752	3296	261	984	190	94	1
753	3304	985	986	305	213	2
754	3305	917	987	150	94	1
755	3309	988	989	177	0	0
756	3311	989	786	34	0	0
757	3312	989	990	78	391	3
758	3314	781	991	308	187	2
759	3336	994	995	255	485	4
760	3337	962	952	431	485	4
761	3338	996	997	128	94	1
762	3340	68	998	128	204	1
763	3341	999	1000	241	94	1
764	3342	1001	999	25	0	0
765	3343	1002	1001	100	0	0
766	3368	713	126	282	187	2
767	3373	1004	478	189	0	0
768	3375	1005	1006	111	119	1
769	3376	1006	880	38	0	0
770	3377	1006	150	286	0	0
771	3378	866	1007	13	0	0
772	3379	866	283	1412	0	0
773	3380	1007	358	55	0	0
774	3399	1008	1009	40	332	3
775	3400	1009	594	66	0	0
776	3402	1010	1011	68	0	0
777	3403	1012	1010	69	119	1
778	3407	1013	1014	257	94	1
779	3408	1013	1015	1088	0	0
780	3409	1016	1013	253	0	0
781	3410	1017	1016	55	0	0
782	3411	1017	1018	23	94	1
783	3413	1019	430	160	417	3
784	3414	715	1020	117	0	0
785	3433	1021	1022	358	0	0
786	3434	1022	1023	228	323	2
787	3436	1024	1025	73	94	1
788	3437	1026	1027	47	187	2
789	3438	1028	1029	49	0	0
790	3439	1030	1028	73	0	0
791	3440	1031	1032	47	213	2
792	3441	1028	1026	95	0	0
793	3443	1033	1031	96	0	0
794	3444	1026	1033	100	187	2
795	3445	1031	1024	53	0	0
796	3446	1029	1034	67	187	2
797	3447	154	1035	235	306	3
798	3448	1036	1037	319	119	1
799	3449	1036	1038	55	94	1
800	3450	1039	1036	78	94	1
801	3451	1040	1041	293	714	5
802	3471	417	1043	369	0	0
803	3479	1044	300	31	0	0
804	3487	1020	711	227	94	1
805	3488	1046	1047	223	204	1
806	3489	1048	1049	51	0	0
807	3490	1050	1048	87	0	0
808	3491	1048	1051	57	0	0
809	3492	1052	1050	54	94	1
810	3493	296	1052	115	0	0
811	3543	1056	1057	108	94	1
812	3545	1058	1059	250	0	0
813	3546	291	288	119	0	0
814	3548	1060	1061	379	94	1
815	3552	1059	1060	246	0	0
816	3554	288	1061	113	0	0
817	3579	1062	165	259	94	1
818	3580	1063	1064	382	0	0
819	3581	1063	1065	243	94	1
820	3582	1063	1066	95	0	0
821	3584	1067	1068	61	187	2
822	3585	1069	1068	105	0	0
823	3586	1068	1070	107	187	2
824	3588	1071	892	259	187	2
825	3594	1073	1072	198	357	3
826	3595	821	1073	113	629	5
827	3596	1074	1073	43	119	1
828	3599	1075	1076	61	204	1
829	3601	1077	1078	39	94	1
830	3602	1079	1080	137	94	1
831	3603	1081	1075	14	0	0
832	3607	1078	1081	38	0	0
833	3609	1083	1084	202	374	4
834	3618	1086	1087	830	0	0
835	3619	1086	459	315	0	0
836	3620	1088	1089	34	0	0
837	3621	459	1090	42	0	0
838	3622	501	1086	170	0	0
839	3623	1089	1090	177	0	0
840	3628	1091	1089	96	187	2
841	3637	1092	212	81	204	1
842	3639	1093	1094	228	298	2
843	3640	1095	708	240	298	2
844	3660	890	888	13	0	0
845	3669	1099	1098	26	0	0
846	3704	893	1101	145	281	3
847	3705	1101	898	156	0	0
848	3707	1102	1103	90	0	0
849	3708	1103	129	129	187	2
850	3710	132	1102	259	536	4
851	3711	1104	153	278	0	0
852	3712	858	1105	88	94	1
853	3713	940	298	9	0	0
854	3714	1106	1107	42	94	1
855	3715	1105	1108	185	0	0
856	3716	1107	940	124	204	1
857	3717	1109	298	114	94	1
858	3718	858	1109	249	204	1
859	3720	1110	1111	145	119	1
860	3722	1112	750	207	0	0
861	3723	1114	74	145	94	1
862	3724	1114	1115	198	213	2
863	3726	1116	920	110	0	0
864	3728	1117	920	251	0	0
865	3732	954	1118	235	204	1
866	3734	1119	1120	82	187	2
867	3735	1121	1122	86	94	1
868	3736	1123	1124	191	629	5
869	3737	1125	1126	95	417	3
870	3738	1123	273	86	94	1
871	3739	1127	1128	343	94	1
872	3740	1126	1124	87	0	0
873	3741	1129	1124	81	442	3
874	3742	1120	1122	2	0	0
875	3743	1130	1131	63	204	1
876	3744	1132	1130	95	119	1
877	3745	1133	1127	107	94	1
878	3746	273	1127	48	0	0
879	3747	1134	1120	77	94	1
880	3748	1135	1136	90	204	1
881	3750	1137	1126	78	204	1
882	3751	1136	1134	11	0	0
883	3752	1130	1136	80	94	1
884	3753	1122	1126	83	0	0
885	3767	372	1138	123	0	0
886	3768	372	1139	291	94	1
887	3771	1046	694	51	0	0
888	3775	886	1000	107	0	0
889	3777	1037	1046	52	119	1
890	3781	1138	1140	175	0	0
891	3799	933	1141	167	0	0
892	3800	1141	1142	75	0	0
893	3801	1142	1143	79	187	2
894	3802	1143	1144	23	0	0
895	3804	1145	349	154	213	2
896	3805	1146	1147	76	213	2
897	3806	1148	1149	86	94	1
898	3809	1144	1151	125	0	0
899	3811	1153	790	41	0	0
900	3813	1155	1156	167	187	2
901	3814	1152	1157	200	0	0
902	3815	1158	1159	80	204	1
903	3818	1159	838	236	0	0
904	3819	1149	1160	68	0	0
905	3820	1161	790	215	298	2
906	3821	1162	1163	105	0	0
907	3822	1157	1149	97	0	0
908	3823	1164	1165	157	298	2
909	3824	1160	1158	438	578	5
910	3826	910	556	78	0	0
911	3827	1144	1150	452	204	1
912	3828	983	603	27	0	0
913	3830	1163	1154	100	119	1
914	3832	1165	1161	31	0	0
915	3834	838	1151	230	0	0
916	3835	1162	556	290	502	3
917	3837	1152	1166	61	0	0
918	3840	1166	1167	53	94	1
919	3844	600	1155	51	0	0
920	3860	1168	1169	34	0	0
921	3861	1169	1170	260	94	1
922	3862	1170	1133	95	0	0
923	3863	1133	1171	553	94	1
924	3870	1172	1173	49	0	0
925	3871	1134	1172	409	918	6
926	3873	1174	499	119	204	1
927	3878	1175	698	418	0	0
928	3886	1176	1177	88	213	2
929	3890	1177	1178	115	408	2
930	3905	1179	727	462	400	4
931	3911	1180	1040	91	0	0
932	3916	1181	1182	403	561	6
933	3920	1184	400	3	0	0
934	3921	1184	1185	212	0	0
935	3922	1186	863	17	0	0
936	3923	1187	1188	39	0	0
937	3927	1189	1188	40	94	1
938	3928	1186	862	25	0	0
939	3931	1191	1190	112	119	1
940	3933	1188	1186	175	0	0
941	3934	1192	1193	5	0	0
942	3935	1193	1194	136	204	1
943	3937	909	1195	148	94	1
944	3938	1196	1197	193	204	1
945	3939	33	1197	66	0	0
946	3940	1198	1199	91	94	1
947	3941	1197	1199	4	0	0
948	3945	1183	305	177	0	0
949	3947	1200	1201	202	0	0
950	3949	1201	304	351	0	0
951	3957	303	1201	219	0	0
952	3959	1203	1204	156	0	0
953	3961	1103	1115	139	408	2
954	3962	1115	1205	265	94	1
955	3963	1206	423	68	204	1
956	4021	165	1207	108	0	0
957	4022	1208	165	106	0	0
958	4023	816	761	77	0	0
959	4024	1208	1209	98	0	0
960	4025	761	1158	99	0	0
961	4027	1210	868	53	0	0
962	4029	1210	816	53	0	0
963	4030	166	1211	208	187	2
964	4031	1212	868	4	0	0
965	4032	1213	1214	263	94	1
966	4033	1207	166	24	0	0
967	4034	1214	1209	73	0	0
968	4035	1211	1212	141	94	1
969	4036	1215	1216	164	119	1
970	4037	1215	1217	115	187	2
971	4045	1218	1219	41	119	1
972	4046	1219	1220	186	94	1
973	4048	1221	389	166	94	1
974	4049	1219	387	40	0	0
975	4050	1222	1223	123	298	2
976	4052	1225	1226	185	187	2
977	4053	1227	1225	88	298	2
978	4054	1228	1224	81	0	0
979	4056	1229	1230	63	94	1
980	4057	1229	1228	9	0	0
981	4058	1224	1231	79	94	1
982	4060	1228	1232	57	119	1
983	4061	1226	1229	86	0	0
984	4062	1233	1222	43	0	0
985	4080	1235	1236	1146	94	1
986	4081	1237	1235	177	0	0
987	4090	1234	1239	41	0	0
988	4101	1241	1237	787	0	0
989	4102	1241	1240	36	0	0
990	4103	1242	1240	41	0	0
991	4119	1241	1242	17	0	0
992	4120	1243	1244	13	204	1
993	4121	1245	1246	285	281	3
994	4125	1248	1249	1553	0	0
995	4130	1250	1247	59	0	0
996	4136	1251	1252	261	0	0
997	4138	1253	1245	48	0	0
998	4139	910	1254	109	204	1
999	4141	1255	1256	86	94	1
1000	4144	1252	1256	152	94	1
1001	4145	1245	1257	95	94	1
1002	4148	1258	1255	17	0	0
1003	4149	1257	985	82	94	1
1004	4151	1254	1253	32	0	0
1005	4152	1259	1251	79	0	0
1006	4156	985	1258	75	298	2
1007	4157	1259	1260	60	323	2
1008	4158	707	535	71	0	0
1009	4159	535	678	77	0	0
1010	4164	1262	1261	59	204	1
1011	4165	1263	1264	53	187	2
1012	4168	1265	1266	79	187	2
1013	4169	1266	1261	40	0	0
1014	4183	1268	653	172	459	2
1015	4184	1269	1270	151	417	3
1016	4185	1271	1272	17	0	0
1017	4186	980	1273	40	94	1
1018	4187	1269	1273	54	0	0
1019	4188	1274	1275	83	119	1
1020	4189	1275	1276	59	323	2
1021	4190	1277	1278	69	204	1
1022	4192	1279	1280	42	0	0
1023	4193	1280	1278	43	0	0
1024	4194	1275	1279	102	0	0
1025	4195	1281	1279	65	204	1
1026	4196	1269	1282	144	408	2
1027	4197	405	1277	241	94	1
1028	4198	1272	1282	113	204	1
1029	4200	980	1274	19	0	0
1030	4201	1283	1284	127	94	1
1031	4202	1285	1284	113	0	0
1032	4203	579	1283	243	0	0
1033	4204	1286	1287	72	119	1
1034	4207	1289	1290	168	213	2
1035	4208	1291	1288	135	323	2
1036	4209	1292	1293	66	204	1
1037	4210	1294	1289	81	204	1
1038	4212	1295	1296	38	0	0
1039	4213	1288	1297	47	94	1
1040	4214	1298	1291	96	0	0
1041	4217	1296	1299	34	357	3
1042	4218	1293	1290	78	0	0
1043	4219	1287	1295	53	0	0
1044	4221	585	1287	104	0	0
1045	4223	1290	1291	263	187	2
1046	4224	1289	1298	90	94	1
1047	4226	1300	1301	188	213	2
1048	4227	1278	1300	388	595	4
1049	4228	1300	1274	123	94	1
1050	4229	1302	1303	130	213	2
1051	4234	1304	1305	177	0	0
1052	4236	1306	1307	174	204	1
1053	4237	1308	1304	99	119	1
1054	4242	1305	937	91	0	0
1055	4246	1307	1305	26	0	0
1056	4249	1309	991	91	0	0
1057	4251	1311	785	19	0	0
1058	4252	364	991	85	119	1
1059	4253	1312	1313	188	0	0
1060	4255	222	1312	291	94	1
1061	4257	785	1314	75	0	0
1062	4258	1310	364	23	0	0
1063	4264	1315	244	82	0	0
1064	4265	1316	1315	82	187	2
1065	4267	1317	99	289	204	1
1066	4271	1318	1319	154	0	0
1067	4272	1143	1320	93	0	0
1068	4273	1321	1318	85	204	1
1069	4274	1320	1321	89	0	0
1070	4275	1322	1323	68	94	1
1071	4276	1324	1323	137	306	3
1072	4277	1325	1326	74	0	0
1073	4281	1327	1325	78	94	1
1074	4282	1328	1322	83	0	0
1075	4283	1329	1328	241	94	1
1076	4284	1326	1322	4	0	0
1077	4285	1330	1328	96	94	1
1078	4288	1331	1326	89	94	1
1079	4316	249	1333	139	0	0
1080	4350	880	1335	171	323	2
1081	4351	149	880	288	94	1
1082	4403	1285	22	234	94	1
1083	4404	155	878	295	204	1
1084	4406	1336	1337	91	94	1
1085	4407	156	1338	168	0	0
1086	4409	1339	1338	61	119	1
1087	4410	1337	759	257	0	0
1088	4411	1340	879	73	94	1
1089	4412	879	1336	23	0	0
1090	4413	1338	1340	59	0	0
1091	4414	1341	1337	102	442	3
1092	4417	1342	1343	81	391	3
1093	4418	370	1342	152	94	1
1094	4419	1246	1344	136	0	0
1095	4420	1246	1257	212	187	2
1096	4422	885	1345	30	0	0
1097	4424	354	1108	22	0	0
1098	4425	1345	1346	41	187	2
1099	4426	1108	913	93	0	0
1100	4428	1345	859	45	0	0
1101	4429	354	885	124	94	1
1102	4430	1347	1180	75	298	2
1103	4432	1041	1349	46	0	0
1104	4433	1350	1041	49	0	0
1105	4436	1352	1350	67	298	2
1106	4439	1180	1348	105	0	0
1107	4441	1349	1347	137	94	1
1108	4449	1354	1355	35	1020	2
1109	4453	1354	1356	421	0	0
1110	4459	1359	1360	292	0	0
1111	4460	1358	1361	209	94	1
1112	4461	1362	1363	376	0	0
1113	4462	1353	1364	4	0	0
1114	4463	1362	1365	219	0	0
1115	4464	1364	1359	33	0	0
1116	4465	1366	1363	384	0	0
1117	4467	20	1357	496	0	0
1118	4468	1365	1367	167	0	0
1119	4470	20	1368	615	0	0
1120	4472	1360	1368	339	0	0
1121	4474	1369	1358	173	0	0
1122	4483	1370	992	930	0	0
1123	4486	1371	1370	203	94	1
1124	4508	1248	1372	145	0	0
1125	4513	1373	959	152	0	0
1126	4517	1374	912	5	0	0
1127	4538	1375	1374	155	0	0
1128	4542	1376	1372	486	0	0
1129	4543	1248	1375	881	0	0
1130	4570	161	1378	370	0	0
1131	4586	1379	676	109	94	1
1132	4587	1167	1380	203	119	1
1133	4602	1381	1078	213	94	1
1134	4604	1382	1383	85	0	0
1135	4605	1383	923	93	94	1
1136	4607	1384	1385	943	0	0
1137	4608	1385	1386	238	0	0
1138	4609	1384	1387	123	0	0
1139	4611	1384	1388	76	0	0
1140	4612	1389	1385	24	0	0
1141	4645	1390	1391	142	0	0
1142	4646	1392	1393	27	0	0
1143	4648	1393	1390	58	0	0
1144	4651	1394	315	193	0	0
1145	4652	633	1392	120	0	0
1146	4655	1391	1395	455	0	0
1147	4656	315	1395	501	0	0
1148	4661	1393	1396	110	0	0
1149	4666	1394	1397	400	0	0
1150	4671	271	1399	55	0	0
1151	4672	1400	1399	96	94	1
1152	4674	1048	1401	188	281	3
1153	4676	1398	1401	166	94	1
1154	4677	1059	1402	159	94	1
1155	4680	1403	1404	168	94	1
1156	4681	1405	644	139	0	0
1157	4682	1404	797	231	0	0
1158	4683	1405	1404	148	0	0
1159	4694	1406	1407	212	0	0
1160	4703	1408	1409	246	119	1
1161	4705	1176	953	117	204	1
1162	4706	1411	1412	86	94	1
1163	4708	1412	1408	14	0	0
1164	4709	1412	1176	166	119	1
1165	4710	1410	1409	71	0	0
1166	4732	1413	1414	242	94	1
1167	4733	1415	1414	97	204	1
1168	4734	1416	1417	119	0	0
1169	4736	1414	1418	78	0	0
1170	4737	1417	44	171	0	0
1171	4738	1419	1417	138	612	3
1172	4739	1418	1416	149	187	2
1173	4741	1421	1420	98	0	0
1174	4742	1422	1421	207	332	3
1175	4745	1421	1423	129	187	2
1176	4747	1425	1426	116	119	1
1177	4748	1420	1426	98	0	0
1178	4749	1427	1428	152	332	3
1179	4750	151	1429	455	94	1
1180	4751	1430	1431	223	281	3
1181	4752	1432	1433	365	204	1
1182	4753	1116	1434	69	0	0
1183	4754	1435	1436	24	0	0
1184	4755	1434	1432	107	0	0
1185	4756	1433	1435	147	94	1
1186	4757	1437	1434	82	238	2
1187	4773	720	1438	76	0	0
1188	4778	1439	1440	160	0	0
1189	4789	1443	1442	8	0	0
1190	4791	1443	719	136	0	0
1191	4794	1442	1440	9	0	0
1192	4799	1441	1443	9	0	0
1193	4802	1438	719	76	0	0
1194	4807	1445	1140	143	0	0
1195	4808	1446	1445	145	94	1
1196	4812	1447	1448	35	119	1
1197	4814	1447	1449	375	0	0
1198	4816	1450	542	78	408	2
1199	4817	1451	1450	235	850	5
1200	4818	1256	1452	192	0	0
1201	4819	475	1195	97	0	0
1202	4820	912	511	209	0	0
1203	4821	1453	1254	94	204	1
1204	4822	476	1454	109	119	1
1205	4823	1454	799	225	0	0
1206	4824	1455	482	88	0	0
1207	4825	1454	1455	76	0	0
1208	4826	1195	1453	140	0	0
1209	4905	294	1456	11	0	0
1210	4906	1457	294	45	0	0
1211	4922	1460	647	316	204	1
1212	4923	1461	1462	62	94	1
1213	4925	1463	1461	101	94	1
1214	4936	1465	1466	100	298	2
1215	4937	1467	1466	99	0	0
1216	4938	1466	1468	78	204	1
1217	4941	1469	245	130	0	0
1218	4945	1469	1470	26	0	0
1219	5023	834	1402	36	0	0
1220	5025	1472	1473	38	94	1
1221	5026	1179	834	56	94	1
1222	5027	1303	1179	23	0	0
1223	5029	1473	1303	76	0	0
1224	5033	1474	1475	106	119	1
1225	5034	774	1476	162	0	0
1226	5037	629	1477	235	0	0
1227	5039	1475	1478	35	0	0
1228	5040	1478	1476	410	0	0
1229	5042	1479	1475	71	0	0
1230	5043	1480	1481	215	0	0
1231	5046	902	1479	60	0	0
1232	5048	1476	773	135	0	0
1233	5057	260	1479	45	0	0
1234	5058	407	260	53	0	0
1235	5061	1378	1482	41	94	1
1236	5062	1378	160	311	0	0
1237	5078	1483	1484	46	94	1
1238	5080	1485	1484	42	0	0
1239	5081	1484	1486	125	0	0
1240	5082	873	1485	89	187	2
1241	5083	798	508	114	0	0
1242	5084	798	1487	102	0	0
1243	5085	1487	651	56	0	0
1244	5086	508	1488	8	0	0
1245	5090	1489	1160	99	94	1
1246	5091	1490	1489	147	391	3
1247	5092	994	1490	103	0	0
1248	5093	1313	439	184	187	2
1249	5094	1491	1492	71	0	0
1250	5095	1493	1494	35	323	2
1251	5096	1495	1496	165	0	0
1252	5097	1497	1493	4	0	0
1253	5098	1491	1493	76	204	1
1254	5099	1498	1497	79	408	2
1255	5100	1496	1498	40	0	0
1256	5101	1498	1499	41	94	1
1257	5102	1500	1501	348	94	1
1258	5105	1491	1502	128	323	2
1259	5106	1503	1504	205	119	1
1260	5107	770	199	139	94	1
1261	5109	319	1467	95	0	0
1262	5110	1505	1506	236	119	1
1263	5111	1467	1506	74	0	0
1264	5112	1507	1508	170	187	2
1265	5113	1509	1507	45	323	2
1266	5114	465	1507	2	0	0
1267	5115	465	1506	96	94	1
1268	5116	1510	1511	66	204	1
1269	5117	1512	1513	99	187	2
1270	5119	1514	1515	77	187	2
1271	5120	1515	1511	147	0	0
1272	5121	1515	1512	81	0	0
1273	5122	1512	1516	141	0	0
1274	5124	1516	1517	47	119	1
1275	5128	1518	1519	150	94	1
1276	5129	1520	897	90	94	1
1277	5132	1520	1518	39	0	0
1278	5134	893	1520	145	0	0
1279	5136	1519	894	111	0	0
1280	5156	1521	391	122	204	1
1281	5157	1204	1522	157	94	1
1282	5160	145	1012	398	204	1
1283	5161	1523	1524	275	119	1
1284	5164	769	1525	136	94	1
1285	5165	1525	693	19	0	0
1286	5171	1526	1527	311	94	1
1287	5187	1533	436	89	0	0
1288	5190	1527	1534	193	0	0
1289	5192	1531	1530	98	0	0
1290	5194	1099	1532	24	0	0
1291	5195	1532	1098	19	0	0
1292	5210	1535	1536	349	204	1
1293	5215	1537	1538	27	0	0
1294	5216	1539	1540	45	0	0
1295	5220	1538	1541	23	0	0
1296	5231	1542	1540	44	0	0
1297	5233	1539	255	39	0	0
1298	5235	1542	1539	55	0	0
1299	5236	1544	1543	36	0	0
1300	5238	1544	1538	123	0	0
1301	5239	1536	1546	404	0	0
1302	5242	255	1536	437	0	0
1303	5255	1547	1548	96	0	0
1304	5257	1549	1550	45	94	1
1305	5258	1551	1552	29	94	1
1306	5261	1553	1554	48	204	1
1307	5262	1555	1556	32	94	1
1308	5263	1557	1547	19	0	0
1309	5264	1558	1559	116	213	2
1310	5267	1558	1556	12	0	0
1311	5268	1547	1553	81	0	0
1312	5269	1548	1550	84	0	0
1313	5270	1552	1558	89	0	0
1314	5271	1548	1552	7	0	0
1315	5272	113	122	94	0	0
1316	5274	122	1560	82	94	1
1317	5275	1561	1477	287	94	1
1318	5278	1562	1002	235	391	3
1319	5279	1563	1564	398	94	1
1320	5280	1565	1564	80	0	0
1321	5281	1565	1566	188	0	0
1322	5282	1567	1566	36	391	3
1323	5284	1568	1569	42	94	1
1324	5285	1566	1564	95	0	0
1325	5286	1563	1570	114	0	0
1326	5287	1568	1565	220	298	2
1327	5288	1571	1132	96	0	0
1328	5289	1572	1573	82	417	3
1329	5290	1574	1575	43	0	0
1330	5292	1132	1576	123	0	0
1331	5294	1319	1574	181	0	0
1332	5296	982	1574	61	0	0
1333	5297	1173	1573	34	0	0
1334	5298	1575	935	73	0	0
1335	5299	1150	1319	44	0	0
1336	5301	935	1571	73	0	0
1337	5303	1471	1469	15	0	0
1338	5312	1441	1440	7	0	0
1339	5322	1577	84	418	94	1
1340	5329	1571	1576	320	0	0
1341	5347	1105	1578	124	94	1
1342	5348	369	869	203	323	2
1343	5419	1579	1580	187	213	2
1344	5420	243	1579	38	0	0
1345	5423	1581	1107	90	119	1
1346	5480	1584	1585	198	213	2
1347	5500	1586	1587	125	0	0
1348	5504	944	1588	75	204	1
1349	5505	1589	1590	59	298	2
1350	5506	1588	1590	69	0	0
1351	5531	601	988	533	0	0
1352	5533	1595	1592	744	0	0
1353	5537	1164	1192	156	0	0
1354	5542	1595	447	160	0	0
1355	5546	1351	1164	94	0	0
1356	5551	1592	764	36	0	0
1357	5553	447	1591	268	0	0
1358	5555	1594	1591	410	0	0
1359	5558	1596	1597	273	204	1
1360	5560	1598	386	92	213	2
1361	5561	1599	1597	104	0	0
1362	5562	1597	1598	218	706	4
1363	5565	1600	680	213	119	1
1364	5576	1601	1602	204	374	4
1365	5578	1603	1604	15	0	0
1366	5579	1605	1062	142	94	1
1367	5580	1604	1606	180	94	1
1368	5581	1603	1607	15	0	0
1369	5582	1607	1604	13	0	0
1370	5583	1209	1605	58	0	0
1371	5584	1606	1207	112	94	1
1372	5585	1062	1603	191	204	1
1373	5592	1608	925	61	94	1
1374	5595	1609	1610	73	94	1
1375	5596	1610	1608	71	0	0
1376	5597	1608	1611	32	298	2
1377	5598	1573	1609	94	298	2
1378	5599	1612	115	60	0	0
1379	5600	1613	1614	56	204	1
1380	5601	1614	1615	104	0	0
1381	5602	1614	1612	220	213	2
1382	5604	1617	1618	224	204	1
1383	5605	1618	1616	22	0	0
1384	5606	1616	1619	61	94	1
1385	5610	1620	623	226	204	1
1386	5611	1621	1622	115	0	0
1387	5612	514	1622	349	187	2
1388	5614	1623	1624	238	0	0
1389	5630	1627	1626	62	187	2
1390	5644	1169	1630	122	0	0
1391	5645	1628	1630	3	0	0
1392	5646	1022	1630	253	0	0
1393	5647	1631	1255	267	0	0
1394	5648	592	1632	35	0	0
1395	5649	1632	1389	214	119	1
1396	5655	1633	1634	46	213	2
1397	5656	1634	1088	22	0	0
1398	5657	1635	1636	118	0	0
1399	5658	1637	1638	203	119	1
1400	5663	1634	1636	105	0	0
1401	5673	1639	1640	240	527	3
1402	5674	1641	1642	166	187	2
1403	5675	1640	1641	25	0	0
1404	5677	1642	1643	47	0	0
1405	5680	1644	1645	219	94	1
1406	5681	1646	1645	143	204	1
1407	5682	1645	1212	99	94	1
1408	5683	1606	1646	111	94	1
1409	5754	1647	1648	82	298	2
1410	5755	1648	1649	126	94	1
1411	5766	1650	1058	194	281	3
1412	5801	671	1043	170	0	0
1413	5802	716	671	86	0	0
1414	5803	1653	716	97	119	1
1415	5814	1654	1226	275	323	2
1416	5829	1655	1656	85	94	1
1417	5830	1657	1658	143	374	4
1418	5831	1659	1660	78	0	0
1419	5832	1659	1661	129	306	3
1420	5833	1660	1656	87	0	0
1421	5834	1199	1505	129	0	0
1422	5835	1657	1659	88	204	1
1423	5836	1662	1657	115	187	2
1424	5837	1660	1663	111	119	1
1425	5838	1656	1505	128	0	0
1426	5841	1664	1665	279	187	2
1427	5844	1666	1664	92	94	1
1428	5847	1667	1668	80	0	0
1429	5848	1668	395	63	0	0
1430	5849	1668	1669	94	0	0
1431	5856	1670	1015	5	0	0
1432	5900	1671	1310	54	0	0
1433	5905	1672	1671	501	799	5
1434	5909	1673	1185	120	0	0
1435	5917	914	1675	184	417	3
1436	5920	1676	225	117	119	1
1437	5921	751	518	448	0	0
1438	5924	518	1676	183	0	0
1439	5925	1386	1436	8	0	0
1440	5926	225	1436	296	357	3
1441	5927	772	1677	216	689	5
1442	5928	1678	1679	317	799	5
1443	5929	1680	1679	87	0	0
1444	5930	1679	1681	291	94	1
1445	5931	1682	1678	181	204	1
1446	5932	1390	1678	136	119	1
1447	5956	1624	1683	57	187	2
1448	5958	1624	1684	20	0	0
1449	5959	1684	1318	76	0	0
1450	5960	1685	1686	81	0	0
1451	5961	162	1685	6	0	0
1452	5962	1686	162	296	204	1
1453	5963	1686	1687	771	306	3
1454	5974	1689	1690	323	774	8
1455	5986	1692	448	1077	0	0
1456	5995	553	1692	128	0	0
1457	5998	1090	1694	107	204	1
1458	5999	1694	1635	290	119	1
1459	6000	1635	1695	72	204	1
1460	6002	1696	1697	49	204	1
1461	6003	1698	1699	156	323	2
1462	6004	1698	1700	107	0	0
1463	6006	1697	1698	41	204	1
1464	6010	1701	1700	125	238	2
1465	6011	1700	1702	100	94	1
1466	6015	1704	688	252	0	0
1467	6016	1705	1704	5	0	0
1468	6017	1706	1703	184	0	0
1469	6018	1705	1064	205	0	0
1470	6019	1449	362	97	0	0
1471	6020	1707	1064	68	0	0
1472	6021	690	1703	1016	0	0
1473	6022	688	690	181	0	0
1474	6023	1707	1449	191	0	0
1475	6024	1704	1708	359	0	0
1476	6033	1709	1710	134	94	1
1477	6034	1709	571	67	94	1
1478	6040	1100	359	98	0	0
1479	6043	1711	1712	64	94	1
1480	6048	1713	1714	180	94	1
1481	6052	1716	55	397	0	0
1482	6062	292	1713	71	0	0
1483	6068	1715	1717	33	0	0
1484	6072	1651	722	135	0	0
1485	6073	1407	1714	214	0	0
1486	6077	1407	742	372	0	0
1487	6078	1651	1712	222	0	0
1488	6083	180	1717	29	0	0
1489	6084	180	1715	35	0	0
1490	6087	976	1718	340	417	3
1491	6104	502	559	49	0	0
1492	6122	1284	27	252	298	2
1493	6123	1719	1720	64	204	1
1494	6124	1721	1719	23	0	0
1495	6125	1719	1225	227	0	0
1496	6126	1722	1383	149	0	0
1497	6127	397	1723	71	0	0
1498	6128	1723	860	115	408	2
1499	6130	1724	572	153	94	1
1500	6142	1725	1726	29	213	2
1501	6145	938	1726	58	0	0
1502	6147	1727	1431	282	119	1
1503	6148	1314	1431	23	0	0
1504	6149	1728	1729	122	825	5
1505	6151	1730	342	243	391	3
1506	6152	422	1731	116	204	1
1507	6153	28	578	41	0	0
1508	6154	1283	578	172	306	3
1509	6155	46	240	107	94	1
1510	6165	1732	159	388	391	3
1511	6168	966	1733	231	213	2
1512	6169	1734	1733	224	0	0
1513	6170	646	1734	29	0	0
1514	6177	1722	1735	77	0	0
1515	6178	1736	1737	47	0	0
1516	6179	924	1722	88	213	2
1517	6180	1738	1736	200	187	2
1518	6181	1737	924	133	204	1
1519	6182	29	1739	189	442	3
1520	6190	453	455	29	0	0
1521	6192	993	455	22	0	0
1522	6193	1171	1741	104	0	0
1523	6194	1021	1387	116	0	0
1524	6195	1023	1171	152	0	0
1525	6196	1742	1023	16	0	0
1526	6197	1743	1021	136	94	1
1527	6198	1741	1743	89	0	0
1528	6199	1744	1742	54	119	1
1529	6200	1170	1742	119	0	0
1530	6201	1455	907	150	0	0
1531	6205	45	1745	83	94	1
1532	6207	1416	45	83	595	4
1533	6208	1745	1084	63	0	0
1534	6211	1011	1746	142	204	1
1535	6213	1747	140	53	0	0
1536	6214	1718	1748	73	0	0
1537	6215	668	1747	114	94	1
1538	6218	1718	978	104	0	0
1539	6219	42	1749	116	94	1
1540	6221	668	670	14	0	0
1541	6222	978	700	255	0	0
1542	6225	1749	1750	84	187	2
1543	6226	1749	140	6	0	0
1544	6227	1751	1623	79	94	1
1545	6228	1320	1751	83	0	0
1546	6229	1623	934	157	0	0
1547	6236	1752	1753	592	0	0
1548	6237	1754	1541	643	0	0
1549	6239	1373	1755	443	0	0
1550	6240	1541	1537	28	0	0
1551	6242	1754	1755	417	0	0
1552	6244	1755	1756	562	0	0
1553	6255	1582	216	476	0	0
1554	6260	1757	1758	221	374	4
1555	6266	1759	9	20	0	0
1556	6269	283	1740	162	0	0
1557	6274	1524	971	123	0	0
1558	6287	1760	1739	265	646	4
1559	6288	1739	1285	121	0	0
1560	6309	1761	1762	10	0	0
1561	6318	1763	1761	72	0	0
1562	6330	1763	1762	69	0	0
1563	6345	1765	1766	55	0	0
1564	6355	350	548	323	0	0
1565	6357	1765	1767	99	0	0
1566	6360	1767	350	160	0	0
1567	6363	1768	1764	7	0	0
1568	6367	1332	1765	35	0	0
1569	6399	1770	1769	278	94	1
1570	6410	427	425	79	0	0
1571	6418	391	1771	224	213	2
1572	6419	1772	1153	79	187	2
1573	6443	1773	1774	53	94	1
1574	6444	1348	1773	39	0	0
1575	6449	1775	1776	147	0	0
1576	6457	1776	777	105	0	0
1577	6461	1777	1775	22	0	0
1578	6467	1778	1779	257	94	1
1579	6468	142	1780	220	0	0
1580	6469	1780	1779	56	0	0
1581	6477	1782	1781	64	0	0
1582	6482	1782	1784	12	0	0
1583	6485	1787	1784	12	0	0
1584	6486	1787	1782	12	0	0
1585	6487	1786	1787	387	0	0
1586	6490	1784	1785	25	0	0
1587	6491	1786	1785	410	0	0
1588	6493	1788	1783	225	119	1
1589	6494	1035	1789	66	0	0
1590	6495	1104	1790	240	94	1
1591	6496	1790	543	96	0	0
1592	6497	18	1104	59	0	0
1593	6498	1789	18	127	0	0
1594	6499	1780	1035	90	94	1
1595	6581	904	1693	385	0	0
1596	6591	1214	1792	155	0	0
1597	6593	1406	1714	89	0	0
1598	6594	1751	1142	86	0	0
1599	6595	1794	1751	88	0	0
1600	6596	1321	1794	82	0	0
1601	6597	1684	1794	88	94	1
1602	6598	44	994	387	510	4
1603	6599	1795	1796	60	94	1
1604	6600	1641	1797	49	0	0
1605	6602	1797	1795	62	0	0
1606	6603	1797	1798	100	94	1
1607	6604	1799	1800	81	204	1
1608	6609	1801	753	599	0	0
1609	6611	1217	1522	36	0	0
1610	6612	683	1803	22	0	0
1611	6613	1803	1802	42	0	0
1612	6615	1203	1804	24	0	0
1613	6616	1805	674	52	0	0
1614	6617	1806	1804	51	0	0
1615	6618	1203	1522	4	0	0
1616	6619	1806	683	245	213	2
1617	6620	1376	1805	110	0	0
1618	6621	1803	1801	431	94	1
1619	6622	1804	1244	27	0	0
1620	6623	1802	1801	330	0	0
1621	6624	674	1217	107	0	0
1622	6625	1805	1807	103	187	2
1623	6635	1808	1809	220	0	0
1624	6638	1810	1809	407	0	0
1625	6642	1809	560	116	0	0
1626	6645	47	1810	82	0	0
1627	6646	1811	1812	38	0	0
1628	6647	1812	1480	385	332	3
1629	6651	1813	1814	50	0	0
1630	6652	1815	1813	65	408	2
1631	6654	1816	1815	63	663	3
1632	6658	1392	1396	80	0	0
1633	6661	1817	1818	26	0	0
1634	6665	1819	1818	24	0	0
1635	6668	1820	1821	37	0	0
1636	6669	1822	1821	196	204	1
1637	6670	1823	1824	72	0	0
1638	6671	1820	1824	324	298	2
1639	6672	1823	1825	45	0	0
1640	6673	1825	1826	69	94	1
1641	6674	1825	1820	72	0	0
1642	6675	317	1823	79	0	0
1643	6677	1827	148	231	94	1
1644	6678	475	1828	84	0	0
1645	6680	106	1257	118	0	0
1646	6686	1599	1829	148	306	3
1647	6687	1667	1521	57	0	0
1648	6690	1669	1667	26	0	0
1649	6691	396	1521	275	94	1
1650	6693	1829	1669	77	0	0
1651	6695	1830	1831	143	595	4
1652	6696	1832	1833	83	119	1
1653	6697	1833	1831	51	0	0
1654	6698	1834	1833	253	425	4
1655	6699	1831	1835	87	204	1
1656	6731	1838	1839	146	0	0
1657	6736	1836	1837	159	0	0
1658	6737	1836	1840	12	0	0
1659	6742	1838	1842	59	0	0
1660	6747	1843	276	88	0	0
1661	6748	121	1560	116	0	0
1662	6750	276	277	24	0	0
1663	6751	277	1844	133	0	0
1664	6752	121	1844	665	0	0
1665	6764	1845	855	33	0	0
1666	6768	1845	856	13	0	0
1667	6804	1846	891	351	0	0
1668	6808	1202	1045	66	0	0
1669	6837	1848	1427	84	0	0
1670	6838	1724	573	87	0	0
1671	6839	1752	539	128	0	0
1672	6841	590	1427	126	0	0
1673	6843	1849	1724	92	0	0
1674	6844	1586	1848	66	204	1
1675	6845	573	1586	76	0	0
1676	6846	1800	1752	77	0	0
1677	6850	1850	1083	76	0	0
1678	6851	44	995	67	0	0
1679	6852	1083	793	28	0	0
1680	6853	793	1380	31	0	0
1681	6854	995	1850	27	0	0
1682	6855	1851	1852	68	187	2
1683	6856	1851	1157	60	0	0
1684	6857	1380	1851	55	0	0
1685	6858	1748	1853	240	94	1
1686	6859	1854	1011	69	0	0
1687	6870	1855	1856	82	94	1
1688	6873	1856	1858	80	119	1
1689	6874	1859	1860	52	0	0
1690	6875	1860	1856	40	94	1
1691	6877	232	1859	72	0	0
1692	6878	1861	1859	58	187	2
1693	6879	1858	1849	41	0	0
1694	6880	1857	232	67	94	1
1695	6881	1862	1848	119	0	0
1696	6883	1863	1864	253	187	2
1697	6884	1864	1865	99	204	1
1698	6885	1866	1070	7	0	0
1699	6886	1154	1147	57	0	0
1700	6887	541	1452	19	0	0
1701	6888	1867	1866	79	94	1
1702	6889	1451	541	116	0	0
1703	6890	1631	1868	65	0	0
1704	6891	1868	986	45	0	0
1705	6892	1147	1867	73	0	0
1706	6893	1068	1162	63	0	0
1707	6894	986	1344	85	213	2
1708	6895	1070	1163	94	94	1
1709	6896	1069	1865	130	0	0
1710	6897	1814	1631	21	0	0
1711	6898	1869	1868	52	408	2
1712	6899	1865	1866	40	0	0
1713	6900	1252	1451	78	0	0
1714	6901	1452	1814	85	204	1
1715	6902	1344	1069	49	0	0
1716	6903	1870	1789	152	94	1
1717	6906	1871	1872	14	0	0
1718	6908	1872	1873	100	187	2
1719	6910	1873	1311	80	0	0
1720	6912	1874	1871	39	204	1
1721	6924	1387	1388	90	0	0
1722	6930	1876	1213	157	0	0
1723	6932	1388	1876	50	0	0
1724	6934	1128	1168	68	0	0
1725	6935	1168	1875	329	0	0
1726	6936	1877	226	159	323	2
1727	6937	517	226	127	94	1
1728	6938	1066	1266	296	94	1
1729	6939	1267	1878	67	0	0
1730	6940	1878	1066	49	0	0
1731	6941	1879	1267	56	94	1
1732	6942	1878	1707	324	0	0
1733	6944	1880	710	106	119	1
1734	6945	540	768	181	0	0
1735	6962	1883	1884	96	0	0
1736	6963	1885	1546	341	0	0
1737	6966	498	1366	760	0	0
1738	6973	497	498	59	0	0
1739	6974	1886	1884	344	0	0
1740	6977	1882	1883	52	0	0
1741	6978	497	1886	540	0	0
1742	6983	1887	1847	153	187	2
1743	6984	1081	1888	215	689	5
1744	7005	756	91	643	0	0
1745	7011	1607	1646	507	961	5
1746	7014	943	1889	133	204	1
1747	7017	1890	1891	19	0	0
1748	7018	1890	1892	9	0	0
1749	7019	1892	1368	689	0	0
1750	7020	1891	1881	228	0	0
1751	7022	1891	1892	14	0	0
1752	7024	1893	1894	161	94	1
1753	7027	1560	1895	240	0	0
1754	7029	1895	1896	56	0	0
1755	7032	1897	86	69	0	0
1756	7036	1896	1898	784	0	0
1757	7037	1486	1896	206	0	0
1758	7043	705	1899	96	0	0
1759	7045	595	375	87	510	1
1760	7048	1900	1899	21	94	1
1761	7049	1898	1615	40	0	0
1762	7050	1898	595	17	0	0
1763	7051	1615	1897	155	0	0
1764	7057	375	1900	62	0	0
1765	7058	1901	1902	70	94	1
1766	7059	1728	1741	57	0	0
1767	7060	1903	1728	63	0	0
1768	7061	1903	1904	37	94	1
1769	7062	1902	1903	78	0	0
1770	7068	1905	1906	69	204	1
1771	7069	1906	1811	43	94	1
1772	7071	1481	1811	612	0	0
1773	7072	1907	1445	257	281	3
1774	7073	1908	1123	134	918	3
1775	7109	348	547	284	119	1
1776	7117	1911	1912	547	0	0
1777	7118	1913	1914	182	0	0
1778	7119	1912	1914	137	0	0
1779	7120	1915	1916	301	0	0
1780	7121	1909	1911	141	0	0
1781	7122	1916	20	140	0	0
1782	7124	1545	1909	122	0	0
1783	7126	1912	1915	21	0	0
1784	7127	1910	1544	27	0	0
1785	7128	1910	1543	22	0	0
1786	7129	1917	1918	49	0	0
1787	7130	1918	968	26	0	0
1788	7131	964	1918	29	0	0
1789	7132	1917	1733	296	281	3
1790	7133	1280	402	116	0	0
1791	7134	1919	1492	12	0	0
1792	7135	1496	1920	78	0	0
1793	7136	1492	577	85	0	0
1794	7137	1920	1919	100	94	1
1795	7138	402	577	134	408	2
1796	7139	1919	1921	210	527	3
1797	7140	511	477	215	0	0
1798	7141	1922	1854	143	213	2
1799	7143	1210	1923	136	94	1
1800	7144	1924	1923	63	298	2
1801	7151	1151	1925	145	0	0
1802	7153	1926	1927	48	187	2
1803	7155	1925	1926	62	0	0
1804	7158	1926	1141	66	0	0
1805	7159	1928	1929	82	187	2
1806	7172	429	1930	29	94	1
1807	7175	1405	1403	115	0	0
1808	7176	1931	960	168	94	1
1809	7177	1932	1931	44	204	1
1810	7178	1933	1931	42	204	1
1811	7179	1934	1935	29	94	1
1812	7181	1936	1934	144	94	1
1813	7189	1562	1937	98	408	2
1814	7191	1938	1939	223	204	1
1815	7192	999	1940	101	0	0
1816	7193	1940	1938	98	0	0
1817	7194	1940	1941	98	94	1
1818	7197	1621	1649	62	0	0
1819	7200	1758	1621	106	0	0
1820	7201	1649	1835	135	0	0
1821	7202	1435	613	71	0	0
1822	7203	613	1758	29	119	1
1823	7206	1834	1835	124	0	0
1824	7207	919	1834	94	0	0
1825	7208	919	1117	233	0	0
1826	7209	1942	908	19	0	0
1827	7211	1942	1487	150	0	0
1828	7229	1944	1705	412	0	0
1829	7232	1945	1943	47	94	1
1830	7233	1946	1943	82	0	0
1831	7235	1947	1944	35	0	0
1832	7236	1946	1948	66	298	2
1833	7237	1947	1949	139	213	2
1834	7238	1374	1950	4	0	0
1835	7239	649	797	87	0	0
1836	7240	1488	797	161	213	2
1837	7241	1950	1488	241	187	2
1838	7242	1951	1952	58	0	0
1839	7243	1953	101	144	0	0
1840	7245	1688	1954	14	0	0
1841	7248	1953	1956	7	0	0
1842	7249	1955	1953	24	0	0
1843	7250	1951	1689	78	0	0
1844	7251	1957	1954	9	0	0
1845	7252	1954	1951	94	0	0
1846	7254	1957	1952	99	0	0
1847	7255	1956	1957	27	0	0
1848	7256	1958	1828	102	204	1
1849	7282	1677	771	43	0	0
1850	7285	938	1181	186	0	0
1851	7287	474	1677	292	0	0
1852	7288	1959	1181	65	0	0
1853	7292	1753	1708	654	0	0
1854	7293	1382	1960	125	94	1
1855	7294	1960	1735	23	0	0
1856	7296	771	203	62	0	0
1857	7297	474	1753	238	0	0
1858	7298	1745	1850	232	0	0
1859	7299	1587	1961	67	94	1
1860	7300	1961	1862	2	0	0
1861	7301	1862	1428	54	94	1
1862	7308	1964	1963	15	0	0
1863	7311	1774	1965	9	0	0
1864	7312	1966	784	48	0	0
1865	7315	1967	784	64	0	0
1866	7318	1967	1963	38	0	0
1867	7319	1968	1962	42	0	0
1868	7322	1968	1967	65	0	0
1869	7328	1965	1351	765	0	0
1870	7333	1966	1965	335	0	0
1871	7342	1969	1665	169	94	1
1872	7347	1049	1969	223	0	0
1873	7348	1051	1049	67	0	0
1874	7349	1214	1970	194	434	2
1875	7350	1970	1208	68	0	0
1876	7385	865	1971	206	94	1
1877	7386	1972	1971	434	876	7
1878	7388	1971	1187	56	0	0
1879	7406	1973	1974	74	94	1
1880	7407	1975	1976	108	0	0
1881	7408	1977	1978	97	0	0
1882	7409	1977	1897	162	94	1
1883	7410	1979	1975	60	298	2
1884	7411	1980	1978	34	94	1
1885	7412	1976	1974	45	298	2
1886	7413	1978	1976	43	0	0
1887	7414	1974	114	64	0	0
1888	7415	1612	1975	84	0	0
1889	7416	1981	1977	113	408	2
1890	7418	1982	1983	84	0	0
1891	7420	1985	1982	66	204	1
1892	7422	1983	1984	89	94	1
1893	7423	1986	1984	66	94	1
1894	7424	1987	1982	150	187	2
1895	7431	1988	1989	54	816	7
1896	7432	1138	1988	94	0	0
1897	7441	1990	1991	78	374	4
1898	7442	1992	1993	129	94	1
1899	7445	1994	1995	99	0	0
1900	7452	1996	1994	116	0	0
1901	7466	1996	1995	77	0	0
1902	7467	1993	1995	375	0	0
1903	7468	404	1997	637	1343	7
1904	7470	286	945	172	0	0
1905	7473	945	1093	147	0	0
1906	7480	1998	406	296	0	0
1907	7483	1093	1999	262	0	0
1908	7492	2000	828	342	0	0
1909	7495	1999	1277	189	0	0
1910	7510	701	0	53	0	0
1911	7511	1990	977	57	0	0
1912	7513	1030	1557	254	0	0
1913	7517	1514	1510	60	0	0
1914	7519	1998	2001	562	0	0
1915	7523	1271	1514	384	0	0
1916	7525	2002	136	336	0	0
1917	7528	523	1495	65	0	0
1918	7529	1997	2001	4	0	0
1919	7530	1495	1110	55	0	0
1920	7531	1500	1504	13	0	0
1921	7533	1110	1997	98	0	0
1922	7535	1557	1990	167	0	0
1923	7536	1510	2003	6	0	0
1924	7537	0	1030	62	0	0
1925	7538	2003	1500	126	0	0
1926	7559	1721	618	135	0	0
1927	7560	618	1233	36	0	0
1928	7561	1294	318	304	0	0
1929	7562	814	1819	72	0	0
1930	7563	1796	808	168	119	1
1931	7564	189	1796	77	0	0
1932	7565	1662	1721	83	0	0
1933	7567	1643	814	56	0	0
1934	7569	1294	469	158	0	0
1935	7570	1819	1817	24	0	0
1936	7572	808	1643	90	0	0
1937	7573	1424	1662	48	0	0
1938	7574	584	1601	116	0	0
1939	7577	1817	2004	67	0	0
1940	7579	1233	189	177	0	0
1941	7580	469	584	136	0	0
1942	7581	2005	2006	89	0	0
1943	7582	2007	2008	106	0	0
1944	7583	2009	2000	36	0	0
1945	7584	2010	2008	62	187	2
1946	7585	2011	2012	155	298	2
1947	7586	2008	2013	95	187	2
1948	7587	2014	2005	130	298	2
1949	7588	2015	2005	75	0	0
1950	7589	2016	2010	112	298	2
1951	7590	2015	2017	130	621	4
1952	7591	2006	2018	100	0	0
1953	7592	2013	2015	14	0	0
1954	7593	2007	2011	96	0	0
1955	7594	2019	2007	132	213	2
1956	7595	2018	2020	432	859	6
1957	7596	2021	2006	341	485	4
1958	7597	2018	2009	95	0	0
1959	7599	2022	2023	80	119	1
1960	7601	2024	2022	33	0	0
1961	7602	2021	2025	89	0	0
1962	7603	2026	2016	63	204	1
1963	7606	2027	2028	54	0	0
1964	7607	2029	2027	111	0	0
1965	7608	2022	2026	115	119	1
1966	7611	2028	2024	91	391	3
1967	7612	2025	2029	76	0	0
1968	7613	2025	2030	129	213	2
1969	7614	2031	2029	137	408	2
1970	7616	2026	2027	112	204	1
1971	7617	2013	2032	67	0	0
1972	7618	2033	2032	326	1037	7
1973	7619	2033	2011	100	0	0
1974	7620	2033	2034	52	204	1
1975	7626	2035	930	67	0	0
1976	7627	2035	2036	56	119	1
1977	7631	2037	2038	67	298	2
1978	7632	591	997	106	0	0
1979	7633	997	2038	48	0	0
1980	7634	2038	1386	38	0	0
1981	7657	1652	2039	77	0	0
1982	7674	1625	527	184	0	0
1983	7713	2040	1490	202	298	2
1984	7714	2041	1253	100	204	1
1985	7715	2042	2043	42	94	1
1986	7716	1391	1682	107	204	1
1987	7718	2044	2045	40	94	1
1988	7719	1681	2046	76	94	1
1989	7721	2047	2048	143	298	2
1990	7722	1682	1680	24	0	0
1991	7724	2045	2047	26	0	0
1992	7725	2046	2048	44	0	0
1993	7727	2049	2042	18	0	0
1994	7728	2048	2050	82	94	1
1995	7729	2050	1395	66	0	0
1996	7730	2051	2047	43	187	2
1997	7732	2052	2049	43	94	1
1998	7733	2042	2045	48	0	0
1999	7734	2053	2054	41	94	1
2000	7735	2054	547	172	119	1
2001	7736	549	2054	241	187	2
2002	7840	2055	1258	64	204	1
2003	7864	1530	2056	395	0	0
2004	7871	2057	2058	210	0	0
2005	7891	1632	593	96	0	0
2006	7905	1756	2060	16	0	0
2007	7918	2061	1360	315	0	0
2008	7920	2062	2063	889	0	0
2009	7925	1531	2064	409	0	0
2010	7927	2065	2066	106	0	0
2011	7930	124	1844	624	0	0
2012	7942	1364	2065	49	0	0
2013	7950	444	1595	196	0	0
2014	7955	2068	1882	36	0	0
2015	7961	2066	2061	22	0	0
2016	7963	2003	2069	263	0	0
2017	7978	525	2070	316	0	0
2018	7983	2069	2057	790	0	0
2019	7984	697	285	215	0	0
2020	7986	2065	1359	45	0	0
2021	7991	2071	2063	29	0	0
2022	8004	2059	2073	512	0	0
2023	8011	2074	1235	298	0	0
2024	8026	2075	1365	195	0	0
2025	8056	2076	1410	274	0	0
2026	8074	2073	2077	280	0	0
2027	8075	2078	2002	292	0	0
2028	8088	1883	2068	26	0	0
2029	8114	2079	1529	542	0	0
2030	8126	1001	524	1268	0	0
2031	8131	2056	1238	552	0	0
2032	8134	2071	1886	350	0	0
2033	8147	1236	2079	302	0	0
2034	8148	792	1148	74	0	0
2035	8163	1362	2074	633	0	0
2036	8165	2083	2084	215	0	0
2037	8177	2077	445	532	0	0
2038	8186	703	1840	884	0	0
2039	8207	2085	1236	46	0	0
2040	8221	2086	2081	132	0	0
2041	8227	2068	2067	813	0	0
2042	8249	754	1670	466	0	0
2043	8250	2087	636	294	0	0
2044	8278	2085	2074	537	0	0
2045	8282	1838	2058	560	0	0
2046	8331	1239	2064	288	0	0
2047	8335	1357	2080	318	0	0
2048	8354	2075	1367	146	0	0
2049	8358	1915	1914	363	0	0
2050	8363	1839	2069	502	0	0
2051	8369	2090	1955	14	0	0
2052	8373	2091	1913	12	0	0
2053	8385	506	500	189	0	0
2054	8392	2092	2084	148	0	0
2055	8411	1016	2086	1309	0	0
2056	8420	1839	2058	505	0	0
2057	8422	2078	1839	116	0	0
2058	8425	1716	323	162	0	0
2059	8428	961	2076	127	0	0
2060	8458	2062	2061	30	0	0
2061	8462	1238	1529	736	0	0
2062	8482	1837	702	655	0	0
2063	8483	2089	1017	148	0	0
2064	8494	378	399	74	0	0
2065	8511	2056	2064	21	0	0
2066	8513	2077	2059	253	0	0
2067	8521	2083	2060	253	0	0
2068	8525	1184	378	135	0	0
2069	8528	642	905	63	0	0
2070	8539	2062	2066	29	0	0
2071	8568	507	500	79	0	0
2072	8612	2060	1754	713	0	0
2073	8613	2091	1911	397	0	0
2074	8622	314	2082	243	0	0
2075	8654	1409	2076	338	0	0
2076	8659	314	2088	242	0	0
2077	8665	1917	1734	229	0	0
2078	8681	2092	2083	77	0	0
2079	8687	762	446	999	0	0
2080	8697	1361	1756	664	0	0
2081	8708	2067	2087	270	0	0
2082	8709	2073	1594	26	0	0
2083	8723	1916	2080	313	0	0
2084	8724	1942	800	102	0	0
2085	8742	1474	1478	154	0	0
2086	8754	2070	2057	837	0	0
2087	8755	1777	775	235	0	0
2088	8769	1692	762	519	0	0
2089	8818	1766	1843	119	0	0
2090	8845	1842	2078	181	0	0
2091	8850	1962	779	51	0	0
2092	-6	71	66	1	0	0
2093	-7	174	171	1	0	0
2094	-9	631	630	1	0	0
2095	-10	832	830	1	0	0
2096	-12	1205	1114	1	0	0
2097	-16	1687	1685	1	0	0
2098	-18	1921	1920	1	0	0
2099	-19	2020	2009	1	0	0
2100	-24	3	4	262	0	0
2101	-25	9	10	180	0	0
2102	-33	16	15	1244	0	0
2103	-48	24	26	1078	0	0
2104	-53	23	25	951	0	0
2105	-54	33	34	328	0	0
2106	-55	64	75	630	0	0
2107	-57	70	69	154	0	0
2108	-66	81	80	470	0	0
2109	-75	90	91	707	0	0
2110	-79	93	92	574	0	0
2111	-80	101	1955	115	0	0
2112	-81	102	1620	590	0	0
2113	-82	103	102	296	0	0
2114	-86	111	110	490	0	0
2115	-88	75	133	169	0	0
2116	-89	143	144	209	0	0
2117	-92	163	156	469	0	0
2118	-93	145	144	432	0	0
2119	-94	154	17	175	0	0
2120	-96	157	162	136	0	0
2121	-98	164	158	490	0	0
2122	-102	191	189	367	0	0
2123	-103	206	212	165	0	0
2124	-108	16	215	1364	0	0
2125	-109	239	47	93	0	0
2126	-112	241	242	262	0	0
2127	-113	242	248	145	0	0
2128	-115	243	247	261	0	0
2129	-116	241	245	698	0	0
2130	-122	275	1333	293	0	0
2131	-130	283	284	1769	0	0
2132	-131	288	290	114	0	0
2133	-134	292	291	232	0	0
2134	-135	80	289	1321	0	0
2135	-141	301	412	240	0	0
2136	-142	303	305	402	0	0
2137	-143	304	303	317	0	0
2138	-150	315	313	1211	0	0
2139	-151	316	318	277	0	0
2140	-153	316	319	354	0	0
2141	-156	322	500	1599	0	0
2142	-157	326	331	81	0	0
2143	-158	330	324	125	0	0
2144	-161	341	345	767	0	0
2145	-165	361	362	307	0	0
2146	-167	368	69	966	0	0
2147	-168	371	366	1699	0	0
2148	-172	380	379	229	0	0
2149	-174	382	385	300	0	0
2150	-175	391	395	68	0	0
2151	-178	394	390	480	0	0
2152	-179	398	393	689	0	0
2153	-186	302	904	1835	0	0
2154	-190	411	410	1135	0	0
2155	-191	408	220	995	0	0
2156	-193	414	412	588	0	0
2157	-196	415	413	583	0	0
2158	-197	417	414	647	0	0
2159	-198	417	413	369	0	0
2160	-200	69	415	141	0	0
2161	-202	422	420	264	0	0
2162	-203	312	425	547	0	0
2163	-204	312	431	154	0	0
2164	-205	430	429	165	0	0
2165	-206	421	430	200	0	0
2166	-214	436	437	1095	0	0
2167	-218	438	437	906	0	0
2168	-219	441	2059	671	0	0
2169	-220	441	446	419	0	0
2170	-228	450	449	1188	0	0
2171	-232	452	451	226	0	0
2172	-240	456	457	725	0	0
2173	-241	460	461	176	0	0
2174	-242	464	463	143	0	0
2175	-243	475	481	126	0	0
2176	-244	476	482	208	0	0
2177	-246	488	485	223	0	0
2178	-248	493	494	224	0	0
2179	-255	504	505	293	0	0
2180	-257	506	1087	1055	0	0
2181	-258	507	506	242	0	0
2182	-259	513	515	175	0	0
2183	-265	523	524	1294	0	0
2184	-267	524	522	959	0	0
2185	-268	525	1334	850	0	0
2186	-270	235	278	594	0	0
2187	-278	456	525	1770	0	0
2188	-281	456	527	331	0	0
2189	-282	528	526	312	0	0
2190	-283	521	528	131	0	0
2191	-284	525	526	958	0	0
2192	-286	529	528	207	0	0
2193	-287	542	1813	290	0	0
2194	-288	545	146	154	0	0
2195	-289	549	551	133	0	0
2196	-294	554	553	2067	0	0
2197	-299	561	557	208	0	0
2198	-301	560	557	203	0	0
2199	-302	563	407	2223	0	0
2200	-307	564	557	738	0	0
2201	-308	1808	564	1066	0	0
2202	-309	388	571	65	0	0
2203	-313	574	2090	156	0	0
2204	-315	579	229	126	0	0
2205	-316	600	603	94	0	0
2206	-317	602	607	129	0	0
2207	-322	616	617	149	0	0
2208	-323	619	258	137	0	0
2209	-325	621	246	855	0	0
2210	-326	569	533	211	0	0
2211	-333	2004	633	445	0	0
2212	-335	381	643	157	0	0
2213	-338	646	488	373	0	0
2214	-339	647	650	373	0	0
2215	-341	488	256	1587	0	0
2216	-343	653	256	311	0	0
2217	-344	637	639	376	0	0
2218	-346	650	654	628	0	0
2219	-347	664	660	172	0	0
2220	-348	658	661	93	0	0
2221	-349	382	664	200	0	0
2222	-351	309	691	484	0	0
2223	-352	431	691	338	0	0
2224	-353	693	199	80	0	0
2225	-354	697	670	205	0	0
2226	-355	698	696	593	0	0
2227	-357	699	24	670	0	0
2228	-360	286	696	500	0	0
2229	-361	701	700	244	0	0
2230	-363	574	374	380	0	0
2231	-366	699	702	682	0	0
2232	-367	707	710	123	0	0
2233	-371	436	20	1278	0	0
2234	-374	747	495	893	0	0
2235	-376	643	747	166	0	0
2236	-377	750	752	125	0	0
2237	-379	748	751	1038	0	0
2238	-383	753	752	1129	0	0
2239	-388	754	16	953	0	0
2240	-389	755	754	410	0	0
2241	-390	90	756	578	0	0
2242	-391	757	1732	679	0	0
2243	-394	758	293	410	0	0
2244	-399	164	452	254	0	0
2245	-400	759	164	1057	0	0
2246	-403	763	410	1000	0	0
2247	-404	1691	763	1237	0	0
2248	-405	765	767	86	0	0
2249	-411	384	766	564	0	0
2250	-416	15	19	1087	0	0
2251	-417	550	355	224	0	0
2252	-419	774	289	897	0	0
2253	-426	775	776	1469	0	0
2254	-429	786	790	148	0	0
2255	-430	789	787	129	0	0
2256	-431	787	786	42	0	0
2257	-433	198	802	218	0	0
2258	-434	809	814	130	0	0
2259	-435	821	818	162	0	0
2260	-436	819	827	248	0	0
2261	-437	825	818	105	0	0
2262	-438	825	827	78	0	0
2263	-439	709	681	67	0	0
2264	-440	843	845	227	0	0
2265	-441	849	848	37	0	0
2266	-442	849	766	68	0	0
2267	-452	854	100	54	0	0
2268	-454	859	858	391	0	0
2269	-464	864	862	771	0	0
2270	-465	532	108	382	0	0
2271	-466	867	1923	38	0	0
2272	-467	877	878	76	0	0
2273	-469	1528	889	224	0	0
2274	-478	891	846	1786	0	0
2275	-485	371	133	1515	0	0
2276	-487	424	493	212	0	0
2277	-488	894	111	347	0	0
2278	-490	896	494	196	0	0
2279	-491	494	428	103	0	0
2280	-492	902	80	1188	0	0
2281	-493	903	133	834	0	0
2282	-500	903	904	1419	0	0
2283	-503	903	64	858	0	0
2284	-504	906	909	92	0	0
2285	-505	909	910	199	0	0
2286	-507	481	908	117	0	0
2287	-508	922	921	136	0	0
2288	-509	933	1928	101	0	0
2289	-511	872	306	168	0	0
2290	-514	284	306	433	0	0
2291	-515	177	937	360	0	0
2292	-516	943	596	148	0	0
2293	-517	944	941	144	0	0
2294	-518	959	960	55	0	0
2295	-519	964	967	138	0	0
2296	-520	652	968	158	0	0
2297	-532	982	983	218	0	0
2298	-536	992	306	1569	0	0
2299	-539	1003	2	158	0	0
2300	-540	1004	1375	275	0	0
2301	-541	1444	2	465	0	0
2302	-549	1042	1043	1267	0	0
2303	-550	1042	414	537	0	0
2304	-553	1044	1045	498	0	0
2305	-559	1053	1044	912	0	0
2306	-571	1054	1055	474	0	0
2307	-573	1060	1057	253	0	0
2308	-575	896	1071	306	0	0
2309	-576	1072	212	189	0	0
2310	-577	1079	1075	242	0	0
2311	-578	1082	1079	187	0	0
2312	-579	1085	1087	651	0	0
2313	-580	1085	1088	386	0	0
2314	-581	1085	1638	337	0	0
2315	-587	846	1096	266	0	0
2316	-591	1096	1097	256	0	0
2317	-592	890	1098	229	0	0
2318	-596	1097	888	129	0	0
2319	-601	360	1100	156	0	0
2320	-605	519	752	495	0	0
2321	-606	1117	519	318	0	0
2322	-608	236	531	760	0	0
2323	-610	236	1000	482	0	0
2324	-611	886	694	136	0	0
2325	-612	1037	1140	94	0	0
2326	-613	1139	1618	215	0	0
2327	-614	531	522	65	0	0
2328	-616	1150	983	58	0	0
2329	-617	1152	1154	165	0	0
2330	-618	1156	1153	61	0	0
2331	-619	603	1155	74	0	0
2332	-625	1175	229	844	0	0
2333	-626	361	1007	169	0	0
2334	-627	1183	1185	750	0	0
2335	-629	1190	1187	228	0	0
2336	-630	305	1200	236	0	0
2337	-631	1183	1202	1058	0	0
2338	-632	1224	1222	95	0	0
2339	-636	1238	1242	536	0	0
2340	-641	1237	300	1266	0	0
2341	-643	1234	1097	339	0	0
2342	-645	1240	1239	279	0	0
2343	-648	1247	1249	720	0	0
2344	-652	1250	1116	485	0	0
2345	-653	1259	1250	171	0	0
2346	-654	1261	1263	66	0	0
2347	-656	1267	1263	174	0	0
2348	-657	1288	1295	171	0	0
2349	-658	1289	1296	91	0	0
2350	-660	1308	170	254	0	0
2351	-661	222	1314	151	0	0
2352	-662	1310	1311	176	0	0
2353	-663	1309	1348	155	0	0
2354	-664	99	594	158	0	0
2355	-666	1332	249	115	0	0
2356	-678	1334	526	1163	0	0
2357	-684	1334	1333	2261	0	0
2358	-685	859	247	117	0	0
2359	-687	1353	2079	656	0	0
2360	-688	1355	1358	271	0	0
2361	-691	1366	300	592	0	0
2362	-692	1353	1367	997	0	0
2363	-693	1369	1357	1095	0	0
2364	-696	1373	1376	215	0	0
2365	-700	1377	1356	515	0	0
2366	-702	1356	959	458	0	0
2367	-705	1215	1372	319	0	0
2368	-717	1776	1200	1528	0	0
2369	-718	1394	19	581	0	0
2370	-720	1398	1399	47	0	0
2371	-722	297	1406	218	0	0
2372	-724	1410	1377	513	0	0
2373	-725	1420	1424	166	0	0
2374	-726	1441	1439	159	0	0
2375	-729	1442	720	135	0	0
2376	-731	1439	426	799	0	0
2377	-734	1055	1444	160	0	0
2378	-735	1447	1323	227	0	0
2379	-736	759	1457	842	0	0
2380	-737	1457	10	411	0	0
2381	-739	1717	1458	302	0	0
2382	-741	1461	1464	412	0	0
2383	-743	1003	245	173	0	0
2384	-744	1471	2	279	0	0
2385	-746	1470	1471	19	0	0
2386	-748	1470	110	121	0	0
2387	-753	1402	1058	122	0	0
2388	-754	727	1473	75	0	0
2389	-758	1481	902	788	0	0
2390	-759	1477	1480	213	0	0
2391	-762	629	83	1375	0	0
2392	-764	758	891	913	0	0
2393	-769	1527	1530	70	0	0
2394	-770	1531	1528	137	0	0
2395	-771	1532	1528	226	0	0
2396	-776	1533	1534	2285	0	0
2397	-777	1534	1529	1091	0	0
2398	-780	488	1542	890	0	0
2399	-781	1543	1546	1130	0	0
2400	-782	1540	2067	1058	0	0
2401	-785	1173	1576	73	0	0
2402	-787	1369	437	1551	0	0
2403	-791	2086	1582	533	0	0
2404	-793	1583	2081	872	0	0
2405	-797	1583	1584	659	0	0
2406	-799	1875	1591	901	0	0
2407	-800	1592	835	117	0	0
2408	-802	764	601	276	0	0
2409	-804	1594	1593	545	0	0
2410	-807	1192	988	119	0	0
2411	-819	1625	1627	207	0	0
2412	-820	1626	374	751	0	0
2413	-822	1636	1637	663	0	0
2414	-834	327	1651	409	0	0
2415	-841	1096	1234	386	0	0
2416	-844	1052	1664	194	0	0
2417	-845	755	853	1690	0	0
2418	-847	1670	755	199	0	0
2419	-858	1688	1690	299	0	0
2420	-859	1688	1689	105	0	0
2421	-864	1691	553	862	0	0
2422	-866	1693	1691	1513	0	0
2423	-867	1700	1706	354	0	0
2424	-868	231	1697	200	0	0
2425	-869	1703	1849	443	0	0
2426	-870	1706	1857	180	0	0
2427	-871	1100	1570	169	0	0
2428	-872	722	1716	275	0	0
2429	-873	505	742	858	0	0
2430	-876	1712	1715	425	0	0
2431	-877	561	559	248	0	0
2432	-881	773	561	1410	0	0
2433	-884	453	1740	1103	0	0
2434	-885	1084	1167	68	0	0
2435	-886	42	1748	226	0	0
2436	-890	216	975	1589	0	0
2437	-891	1015	1582	1419	0	0
2438	-898	1524	9	701	0	0
2439	-899	1740	971	542	0	0
2440	-911	975	1763	1587	0	0
2441	-913	1762	633	1614	0	0
2442	-915	356	1570	354	0	0
2443	-918	1767	1766	90	0	0
2444	-919	1042	1764	550	0	0
2445	-921	1768	1464	366	0	0
2446	-924	1464	548	818	0	0
2447	-925	412	1764	539	0	0
2448	-927	505	1769	246	0	0
2449	-929	717	425	533	0	0
2450	-931	110	717	357	0	0
2451	-936	1537	650	1485	0	0
2452	-941	777	1775	75	0	0
2453	-942	1779	1781	583	0	0
2454	-943	1781	775	293	0	0
2455	-944	1783	1786	556	0	0
2456	-945	1785	777	115	0	0
2457	-950	1438	854	815	0	0
2458	-958	1791	554	1113	0	0
2459	-961	554	1693	1434	0	0
2460	-969	753	1249	729	0	0
2461	-971	1808	1810	300	0	0
2462	-973	1396	1818	369	0	0
2463	-974	106	1828	252	0	0
2464	-977	1599	304	650	0	0
2465	-980	1836	2070	1503	0	0
2466	-982	1840	1842	752	0	0
2467	-983	1841	1837	748	0	0
2468	-984	1843	1332	122	0	0
2469	-988	856	574	365	0	0
2470	-989	1055	1845	50	0	0
2471	-991	1202	1082	453	0	0
2472	-993	1082	1847	131	0	0
2473	-997	1847	767	302	0	0
2474	-999	1053	1045	649	0	0
2475	-1001	1846	1053	2116	0	0
2476	-1002	767	379	641	0	0
2477	-1004	854	574	314	0	0
2478	-1005	1800	590	132	0	0
2479	-1006	411	1351	871	0	0
2480	-1009	1011	144	208	0	0
2481	-1011	92	1854	409	0	0
2482	-1014	1213	1251	925	0	0
2483	-1016	1128	835	936	0	0
2484	-1017	1387	1875	493	0	0
2485	-1022	1881	1882	948	0	0
2486	-1026	1885	1881	700	0	0
2487	-1029	756	293	456	0	0
2488	-1031	776	91	152	0	0
2489	-1032	776	1846	184	0	0
2490	-1034	1545	1890	568	0	0
2491	-1036	705	1894	68	0	0
2492	-1040	1894	125	249	0	0
2493	-1042	1486	86	283	0	0
2494	-1043	278	1895	4328	0	0
2495	-1044	1902	1876	358	0	0
2496	-1048	356	1759	1881	0	0
2497	-1049	1759	1456	426	0	0
2498	-1050	1456	758	701	0	0
2499	-1051	1909	2091	517	0	0
2500	-1052	1910	1913	885	0	0
2501	-1054	1928	1925	170	0	0
2502	-1055	1934	1768	318	0	0
2503	-1056	1562	1938	141	0	0
2504	-1057	1943	1944	87	0	0
2505	-1058	362	1708	579	0	0
2506	-1059	1735	1959	142	0	0
2507	-1061	1962	427	409	0	0
2508	-1062	1963	1968	95	0	0
2509	-1063	1964	1966	134	0	0
2510	-1066	1964	426	296	0	0
2511	-1067	782	1309	243	0	0
2512	-1069	297	1051	960	0	0
2513	-1070	1444	1652	424	0	0
2514	-1071	409	614	344	0	0
2515	-1073	503	736	1226	0	0
2516	-1078	282	1099	2960	0	0
2517	-1079	864	282	149	0	0
2518	-1080	864	438	2350	0	0
2519	-1081	438	1377	3383	0	0
2520	-1082	1959	1984	117	0	0
2521	-1085	1053	1777	1246	0	0
2522	-1087	1533	1996	640	0	0
2523	-1090	1994	282	1655	0	0
2524	-1092	1999	406	287	0	0
2525	-1095	2000	1998	889	0	0
2526	-1098	1504	523	158	0	0
2527	-1101	136	1271	126	0	0
2528	-1102	2002	977	425	0	0
2529	-1103	1616	2001	1790	0	0
2530	-1104	1424	1601	184	0	0
2531	-1105	318	450	2188	0	0
2532	-1107	2021	828	287	0	0
2533	-1109	1593	591	966	0	0
2534	-1121	1652	1054	323	0	0
2535	-1122	1003	2039	208	0	0
2536	-1125	1841	699	491	0	0
2537	-1126	1054	457	158	0	0
2538	-1127	1841	1625	752	0	0
2539	-1129	527	457	506	0	0
2540	-1131	2039	261	1084	0	0
2541	-1132	1680	2049	79	0	0
2542	-1137	1175	341	885	0	0
2543	-1138	929	1575	163	0	0
2544	-1141	1884	2071	144	0	0
2545	-1143	2063	1363	1268	0	0
2546	-1144	15	1791	2863	0	0
2547	-1146	961	1802	1075	0	0
2548	-1147	1791	1397	2176	0	0
2549	-1151	1004	1247	1361	0	0
2550	-1155	1585	975	4043	0	0
2551	-1156	2072	1593	1073	0	0
2552	-1157	2080	2092	881	0	0
2553	-1159	1397	19	616	0	0
2554	-1161	2089	2081	834	0	0
2555	-1162	2082	1397	1260	0	0
2556	-1163	2072	449	959	0	0
2557	-1165	2072	751	2397	0	0
2558	-1166	993	284	1615	0	0
2559	-1167	2087	495	1069	0	0
2560	-1169	1956	2090	45	0	0
2561	-1172	2088	2082	319	0	0
2562	-1173	2085	2075	579	0	0
2563	-1174	1681	1761	1356	0	0
2564	-1175	380	747	113	0	0
2565	-1177	1913	2084	676	0	0
2566	-1178	2004	616	935	0	0
2567	-1179	1885	1545	522	0	0
2568	-1180	1583	2089	1294	0	0
2569	-1181	450	2088	2279	0	0
2570	-1192	1792	2098	1	0	0
2571	6592	2098	1793	584	400	4
2572	-1191	1673	2097	1	0	0
2573	5907	2097	1674	252	238	2
2574	-1190	1628	2096	1	0	0
2575	5643	2096	1629	135	94	1
2576	-1186	1792	1793	2	0	0
2577	4913	2095	1459	497	213	2
2578	-1189	1458	2095	1	0	0
2579	-1185	1673	1674	2	0	0
2580	-1188	1112	2094	1	0	0
2581	-740	1458	1459	178	0	0
2582	-1184	1628	1629	2	0	0
2583	3721	2094	1113	715	1326	11
2584	-1183	1112	1113	2	0	0
2585	-1187	272	2093	1	0	0
2586	693	2093	274	355	884	8
2587	-1182	272	274	2	0	0
2588	-1194	1382	203	268	0	0
2589	-1196	992	993	1687	0	0
2590	-1198	100	1952	191	0	0
END
-----------------------------------------
InputUsedToGenerateTheGraph:
County:	Syddjurs
CenterNodeId:	0
Radius:	1000000
HouseTypes:	Summer
NumberOfWasteFractions: 1
IntervalsForWasteFraction:	general	2.33333	3.5	7.0	14.0
-----------------------------------------


