ProblemType:	CARP
NumberNodes:	1193
NumberEdges:	1499
DepotNodeNumber:	438
NumberOfFractions:	1
NumberOfIntervalsForFraction	General_Glass_Metal_Plastic_Organic	1	14
GRAPH
EdgeNumber	EdgeId	StartNodeNumber	EndNodeNumber	Cost	Demand_0	Bins_0
START
0	18	0	1	13	0	0
1	46	4	5	296	0	0
2	49	6	4	13	0	0
3	52	4	7	424	0	0
4	123	12	13	16	0	0
5	158	15	16	664	162	1
6	244	19	20	50	0	0
7	303	28	29	153	324	1
8	305	30	31	11	0	0
9	310	32	33	403	0	0
10	311	33	34	774	324	1
11	334	38	39	426	0	0
12	361	40	30	1108	324	1
13	376	42	43	91	0	0
14	387	44	43	122	0	0
15	389	42	32	147	0	0
16	390	43	32	164	0	0
17	420	45	46	40	0	0
18	428	33	47	68	808	3
19	435	48	49	838	324	1
20	574	54	55	649	162	1
21	767	60	61	286	0	0
22	794	64	65	289	0	0
23	843	70	64	114	0	0
24	885	31	75	300	324	1
25	899	46	76	66	324	1
26	914	77	79	130	0	0
27	1017	82	83	55	0	0
28	1018	82	84	40	162	1
29	1019	85	83	10	0	0
30	1020	85	86	33	162	1
31	1023	87	88	958	162	1
32	1028	90	91	220	0	0
33	1029	92	90	335	0	0
34	1030	92	89	201	0	0
35	1183	69	5	164	0	0
36	1185	5	96	13	0	0
37	1186	96	6	297	0	0
38	1291	99	100	27	0	0
39	1481	101	103	276	0	0
40	1482	103	56	66	0	0
41	1561	105	106	51	0	0
42	1562	106	107	101	323	2
43	1577	109	79	161	0	0
44	1579	109	77	75	0	0
45	1617	111	112	106	0	0
46	1686	114	113	578	0	0
47	1961	122	123	642	162	1
48	2084	130	6	424	0	0
49	2085	96	69	163	0	0
50	2086	7	130	13	0	0
51	2088	131	7	564	0	0
52	2089	132	130	557	0	0
53	2095	133	134	175	0	0
54	2232	131	1	198	0	0
55	2240	0	132	196	0	0
56	2253	73	137	176	0	0
57	2254	137	72	13	0	0
58	2385	136	140	125	0	0
59	2386	140	137	430	0	0
60	2510	140	145	13	0	0
61	2511	145	72	426	0	0
62	2512	145	136	126	0	0
63	2657	146	97	366	0	0
64	2674	147	148	88	0	0
65	2676	149	147	37	0	0
66	2760	150	151	22	0	0
67	2766	152	153	36	0	0
68	2783	153	150	38	0	0
69	3093	155	156	746	0	0
70	3156	135	157	582	324	1
71	3184	125	0	181	0	0
72	3189	132	131	15	0	0
73	3223	160	161	442	162	1
74	3320	165	129	143	324	1
75	3367	166	167	454	162	1
76	3441	170	171	102	646	4
77	3456	172	173	70	162	1
78	3459	175	174	182	162	1
79	3460	176	177	180	0	0
80	3463	177	174	340	809	4
81	3465	143	178	674	0	0
82	3467	179	180	63	162	1
83	3468	179	181	56	162	1
84	3580	61	183	205	0	0
85	3677	188	189	701	0	0
86	3679	190	89	1233	162	1
87	3826	142	191	159	162	1
88	3857	195	196	587	162	1
89	3967	202	144	251	0	0
90	3968	203	152	1106	0	0
91	4026	204	205	22	0	0
92	4119	150	207	375	0	0
93	4382	148	149	96	0	0
94	4448	209	185	65	0	0
95	4591	88	92	792	0	0
96	4596	215	216	232	0	0
97	4795	217	218	291	323	2
98	4932	223	224	945	646	2
99	4950	225	162	158	0	0
100	4951	226	162	66	281	2
101	4952	227	163	50	162	1
102	5027	134	228	42	162	1
103	5044	229	230	176	323	2
104	5135	170	237	70	323	2
105	5137	238	239	117	162	1
106	5138	240	241	322	323	2
107	5144	242	243	66	324	1
108	5152	244	245	73	612	2
109	5228	231	203	29	0	0
110	5229	246	247	27	0	0
111	5231	248	249	1113	281	2
112	5257	250	201	37	0	0
113	5284	252	251	121	0	0
114	5291	231	246	26	0	0
115	5428	256	257	62	0	0
116	5462	259	260	118	0	0
117	5486	261	262	86	324	1
118	5488	263	223	327	0	0
119	5492	13	264	639	162	1
120	5536	160	227	236	0	0
121	5575	267	120	124	0	0
122	5576	147	267	92	0	0
123	5589	268	269	433	2057	13
124	5610	270	263	248	162	1
125	5626	271	222	684	0	0
126	5627	271	229	85	0	0
127	5669	272	273	90	0	0
128	5799	275	276	18	0	0
129	5804	22	277	170	0	0
130	5921	121	278	603	0	0
131	5933	18	279	81	162	1
132	6175	280	281	493	162	1
133	6312	275	277	143	0	0
134	6330	285	286	32	0	0
135	6331	287	288	142	0	0
136	6336	289	284	26	0	0
137	6337	290	286	201	0	0
138	6338	291	26	1890	0	0
139	6339	292	293	40	0	0
140	6340	294	295	329	0	0
141	6345	197	105	530	0	0
142	6346	105	296	9	0	0
143	6350	299	300	147	1377	7
144	6360	301	302	361	162	1
145	6365	303	302	129	162	1
146	6409	304	305	193	0	0
147	6412	306	304	456	0	0
148	6469	308	309	61	323	2
149	6506	310	311	182	162	1
150	6555	313	314	70	323	2
151	6575	172	315	891	0	0
152	6579	316	304	379	0	0
153	6582	168	133	82	0	0
154	6610	144	283	205	0	0
155	6634	35	320	72	162	1
156	6671	322	323	212	323	2
157	6713	324	325	448	2618	2
158	6728	326	327	81	162	1
159	6747	3	179	609	162	1
160	6754	328	39	453	0	0
161	6764	330	244	178	0	0
162	6765	330	331	222	485	3
163	6766	332	331	156	0	0
164	6767	333	332	16	0	0
165	6771	334	335	128	162	1
166	6774	336	333	255	323	2
167	6781	338	339	111	323	2
168	6782	339	315	259	0	0
169	6784	37	307	251	0	0
170	6801	313	340	76	0	0
171	6803	172	169	305	0	0
172	6808	312	190	381	0	0
173	6824	321	342	271	162	1
174	6825	343	344	544	324	1
175	6826	194	344	283	0	0
176	6843	307	345	794	162	1
177	6848	310	285	893	0	0
178	6849	290	285	79	0	0
179	6869	124	156	788	0	0
180	6884	292	287	202	0	0
181	6886	288	346	23	0	0
182	6887	346	293	90	323	2
183	6888	293	347	497	162	1
184	6894	107	348	264	1777	11
185	6895	348	349	87	544	2
186	6896	299	350	154	808	5
187	6897	351	350	71	323	2
188	6898	350	352	111	646	4
189	6899	353	354	185	969	6
190	6900	353	348	58	0	0
191	6901	297	353	64	162	1
192	6902	298	299	262	927	6
193	6924	328	233	414	0	0
194	6925	356	312	155	0	0
195	6943	178	357	444	162	1
196	7082	358	224	583	0	0
197	7225	361	362	20	0	0
198	7226	362	363	20	0	0
199	7227	363	364	19	0	0
200	7228	364	361	14	0	0
201	7234	110	365	17	0	0
202	7235	365	318	33	0	0
203	7238	253	366	16	0	0
204	7284	225	368	217	323	2
205	7296	369	67	255	119	1
206	7318	139	38	63	0	0
207	7403	1	125	179	0	0
208	7411	19	21	127	0	0
209	7439	370	371	24	0	0
210	7452	371	372	62	0	0
211	7453	372	370	24	0	0
212	7485	256	186	69	0	0
213	7486	185	220	283	0	0
214	7488	373	259	22	0	0
215	7508	260	257	294	0	0
216	7572	374	160	416	3035	17
217	7589	375	269	344	2100	13
218	7590	269	376	45	0	0
219	7591	376	377	74	0	0
220	7592	376	378	154	646	4
221	7593	164	377	363	0	0
222	7594	377	217	132	0	0
223	7595	217	225	89	0	0
224	7596	268	375	64	0	0
225	7597	375	164	82	0	0
226	7637	382	159	126	0	0
227	7649	383	158	121	0	0
228	7723	386	387	140	0	0
229	7752	257	373	129	0	0
230	7760	183	60	123	0	0
231	7762	387	220	490	0	0
232	7796	208	11	245	0	0
233	7845	265	388	50	0	0
234	7846	388	389	49	0	0
235	7877	258	387	119	0	0
236	7924	390	391	118	340	1
237	7950	386	392	520	204	1
238	8054	367	394	126	281	2
239	8055	394	374	134	485	3
240	8110	119	267	767	162	1
241	8210	319	395	61	162	1
242	8228	394	396	39	119	1
243	8229	367	309	91	0	0
244	8237	349	397	48	323	2
245	8239	398	399	215	0	0
246	8265	400	222	1237	0	0
247	8359	276	401	123	0	0
248	8369	403	404	82	0	0
249	8432	63	405	53	0	0
250	8481	402	401	55	0	0
251	8482	401	406	6	0	0
252	8483	406	24	60	0	0
253	8605	282	404	134	0	0
254	8611	215	138	54	0	0
255	8614	216	17	138	0	0
256	8949	407	236	710	0	0
257	8953	408	409	130	0	0
258	8958	406	405	132	0	0
259	8959	19	405	7	0	0
260	9020	200	410	392	0	0
261	9160	412	413	45	0	0
262	9162	412	317	685	324	1
263	9187	112	414	154	0	0
264	9205	409	187	2367	0	0
265	9206	415	408	35	162	1
266	9215	193	235	593	0	0
267	9217	416	417	588	162	1
268	9225	329	244	262	0	0
269	9226	418	419	117	162	1
270	9227	329	418	49	0	0
271	9232	420	340	271	927	6
272	9234	337	338	90	0	0
273	9235	315	337	50	0	0
274	9240	316	212	315	0	0
275	9241	212	305	380	0	0
276	9312	328	188	1262	0	0
277	9313	128	359	23	0	0
278	9406	70	204	20	0	0
279	9407	70	65	410	0	0
280	9417	187	232	518	0	0
281	9419	189	356	106	0	0
282	9436	192	424	159	0	0
283	9437	412	425	112	162	1
284	9477	295	322	6	0	0
285	9478	322	426	237	0	0
286	9519	202	427	266	323	2
287	9520	395	240	106	0	0
288	9537	395	409	470	323	2
289	9539	317	407	147	0	0
290	9552	398	426	109	0	0
291	9553	399	195	237	0	0
292	9555	426	195	62	0	0
293	9564	349	170	9	0	0
294	9669	247	203	29	0	0
295	9679	430	407	104	324	1
296	9682	431	424	74	646	4
297	9698	207	204	21	0	0
298	9699	205	207	41	0	0
299	9713	424	248	7	0	0
300	9717	428	313	61	162	1
301	9723	423	205	142	0	0
302	9765	433	432	166	94	1
303	10214	74	221	153	0	0
304	10216	53	118	89	0	0
305	10296	434	385	56	0	0
306	10298	385	219	220	0	0
307	10307	435	434	211	0	0
308	10323	71	265	170	0	0
309	10325	389	266	170	0	0
310	10541	262	436	38	0	0
311	10542	436	259	112	324	1
312	10607	71	266	15	0	0
313	10618	265	389	15	0	0
314	10869	440	441	43	570	2
315	10870	442	441	12	0	0
316	10871	441	443	46	162	1
317	10876	444	445	182	0	0
318	10877	444	446	69	646	4
319	10903	447	448	368	442	3
320	10925	449	450	231	119	1
321	10930	451	452	426	162	1
322	10977	454	455	255	162	1
323	11001	458	459	5	0	0
324	11002	459	460	78	486	2
325	11007	461	462	130	1777	9
326	11008	462	463	268	3070	18
327	11015	448	464	271	680	1
328	11016	464	447	113	647	3
329	11179	472	473	38	0	0
330	11180	471	474	38	0	0
331	11195	473	475	103	162	1
332	11208	473	471	8	0	0
333	11213	442	476	71	808	5
334	11216	477	478	38	646	4
335	11217	479	480	90	1132	6
336	11229	481	482	231	162	1
337	11289	484	485	60	162	1
338	11362	487	488	267	162	1
339	11372	489	486	136	0	0
340	11401	492	493	537	0	0
341	11477	494	495	177	1292	8
342	11478	496	494	85	162	1
343	11479	497	498	144	323	2
344	11480	499	500	215	2423	15
345	11517	501	502	38	0	0
346	11519	491	503	166	0	0
347	11534	504	505	84	0	0
348	11549	506	507	868	0	0
349	11563	508	509	97	162	1
350	11573	512	511	921	0	0
351	11599	487	513	18	162	1
352	11634	516	517	6	0	0
353	11635	517	518	63	323	2
354	11638	519	520	44	0	0
355	11642	521	522	53	0	0
356	11644	523	524	4	0	0
357	11645	524	525	47	162	1
358	11646	526	527	54	0	0
359	11648	528	529	4	0	0
360	11649	529	530	51	162	1
361	11652	531	532	51	162	1
362	11653	532	533	5	0	0
363	11654	534	535	4	0	0
364	11655	535	536	62	485	3
365	11658	537	538	79	0	0
366	11669	539	540	252	0	0
367	11708	543	544	20	0	0
368	11709	544	545	23	0	0
369	11712	546	510	129	0	0
370	11713	547	548	145	0	0
371	11721	550	503	150	0	0
372	11727	554	553	106	0	0
373	11738	439	555	43	0	0
374	11745	556	557	70	0	0
375	11752	504	559	37	0	0
376	11771	562	563	1144	0	0
377	11780	564	492	494	0	0
378	11786	565	461	132	1292	8
379	11788	566	567	45	0	0
380	11789	568	569	149	2261	14
381	11790	570	571	50	0	0
382	11791	571	572	82	162	1
383	11792	573	574	85	1292	8
384	11799	443	575	157	1292	8
385	11800	576	577	86	808	5
386	11801	577	578	77	162	1
387	11802	578	579	70	323	2
388	11805	580	581	39	323	2
389	11823	583	584	76	0	0
390	11824	583	585	432	0	0
391	11833	586	587	637	0	0
392	11834	587	588	909	0	0
393	11838	589	590	879	0	0
394	11844	591	592	326	0	0
395	11846	592	593	332	162	1
396	11853	595	596	578	0	0
397	11877	601	602	1219	0	0
398	11880	604	563	238	0	0
399	11881	605	606	1062	162	1
400	11885	607	608	28	485	3
401	11886	609	605	1069	0	0
402	11887	609	610	328	1293	7
403	11888	611	612	63	485	3
404	11889	611	613	47	0	0
405	11894	509	614	104	969	6
406	11895	525	615	99	485	3
407	11896	616	617	67	1292	8
408	11897	509	618	213	2100	13
409	11900	619	620	24	0	0
410	11901	621	622	111	970	5
411	11902	623	624	337	3070	18
412	11905	625	626	96	808	5
413	11906	627	628	79	323	2
414	11907	628	629	80	323	2
415	11908	627	630	331	3188	20
416	11909	631	627	59	162	1
417	11910	626	631	93	809	4
418	11911	522	527	97	442	3
419	11912	628	632	329	3792	23
420	11913	633	634	102	0	0
421	11914	620	633	48	162	1
422	11915	635	636	266	2746	17
423	11925	638	639	19	162	1
424	11926	640	641	340	0	0
425	11927	443	641	135	646	4
426	11928	642	576	371	0	0
427	11929	643	644	129	646	4
428	11931	645	646	322	0	0
429	11932	647	591	133	0	0
430	11933	648	649	632	162	1
431	11938	651	652	12	162	1
432	11939	653	654	32	323	2
433	11940	655	653	125	1454	9
434	11941	656	657	119	1131	7
435	11942	502	549	12	0	0
436	11952	658	659	18	0	0
437	11953	659	660	126	0	0
438	11954	661	658	72	162	1
439	11967	474	472	50	323	2
440	11968	472	664	15	0	0
441	11969	483	665	136	0	0
442	12002	669	670	54	0	0
443	12012	671	500	78	0	0
444	12070	674	469	125	119	1
445	12071	675	479	66	162	1
446	12072	479	676	38	0	0
447	12082	679	680	77	0	0
448	12086	681	682	698	0	0
449	12110	688	689	183	0	0
450	12130	693	686	52	0	0
451	12139	484	694	42	162	1
452	12145	695	696	703	0	0
453	12155	690	561	703	0	0
454	12161	697	698	853	162	1
455	12193	700	701	67	485	3
456	12194	701	634	5	0	0
457	12195	702	703	96	646	4
458	12196	703	704	5	0	0
459	12197	705	706	57	323	2
460	12198	706	619	4	0	0
461	12199	707	708	59	323	2
462	12200	708	633	4	0	0
463	12201	709	710	5	0	0
464	12202	710	711	47	570	2
465	12203	712	713	6	162	1
466	12208	523	714	6	0	0
467	12209	714	715	34	485	3
468	12210	716	717	6	0	0
469	12211	717	617	32	162	1
470	12214	704	636	35	0	0
471	12218	718	719	4	162	1
472	12321	555	722	275	0	0
473	12352	723	724	870	0	0
474	12362	726	727	137	969	6
475	12363	727	728	5	0	0
476	12364	729	730	28	0	0
477	12366	731	732	5	0	0
478	12367	732	726	117	808	5
479	12368	733	734	41	162	1
480	12369	734	729	6	0	0
481	12370	520	735	40	0	0
482	12372	736	632	61	0	0
483	12374	737	738	51	0	0
484	12376	739	740	128	1131	7
485	12377	740	521	5	0	0
486	12378	660	741	5	0	0
487	12379	741	742	40	162	1
488	12380	743	744	5	0	0
489	12381	744	745	85	765	5
490	12411	670	748	263	0	0
491	12435	749	750	246	119	1
492	12436	750	751	188	0	0
493	12473	601	493	392	0	0
494	12507	646	756	859	0	0
495	12552	758	759	181	2100	13
496	12553	759	760	160	1615	10
497	12570	762	763	600	0	0
498	12575	764	765	253	0	0
499	12584	688	766	82	485	3
500	12585	766	767	82	162	1
501	12608	724	770	37	162	1
502	12635	774	775	132	162	1
503	12764	514	777	313	0	0
504	12770	778	779	24	0	0
505	12771	779	780	106	323	2
506	12772	781	782	100	969	6
507	12790	783	784	24	162	1
508	12791	785	786	34	646	4
509	12798	687	787	86	162	1
510	12853	790	791	123	969	6
511	12854	792	793	23	323	2
512	12860	795	796	136	0	0
513	12868	490	797	93	0	0
514	12898	751	748	850	0	0
515	12899	798	799	67	646	4
516	12900	798	800	99	808	5
517	12902	801	622	90	442	3
518	12903	626	527	336	1411	9
519	12904	629	583	77	162	1
520	12905	632	630	78	485	3
521	12908	802	803	31	485	3
522	12911	655	804	44	808	5
523	12913	593	805	71	0	0
524	12914	806	807	138	1455	6
525	12915	808	613	104	646	4
526	12922	810	811	1560	0	0
527	12926	812	543	24	0	0
528	12927	545	812	18	0	0
529	12930	813	531	311	2984	19
530	12949	816	673	16	0	0
531	12950	673	817	22	0	0
532	12951	817	816	22	0	0
533	12999	772	721	748	0	0
534	13003	762	818	1358	0	0
535	13043	822	684	188	0	0
536	13045	823	822	116	0	0
537	13049	457	824	2602	0	0
538	13057	752	677	607	0	0
539	13072	828	829	97	0	0
540	13073	829	830	116	0	0
541	13076	748	830	102	0	0
542	13098	831	832	1065	0	0
543	13111	595	764	889	0	0
544	13112	596	834	924	0	0
545	13119	678	468	126	0	0
546	13122	755	484	45	162	1
547	13123	496	835	11	0	0
548	13124	835	687	34	0	0
549	13126	836	470	514	0	0
550	13127	668	837	33	0	0
551	13128	837	838	144	0	0
552	13144	839	840	283	0	0
553	13145	840	841	173	0	0
554	13149	553	552	213	0	0
555	13152	840	768	250	0	0
556	13171	820	838	99	0	0
557	13174	686	679	600	0	0
558	13199	796	842	389	0	0
559	13200	796	843	291	0	0
560	13203	844	845	110	0	0
561	13204	560	846	540	0	0
562	13208	690	695	123	0	0
563	13214	685	822	34	0	0
564	13216	624	525	115	1496	8
565	13217	848	849	63	162	1
566	13218	475	850	64	1013	5
567	13219	851	852	60	162	1
568	13220	852	574	81	0	0
569	13222	853	614	125	808	5
570	13223	614	525	137	1411	9
571	13224	615	813	78	970	5
572	13225	854	615	78	809	4
573	13226	813	849	66	323	2
574	13227	855	851	90	808	5
575	13237	846	830	239	0	0
576	13243	856	683	176	0	0
577	13245	696	684	988	0	0
578	13246	696	681	65	0	0
579	13247	681	683	792	0	0
580	13276	829	669	56	0	0
581	13278	530	858	28	0	0
582	13279	858	527	89	0	0
583	13280	522	624	91	1131	7
584	13281	859	707	124	323	2
585	13282	575	860	10	0	0
586	13283	621	702	42	323	2
587	13284	622	726	73	647	3
588	13285	730	518	55	969	6
589	13289	773	861	285	0	0
590	13293	669	828	102	0	0
591	13306	754	562	249	0	0
592	13314	863	507	1005	0	0
593	13334	600	865	551	0	0
594	13336	564	865	146	0	0
595	13337	865	601	237	0	0
596	13338	866	867	445	0	0
597	13339	868	866	31	0	0
598	13341	866	869	544	0	0
599	13342	869	602	153	0	0
600	13343	602	870	1475	0	0
601	13346	603	605	22	0	0
602	13348	871	781	62	646	4
603	13352	872	873	616	0	0
604	13355	776	874	1486	0	0
605	13385	625	623	102	765	5
606	13386	875	876	54	485	3
607	13387	877	878	66	0	0
608	13395	768	879	140	0	0
609	13403	841	879	274	0	0
610	13469	852	880	65	680	5
611	13493	857	554	462	0	0
612	13502	881	882	201	1616	9
613	13510	576	883	39	162	1
614	13511	577	801	274	1131	7
615	13512	702	700	109	0	0
616	13513	700	707	100	0	0
617	13514	707	705	73	0	0
618	13516	884	885	35	646	4
619	13517	886	887	30	646	4
620	13518	888	889	37	485	3
621	13519	890	891	37	323	2
622	13520	575	859	94	646	4
623	13521	892	893	32	323	2
624	13523	733	894	30	731	3
625	13524	895	774	107	162	1
626	13526	625	884	71	323	2
627	13527	884	886	65	485	3
628	13528	886	888	66	323	2
629	13529	888	890	66	323	2
630	13530	890	522	73	162	1
631	13531	892	858	126	970	5
632	13532	705	632	96	0	0
633	13533	630	530	31	0	0
634	13551	896	897	37	162	1
635	13552	897	898	92	323	2
636	13553	899	897	25	323	2
637	13556	861	645	163	0	0
638	13557	645	773	130	0	0
639	13574	900	901	76	808	5
640	13576	581	902	31	323	2
641	13577	903	904	77	808	5
642	13578	905	906	69	646	4
643	13579	877	907	66	927	6
644	13580	908	909	82	969	6
645	13581	910	911	81	969	6
646	13582	912	913	69	808	5
647	13583	914	792	89	808	5
648	13584	915	916	80	323	2
649	13585	917	918	32	647	3
650	13586	919	920	29	646	4
651	13587	921	922	28	485	3
652	13588	923	643	43	0	0
653	13589	924	925	35	646	4
654	13590	926	927	31	485	3
655	13591	875	928	36	485	3
656	13592	876	929	36	162	1
657	13593	930	931	58	485	3
658	13596	932	933	29	323	2
659	13597	934	935	84	1131	7
660	13598	878	936	78	1012	6
661	13599	878	917	29	0	0
662	13600	919	937	34	0	0
663	13601	802	926	27	162	1
664	13602	921	938	72	646	4
665	13603	939	940	97	485	3
666	13606	941	876	67	0	0
667	13607	699	942	300	0	0
668	13608	942	943	201	0	0
669	13620	847	500	84	0	0
670	13622	680	495	74	323	2
671	13624	683	944	1025	0	0
672	13662	946	947	95	162	1
673	13663	495	948	106	323	2
674	13668	949	950	77	162	1
675	13708	952	953	34	323	2
676	13709	954	955	53	323	2
677	13710	956	957	44	969	6
678	13711	958	959	36	485	3
679	13712	960	961	38	646	4
680	13713	962	963	39	646	4
681	13714	964	965	39	646	4
682	13715	966	967	31	162	1
683	13716	968	969	141	1938	10
684	13718	970	971	24	646	4
685	13719	972	973	40	647	3
686	13720	651	477	37	0	0
687	13721	974	975	23	646	4
688	13747	578	977	80	809	4
689	13748	579	978	94	323	2
690	13749	979	584	78	646	4
691	13750	737	980	44	808	5
692	13776	756	981	223	162	1
693	13777	913	982	26	323	2
694	13779	916	983	23	647	3
695	13781	984	985	81	485	3
696	13782	985	986	106	808	5
697	13783	987	985	83	646	4
698	13785	644	988	21	485	3
699	13805	989	947	29	646	4
700	13848	592	990	185	162	1
701	13854	991	647	346	162	1
702	13873	654	994	20	485	3
703	13983	689	693	258	0	0
704	13999	665	666	36	0	0
705	14000	612	996	15	0	0
706	14001	996	997	98	646	4
707	14002	998	808	22	324	1
708	14003	676	999	88	162	1
709	14004	999	461	70	323	2
710	14050	825	1000	236	1310	1
711	14052	1001	1002	106	969	6
712	14053	570	1003	26	162	1
713	14054	1003	1004	83	485	3
714	14056	1005	852	49	162	1
715	14057	1006	620	11	0	0
716	14068	809	557	370	0	0
717	14095	594	1008	675	0	0
718	14109	617	1009	39	1132	6
719	14110	715	1010	26	527	3
720	14111	1006	635	13	0	0
721	14112	1011	1003	68	323	2
722	14113	604	452	235	0	0
723	14116	1012	1013	128	927	6
724	14117	1014	1001	63	485	3
725	14118	862	1015	45	485	3
726	14119	1005	1016	31	323	2
727	14121	1006	1017	70	485	3
728	14141	1018	1019	111	970	5
729	14144	845	843	341	0	0
730	14150	1020	661	126	0	0
731	14151	1020	448	208	0	0
732	14159	1021	1022	113	162	1
733	14161	1023	1024	58	162	1
734	14173	1025	1021	94	162	1
735	14187	1026	1027	173	162	1
736	14188	1027	1025	25	0	0
737	14207	650	1026	409	0	0
738	14212	1028	832	213	0	0
739	14250	660	458	25	0	0
740	14251	458	743	44	162	1
741	14255	1030	895	91	162	1
742	14257	585	1031	604	0	0
743	14296	463	881	152	1455	8
744	14300	1032	1033	164	808	5
745	14301	1033	1034	152	323	2
746	14306	587	992	555	0	0
747	14308	1035	1029	470	0	0
748	14311	1029	945	263	0	0
749	14314	1036	758	95	808	5
750	14327	1033	1037	41	162	1
751	14328	1037	1038	26	0	0
752	14329	1038	1039	87	485	3
753	14330	1038	1040	99	1131	7
754	14342	993	991	190	0	0
755	14355	777	1041	375	162	1
756	14356	1041	814	125	0	0
757	14359	1042	1008	943	0	0
758	14360	1042	590	109	0	0
759	14375	747	691	35	0	0
760	14376	691	1043	43	0	0
761	14396	1044	1045	109	0	0
762	14416	757	1041	447	0	0
763	14417	757	450	941	0	0
764	14421	814	648	89	0	0
765	14423	594	833	907	0	0
766	14431	1046	1047	54	0	0
767	14432	1047	1048	56	323	2
768	14433	1049	1050	164	2423	15
769	14434	1050	1051	122	1777	11
770	14435	1052	1053	154	1896	12
771	14436	1053	1054	103	1454	9
772	14437	1055	1046	141	1938	12
773	14438	1046	1056	94	1777	11
774	14439	569	1047	129	1777	11
775	14440	1057	1058	59	1132	6
776	14441	1059	781	15	0	0
777	14442	781	798	63	162	1
778	14443	1060	606	213	2585	15
779	14444	1061	1062	156	2262	13
780	14445	1062	1063	56	485	3
781	14446	1064	1065	138	1454	9
782	14447	1065	881	83	323	2
783	14449	515	1007	1189	0	0
784	14450	1007	944	34	0	0
785	14457	510	548	79	0	0
786	14460	547	546	76	0	0
787	14493	1066	1067	36	323	2
788	14494	875	1068	55	162	1
789	14495	1068	1066	55	646	4
790	14496	1066	1069	65	646	4
791	14497	1069	1070	128	808	5
792	14498	1071	1072	76	646	4
793	14499	1073	1074	33	485	3
794	14500	1073	932	76	485	3
795	14502	1075	1076	91	808	5
796	14503	1077	1078	15	1131	7
797	14504	1079	1080	43	323	2
798	14509	537	1081	954	485	3
799	14510	1081	1082	194	808	5
800	14511	1081	1083	84	0	0
801	14512	1083	1084	14	0	0
802	14513	1084	1085	62	0	0
803	14514	1085	1086	12	0	0
804	14515	1086	1087	50	0	0
805	14516	1087	1088	25	0	0
806	14517	1049	1052	47	0	0
807	14518	1052	1077	27	0	0
808	14519	1077	1055	26	0	0
809	14520	569	1089	60	0	0
810	14521	1089	1090	35	0	0
811	14522	1090	1091	27	0	0
812	14523	1091	573	59	0	0
813	14524	573	1092	11	0	0
814	14525	1092	880	71	0	0
815	14526	880	475	24	0	0
816	14527	1083	571	268	2950	18
817	14528	1093	1084	100	646	4
818	14529	1086	1088	285	2703	17
819	14530	1049	1078	298	2100	13
820	14531	1094	1090	147	2424	14
821	14532	1085	1095	227	2584	16
822	14533	1087	1096	69	323	2
823	14534	1096	1079	64	646	4
824	14535	1079	1075	74	808	5
825	14536	1096	1097	105	485	3
826	14537	968	1097	59	1131	5
827	14538	1097	966	68	646	4
828	14539	1098	638	93	646	4
829	14540	778	570	51	0	0
830	14541	572	1095	22	162	1
831	14542	1075	1098	126	808	5
832	14543	1098	1050	71	323	2
833	14544	1050	1053	41	0	0
834	14545	1053	1046	51	162	1
835	14554	1047	1099	103	1293	7
836	14555	1089	1048	115	1454	9
837	14556	1048	1100	14	0	0
838	14557	1100	1101	111	969	6
839	14558	1091	1102	99	1132	6
840	14559	1102	1103	104	1293	7
841	14560	574	1104	98	1454	9
842	14561	743	533	44	0	0
843	14562	718	716	232	0	0
844	14563	716	523	104	162	1
845	14564	523	738	100	0	0
846	14565	738	521	104	0	0
847	14566	521	709	66	0	0
848	14567	709	526	32	0	0
849	14568	526	712	85	0	0
850	14569	528	736	109	485	3
851	14570	736	619	97	0	0
852	14571	634	704	123	0	0
853	14572	704	728	51	162	1
854	14573	728	731	78	485	3
855	14574	731	729	60	162	1
856	14575	729	735	65	323	2
857	14576	735	516	18	0	0
858	14579	1045	567	72	0	0
859	14580	567	665	29	0	0
860	14593	1100	1102	55	162	1
861	14594	1102	574	61	162	1
862	14604	968	1049	72	162	1
863	14607	606	1013	9	0	0
864	14608	1013	1063	61	162	1
865	14609	1063	1057	29	0	0
866	14610	1057	1105	125	969	6
867	14615	874	873	1353	0	0
868	14618	542	506	14	0	0
869	14621	541	544	49	0	0
870	14647	870	537	251	0	0
871	14650	1106	1107	162	969	6
872	14651	1106	1108	105	808	5
873	14652	1109	608	228	2355	13
874	14653	609	1109	198	162	1
875	14654	1109	1110	41	323	2
876	14657	1111	1112	102	927	6
877	14658	1113	1111	64	646	4
878	14664	1114	1115	69	1132	6
879	14665	1115	1116	101	927	6
880	14666	675	1117	99	1292	8
881	14667	610	676	82	162	1
882	14668	1110	1118	59	162	1
883	14669	1118	1119	104	647	3
884	14670	1059	1111	48	809	4
885	14671	1111	1115	65	324	1
886	14672	1115	675	66	0	0
887	14673	676	1120	123	809	4
888	14674	881	1105	76	970	5
889	14675	1105	1012	290	2261	14
890	14676	1121	1120	50	323	2
891	14677	1120	1122	57	485	3
892	14678	1122	565	67	485	3
893	14679	565	975	87	162	1
894	14680	1122	1123	58	970	5
895	14681	1124	1125	208	1616	9
896	14682	1126	1127	215	3070	18
897	14683	997	954	69	689	4
898	14684	997	952	32	0	0
899	14685	1002	1126	71	485	3
900	14686	1126	1124	58	647	3
901	14687	1124	1121	99	1132	6
902	14688	1121	1119	27	162	1
903	14689	1119	610	92	485	3
904	14690	1001	1118	254	1292	8
905	14764	559	550	15	0	0
906	14767	558	720	63	0	0
907	14768	720	539	84	0	0
908	14793	1128	1129	128	485	3
909	14794	1130	1131	21	646	4
910	14795	976	1132	169	162	1
911	14847	771	1133	209	162	1
912	14848	1133	772	105	0	0
913	14872	612	1135	125	486	2
914	14883	764	596	952	0	0
915	14885	1065	1062	97	646	4
916	14893	667	585	10	0	0
917	14896	1012	1136	33	485	3
918	14899	843	842	259	0	0
919	14900	844	843	236	0	0
920	14907	1001	608	108	485	3
921	14908	467	540	11	0	0
922	14909	1088	968	73	162	1
923	14910	1055	569	52	0	0
924	14911	1095	1075	86	162	1
925	14915	849	509	127	485	3
926	14920	481	1137	146	0	0
927	14921	1137	1032	130	323	2
928	14932	1134	1138	506	162	1
929	14960	1139	1134	242	323	2
930	15003	1108	956	125	969	6
931	15004	956	1140	163	1777	11
932	15005	1140	653	39	0	0
933	15006	1141	1140	41	808	5
934	15007	972	778	105	1292	8
935	15008	655	972	61	485	3
936	15009	960	1082	84	323	2
937	15012	697	831	78	0	0
938	15020	1082	778	107	969	6
939	15026	788	818	1290	0	0
940	15030	1142	1143	108	162	1
941	15031	671	947	237	323	2
942	15032	1129	1130	67	485	3
943	15033	1128	1144	43	485	3
944	15039	1145	806	47	485	3
945	15046	664	1146	53	323	2
946	15055	1069	1147	40	162	1
947	15056	1148	1149	53	323	2
948	15057	1150	1151	28	323	2
949	15058	937	1152	36	162	1
950	15059	876	1153	33	323	2
951	15065	1142	496	57	0	0
952	15074	672	685	802	0	0
953	15078	1132	847	28	0	0
954	15079	1132	1128	104	646	4
955	15096	572	806	49	162	1
956	15098	664	851	36	162	1
957	15100	667	640	60	0	0
958	15101	640	642	72	0	0
959	15103	712	528	31	0	0
960	15104	860	785	31	0	0
961	15105	860	1154	58	323	2
962	15108	917	1150	42	323	2
963	15109	1150	919	29	162	1
964	15110	937	1155	36	162	1
965	15111	1156	1155	31	561	3
966	15112	1155	802	29	0	0
967	15113	1157	1158	27	162	1
968	15114	1159	1160	28	485	3
969	15115	926	1157	42	162	1
970	15116	1157	1159	35	162	1
971	15117	1161	1162	38	281	2
972	15118	1163	1164	36	646	4
973	15119	1161	1164	57	323	2
974	15120	1164	1165	56	162	1
975	15121	1166	1165	37	646	4
976	15122	1165	924	59	323	2
977	15123	1148	930	70	162	1
978	15124	1068	1167	36	323	2
979	15136	1037	1168	243	1862	10
980	15143	1169	1170	153	162	1
981	15169	815	1171	79	366	2
982	15191	758	1172	109	1131	7
983	15192	1172	760	295	3349	21
984	15193	760	1173	53	323	2
985	15194	1173	761	33	162	1
986	15200	650	1174	432	162	1
987	15203	1025	1175	85	323	2
988	15211	1176	1177	168	204	1
989	15223	694	680	99	0	0
990	15236	1043	753	47	0	0
991	15241	678	674	163	162	1
992	15246	680	949	63	0	0
993	15247	949	1142	90	0	0
994	15255	497	1178	21	570	2
995	15263	952	1002	7	0	0
996	15264	954	651	50	162	1
997	15269	962	960	56	0	0
998	15270	1107	964	47	162	1
999	15271	964	962	56	0	0
1000	15272	1108	958	111	969	6
1001	15273	958	1107	156	1292	8
1002	15274	966	1098	54	646	4
1003	15275	971	1092	126	1131	7
1004	15276	533	534	43	0	0
1005	15277	739	737	20	162	1
1006	15278	631	1179	71	162	1
1007	15279	1179	1180	69	485	3
1008	15280	1179	1181	31	162	1
1009	15281	1180	892	68	485	3
1010	15282	1180	1182	31	162	1
1011	15283	629	979	70	647	3
1012	15284	979	705	258	3026	19
1013	15285	584	859	136	485	3
1014	15286	1154	700	64	808	5
1015	15287	1154	1183	35	646	4
1016	15288	579	1184	39	162	1
1017	15289	1184	621	77	485	3
1018	15290	1184	1185	34	646	4
1019	15291	896	520	68	0	0
1020	15293	516	519	27	323	2
1021	15294	519	864	486	1131	7
1022	15298	663	1031	139	0	0
1023	15300	666	538	8	0	0
1024	15303	1159	1186	36	162	1
1025	15304	1186	921	34	0	0
1026	15305	1186	1187	26	323	2
1027	15306	984	783	84	808	5
1028	15307	790	984	73	323	2
1029	15316	1188	1073	14	162	1
1030	15391	733	657	196	1777	11
1031	15399	588	1023	755	162	1
1032	15402	1018	1168	92	162	1
1033	15403	991	454	57	0	0
1034	15411	780	1189	71	323	2
1035	15412	1189	611	319	0	0
1036	15414	719	1190	139	1454	9
1037	15444	943	1161	69	162	1
1038	15445	924	1070	67	485	3
1039	15446	1070	923	39	323	2
1040	15447	923	1071	84	646	4
1041	15453	580	901	50	162	1
1042	15454	901	904	70	323	2
1043	15455	904	905	70	323	2
1044	15456	905	934	70	0	0
1045	15457	934	942	40	0	0
1046	15458	942	908	37	323	2
1047	15459	908	910	77	0	0
1048	15460	910	915	87	162	1
1049	15461	877	943	26	0	0
1050	15462	915	914	92	0	0
1051	15463	914	912	77	0	0
1052	15464	790	878	69	0	0
1053	15465	943	1148	42	0	0
1054	15466	930	941	21	162	1
1055	15467	941	1191	119	646	4
1056	15468	932	581	74	646	4
1057	15469	580	939	124	646	4
1058	15470	939	1191	84	808	5
1059	15471	1191	1192	350	3350	20
1060	-8	192	2	1385	0	0
1061	-17	8	9	752	0	0
1062	-21	10	125	603	0	0
1063	-22	11	15	355	0	0
1064	-23	14	382	1470	0	0
1065	-52	25	116	168	0	0
1066	-75	48	45	923	0	0
1067	-76	41	42	125	0	0
1068	-77	34	45	290	0	0
1069	-79	28	44	593	0	0
1070	-89	50	58	906	0	0
1071	-100	52	54	726	0	0
1072	-119	273	254	373	0	0
1073	-120	62	273	560	0	0
1074	-121	63	24	93	0	0
1075	-142	251	284	1233	0	0
1076	-144	68	59	512	0	0
1077	-159	77	78	484	0	0
1078	-162	40	41	1994	0	0
1079	-184	89	90	256	0	0
1080	-215	214	22	190	0	0
1081	-251	104	101	198	0	0
1082	-265	167	108	1610	0	0
1083	-270	360	57	2786	0	0
1084	-271	79	57	1215	0	0
1085	-295	116	194	357	0	0
1086	-297	301	117	420	0	0
1087	-307	421	201	220	0	0
1088	-315	142	141	834	0	0
1089	-319	83	80	468	0	0
1090	-320	80	81	1397	0	0
1091	-324	119	118	565	0	0
1092	-326	51	120	2677	0	0
1093	-329	221	149	1746	0	0
1094	-340	72	71	824	0	0
1095	-342	127	67	1419	0	0
1096	-348	38	128	562	0	0
1097	-353	136	10	302	0	0
1098	-355	246	139	2324	0	0
1099	-362	56	114	1151	0	0
1100	-363	113	56	1036	0	0
1101	-366	115	91	4792	0	0
1102	-369	89	68	1950	0	0
1103	-379	138	17	269	0	0
1104	-380	139	233	443	0	0
1105	-384	102	433	784	0	0
1106	-388	144	26	487	0	0
1107	-411	317	151	878	0	0
1108	-412	27	200	552	0	0
1109	-413	152	151	50	0	0
1110	-437	113	184	1203	0	0
1111	-441	14	123	377	0	0
1112	-445	158	159	276	0	0
1113	-451	131	384	402	0	0
1114	-460	162	163	381	0	0
1115	-461	164	122	431	0	0
1116	-464	44	41	108	0	0
1117	-484	97	148	2038	0	0
1118	-487	94	198	1246	0	0
1119	-490	168	206	670	0	0
1120	-492	169	176	886	0	0
1121	-493	174	169	726	0	0
1122	-514	185	186	124	0	0
1123	-544	117	324	889	0	0
1124	-546	192	193	809	0	0
1125	-552	197	196	1008	0	0
1126	-569	39	126	1238	0	0
1127	-570	182	0	693	0	0
1128	-579	206	234	578	0	0
1129	-580	206	236	365	0	0
1130	-600	95	371	2479	0	0
1131	-635	213	356	2712	0	0
1132	-637	429	78	449	0	0
1133	-641	214	275	202	0	0
1134	-658	183	220	489	0	0
1135	-671	50	129	1055	0	0
1136	-674	388	12	713	0	0
1137	-678	114	115	1156	0	0
1138	-681	53	74	838	0	0
1139	-697	359	210	3404	0	0
1140	-698	154	25	836	0	0
1141	-700	233	232	977	0	0
1142	-701	3	416	390	0	0
1143	-702	235	3	1271	0	0
1144	-703	235	2	114	0	0
1145	-715	66	154	216	0	0
1146	-717	133	37	1453	0	0
1147	-719	251	69	2441	0	0
1148	-727	221	146	1722	0	0
1149	-729	435	400	521	0	0
1150	-732	186	373	197	0	0
1151	-739	223	141	740	0	0
1152	-741	53	54	3446	0	0
1153	-749	118	51	2667	0	0
1154	-750	158	58	4046	0	0
1155	-758	272	60	1185	0	0
1156	-773	18	274	378	0	0
1157	-796	23	121	1683	0	0
1158	-840	286	108	527	0	0
1159	-841	297	287	1325	0	0
1160	-842	298	107	121	0	0
1161	-844	302	117	263	0	0
1162	-845	25	294	878	0	0
1163	-850	154	399	1249	0	0
1164	-852	197	66	1838	0	0
1165	-854	306	305	549	0	0
1166	-855	306	94	1866	0	0
1167	-857	307	319	284	0	0
1168	-859	168	212	992	0	0
1169	-861	124	9	1463	0	0
1170	-865	238	193	820	0	0
1171	-868	318	366	151	0	0
1172	-873	234	236	754	0	0
1173	-876	321	8	453	0	0
1174	-878	242	94	1172	0	0
1175	-880	26	290	2787	0	0
1176	-882	155	8	1101	0	0
1177	-886	127	108	3255	0	0
1178	-887	197	36	5241	0	0
1179	-888	329	336	693	0	0
1180	-889	334	332	763	0	0
1181	-890	334	143	620	0	0
1182	-891	337	2	182	0	0
1183	-892	339	428	1211	0	0
1184	-893	289	67	368	0	0
1185	-895	341	326	110	0	0
1186	-896	341	296	1146	0	0
1187	-898	295	398	154	0	0
1188	-901	343	294	474	0	0
1189	-903	341	288	2059	0	0
1190	-904	343	303	1106	0	0
1191	-905	303	194	1011	0	0
1192	-906	39	128	618	0	0
1193	-907	355	124	2514	0	0
1194	-908	143	9	1211	0	0
1195	-909	231	210	918	0	0
1196	-916	278	360	1187	0	0
1197	-926	66	27	341	0	0
1198	-933	361	201	126	0	0
1199	-934	365	250	148	0	0
1200	-935	318	110	50	0	0
1201	-936	367	284	417	0	0
1202	-937	247	187	2179	0	0
1203	-939	88	78	1372	0	0
1204	-941	206	316	1189	0	0
1205	-943	14	49	1373	0	0
1206	-944	59	252	2572	0	0
1207	-947	37	93	2355	0	0
1208	-962	260	95	433	0	0
1209	-963	358	209	214	0	0
1210	-971	379	434	357	0	0
1211	-976	255	380	449	0	0
1212	-977	381	208	2270	0	0
1213	-985	58	381	2663	0	0
1214	-987	384	385	140	0	0
1215	-993	393	271	273	0	0
1216	-995	1	219	635	0	0
1217	-1000	115	184	738	0	0
1218	-1001	258	256	756	0	0
1219	-1003	10	74	4044	0	0
1220	-1008	146	72	3743	0	0
1221	-1012	184	258	670	0	0
1222	-1013	391	95	368	0	0
1223	-1014	62	254	465	0	0
1224	-1015	62	270	487	0	0
1225	-1016	208	380	1013	0	0
1226	-1018	50	52	5483	0	0
1227	-1022	159	381	2881	0	0
1228	-1023	383	382	280	0	0
1229	-1028	52	381	3974	0	0
1230	-1029	135	383	1594	0	0
1231	-1031	255	161	2556	0	0
1232	-1032	68	312	2554	0	0
1233	-1037	292	347	406	0	0
1234	-1039	310	291	885	0	0
1235	-1041	252	126	1253	0	0
1236	-1044	379	393	813	0	0
1237	-1046	255	400	978	0	0
1238	-1047	24	277	156	0	0
1239	-1048	276	402	102	0	0
1240	-1049	402	20	145	0	0
1241	-1050	20	21	20	0	0
1242	-1051	12	115	1414	0	0
1243	-1054	101	404	3132	0	0
1244	-1056	216	98	2466	0	0
1245	-1061	215	63	3581	0	0
1246	-1063	278	21	850	0	0
1247	-1067	282	403	78	0	0
1248	-1068	282	17	2324	0	0
1249	-1073	214	23	194	0	0
1250	-1074	138	274	2689	0	0
1251	-1075	249	253	129	0	0
1252	-1076	156	200	303	0	0
1253	-1078	23	281	4975	0	0
1254	-1079	274	22	2523	0	0
1255	-1080	280	18	8734	0	0
1256	-1081	121	198	4784	0	0
1257	-1085	411	64	477	0	0
1258	-1087	366	364	146	0	0
1259	-1088	112	363	219	0	0
1260	-1097	35	111	753	0	0
1261	-1098	414	413	648	0	0
1262	-1101	234	417	365	0	0
1263	-1102	27	410	675	0	0
1264	-1105	355	410	1399	0	0
1265	-1106	355	36	1592	0	0
1266	-1110	411	199	330	0	0
1267	-1111	411	210	709	0	0
1268	-1114	127	359	744	0	0
1269	-1116	422	421	316	0	0
1270	-1117	422	423	586	0	0
1271	-1120	283	250	1814	0	0
1272	-1121	421	362	297	0	0
1273	-1124	283	199	1152	0	0
1274	-1125	199	422	774	0	0
1275	-1126	36	110	649	0	0
1276	-1127	65	153	181	0	0
1277	-1128	423	35	355	0	0
1278	-1129	176	248	279	0	0
1279	-1131	289	167	1096	0	0
1280	-1132	347	291	834	0	0
1281	-1133	296	297	279	0	0
1282	-1134	126	189	2598	0	0
1283	-1135	232	188	1177	0	0
1284	-1136	94	37	3801	0	0
1285	-1137	87	100	753	0	0
1286	-1138	413	111	492	0	0
1287	-1139	253	414	284	0	0
1288	-1142	109	213	211	0	0
1289	-1144	87	429	1130	0	0
1290	-1145	81	403	8842	0	0
1291	-1148	211	93	280	0	0
1292	-1150	213	211	2397	0	0
1293	-1151	98	99	1510	0	0
1294	-1153	100	104	3927	0	0
1295	-1154	80	432	2759	0	0
1296	-1155	81	102	1196	0	0
1297	-1158	372	102	350	0	0
1298	-1162	91	104	4068	0	0
1299	-1164	98	57	1440	0	0
1300	-1165	211	360	3259	0	0
1301	-1168	93	198	3183	0	0
1302	-1173	103	370	4724	0	0
1303	-1174	429	99	1104	0	0
1304	-1176	219	379	246	0	0
1305	-1178	435	384	154	0	0
1306	-1180	97	272	1835	0	0
1307	-1183	120	141	6039	0	0
1308	-1185	10	393	2310	0	0
1309	-1186	358	262	136	0	0
1310	-1187	437	358	377	0	0
1311	-1190	437	254	597	0	0
1312	-1191	437	209	198	0	0
1313	-1192	61	266	765	0	0
1314	-1193	438	73	308	0	0
1315	-1194	265	73	773	0	0
1316	-1195	11	222	605	0	0
1317	-1197	140	182	1332	0	0
1318	-1198	380	123	3123	0	0
1319	-1215	831	456	675	0	0
1320	-1223	465	505	189	0	0
1321	-1236	468	837	90	0	0
1322	-1237	469	470	477	0	0
1323	-1240	471	659	54	0	0
1324	-1245	456	1028	1383	0	0
1325	-1246	482	1018	328	0	0
1326	-1248	483	666	162	0	0
1327	-1260	491	465	125	0	0
1328	-1263	543	510	315	0	0
1329	-1264	511	812	1273	0	0
1330	-1268	514	488	245	0	0
1331	-1273	506	863	834	0	0
1332	-1274	542	721	2169	0	0
1333	-1280	504	540	226	0	0
1334	-1281	505	467	257	0	0
1335	-1286	862	563	436	0	0
1336	-1298	763	1043	193	0	0
1337	-1307	597	836	251	0	0
1338	-1308	561	834	1383	0	0
1339	-1309	598	836	879	0	0
1340	-1310	598	685	815	0	0
1341	-1312	637	846	1652	0	0
1342	-1317	749	599	1243	0	0
1343	-1319	603	604	801	0	0
1344	-1322	625	1031	598	0	0
1345	-1325	662	663	1066	0	0
1346	-1329	483	1020	866	0	0
1347	-1331	667	662	1021	0	0
1348	-1332	668	820	162	0	0
1349	-1341	439	489	370	0	0
1350	-1353	847	672	428	0	0
1351	-1354	684	695	997	0	0
1352	-1357	687	688	143	0	0
1353	-1358	820	686	651	0	0
1354	-1359	690	598	1321	0	0
1355	-1363	582	558	322	0	0
1356	-1367	720	582	334	0	0
1357	-1369	550	465	182	0	0
1358	-1372	725	857	574	0	0
1359	-1376	757	805	608	0	0
1360	-1381	747	753	94	0	0
1361	-1382	777	1023	1295	0	0
1362	-1393	752	754	579	0	0
1363	-1395	993	650	1316	0	0
1364	-1398	456	649	876	0	0
1365	-1399	493	870	1643	0	0
1366	-1403	466	551	167	0	0
1367	-1409	725	723	459	0	0
1368	-1411	453	723	2510	0	0
1369	-1414	557	1008	1183	0	0
1370	-1419	761	1134	2993	0	0
1371	-1421	765	818	324	0	0
1372	-1423	672	686	524	0	0
1373	-1427	769	453	649	0	0
1374	-1436	773	771	1221	0	0
1375	-1437	775	896	284	0	0
1376	-1447	765	1176	588	0	0
1377	-1450	637	595	1583	0	0
1378	-1452	827	856	998	0	0
1379	-1458	832	821	2747	0	0
1380	-1460	556	833	1040	0	0
1381	-1463	1035	945	226	0	0
1382	-1465	809	788	1451	0	0
1383	-1473	722	445	353	0	0
1384	-1474	445	552	333	0	0
1385	-1478	545	599	2018	0	0
1386	-1479	995	541	656	0	0
1387	-1480	814	586	173	0	0
1388	-1486	816	555	224	0	0
1389	-1492	721	789	1732	0	0
1390	-1493	819	1176	667	0	0
1391	-1497	820	679	90	0	0
1392	-1500	821	951	680	0	0
1393	-1505	457	826	1642	0	0
1394	-1507	823	677	1068	0	0
1395	-1508	825	677	1208	0	0
1396	-1510	863	826	1002	0	0
1397	-1522	468	838	181	0	0
1398	-1523	689	497	261	0	0
1399	-1525	824	832	1108	0	0
1400	-1527	554	841	377	0	0
1401	-1529	551	797	303	0	0
1402	-1532	693	835	463	0	0
1403	-1535	844	637	1217	0	0
1404	-1536	637	561	1796	0	0
1405	-1552	752	682	275	0	0
1406	-1553	754	677	712	0	0
1407	-1558	872	794	365	0	0
1408	-1561	490	501	667	0	0
1409	-1564	879	466	316	0	0
1410	-1566	51	794	2765	0	0
1411	-1568	839	646	1834	0	0
1412	-1570	857	839	826	0	0
1413	-1571	824	826	2845	0	0
1414	-1573	827	944	887	0	0
1415	-1578	809	691	2429	0	0
1416	-1580	747	1042	2607	0	0
1417	-1582	788	842	1984	0	0
1418	-1583	951	556	756	0	0
1419	-1584	811	833	1175	0	0
1420	-1586	823	976	1031	0	0
1421	-1587	868	562	427	0	0
1422	-1588	600	868	1572	0	0
1423	-1589	515	564	1327	0	0
1424	-1592	1029	763	1135	0	0
1425	-1595	762	788	907	0	0
1426	-1596	810	589	1198	0	0
1427	-1597	992	810	1149	0	0
1428	-1598	450	993	411	0	0
1429	-1601	856	690	1459	0	0
1430	-1602	682	683	838	0	0
1431	-1604	845	560	1743	0	0
1432	-1609	486	673	479	0	0
1433	-1610	995	539	280	0	0
1434	-1612	503	548	159	0	0
1435	-1613	546	541	298	0	0
1436	-1614	678	755	413	0	0
1437	-1615	597	834	1371	0	0
1438	-1616	1007	600	891	0	0
1439	-1617	560	751	1066	0	0
1440	-1618	589	594	630	0	0
1441	-1619	842	951	1674	0	0
1442	-1621	662	453	2636	0	0
1443	-1622	827	828	439	0	0
1444	-1624	861	794	5300	0	0
1445	-1625	457	692	4342	0	0
1446	-1627	805	692	2235	0	0
1447	-1631	992	586	633	0	0
1448	-1632	1028	811	438	0	0
1449	-1633	795	821	1027	0	0
1450	-1635	995	507	1074	0	0
1451	-1643	457	873	3646	0	0
1452	-1644	534	718	82	0	0
1453	-1645	1030	642	502	0	0
1454	-1646	789	768	447	0	0
1455	-1660	819	945	1069	0	0
1456	-1661	819	597	2968	0	0
1457	-1662	1035	815	1186	0	0
1458	-1663	591	692	2820	0	0
1459	-1670	746	1044	2227	0	0
1460	-1671	746	817	2024	0	0
1461	-1672	1044	566	199	0	0
1462	-1673	1045	663	1630	0	0
1463	-1676	512	486	582	0	0
1464	-1678	515	511	1555	0	0
1465	-1679	776	872	1259	0	0
1466	-1680	559	547	174	0	0
1467	-1681	490	439	450	0	0
1468	-1682	489	501	211	0	0
1469	-1683	486	502	294	0	0
1470	-1684	503	549	232	0	0
1471	-1686	512	549	489	0	0
1472	-1687	558	467	294	0	0
1473	-1688	746	492	1900	0	0
1474	-1689	789	839	68	0	0
1475	-1690	590	1034	871	0	0
1476	-1692	795	599	2701	0	0
1477	-1694	761	481	739	0	0
1478	-1698	1139	1169	2296	0	0
1479	-1700	491	797	453	0	0
1480	-1701	867	603	261	0	0
1481	-1702	867	869	419	0	0
1482	-1704	772	776	2722	0	0
1483	-1707	815	753	2580	0	0
1484	-1708	1174	514	585	0	0
1485	-1709	542	874	1972	0	0
1486	-1710	470	668	464	0	0
1487	-1711	566	538	38	0	0
1488	-1713	699	864	2271	0	0
1489	-1714	515	670	1652	0	0
1490	-1716	722	769	1275	0	0
1491	-1717	466	465	792	0	0
1492	-1718	582	721	1147	0	0
1493	-1719	552	551	115	0	0
1494	-1720	725	553	528	0	0
1495	-1721	553	769	1372	0	0
1496	-1725	699	1188	355	0	0
1497	-1727	182	59	2691	0	0
1498	-1729	116	155	2258	0	0
END
-----------------------------------------
InputUsedToGenerateTheGraph:
County:	SkanderborgOdder
CenterNodeId:	0
Radius:	1000000
HouseTypes:	Summer
NumberOfWasteFractions: 1
IntervalsForWasteFraction:	general	2.333333	3.5	7.0	14.0	28.0
-----------------------------------------


