ProblemType:	CARP
NumberNodes:	3072
NumberEdges:	3557
DepotNodeNumber:	420
NumberOfFractions:	1
NumberOfIntervalsForFraction	General_Glass_Metal_Plastic_Organic	1	14
GRAPH
EdgeNumber	EdgeId	StartNodeNumber	EndNodeNumber	Cost	Demand_0	Bins_0
START
0	0	0	1	22	0	0
1	1	2	3	47	510	1
2	2	4	5	25	408	2
3	3	6	7	19	561	4
4	4	8	9	24	94	1
5	5	6	10	16	204	1
6	6	11	12	26	1208	2
7	7	10	13	13	0	0
8	8	7	14	22	0	0
9	9	1	15	36	476	2
10	11	16	17	81	630	3
11	12	0	18	32	0	0
12	13	13	14	17	0	0
13	14	6	13	11	0	0
14	15	14	19	30	0	0
15	17	20	0	36	0	0
16	18	9	6	25	0	0
17	19	21	15	27	0	0
18	20	5	9	31	0	0
19	21	19	12	43	0	0
20	22	12	21	46	188	1
21	23	21	17	90	0	0
22	24	15	20	23	0	0
23	25	17	5	27	0	0
24	26	3	19	11	0	0
25	27	22	23	43	282	2
26	28	24	25	27	1020	4
27	29	26	27	218	15232	49
28	30	28	24	13	0	0
29	31	26	25	140	12896	54
30	32	29	30	196	1258	4
31	33	31	32	205	2652	13
32	34	33	34	66	204	1
33	35	29	34	136	323	2
34	36	31	29	66	0	0
35	37	30	34	88	204	1
36	38	35	30	44	714	4
37	55	36	37	75	94	1
38	56	38	39	67	0	0
39	57	40	39	17	0	0
40	58	41	42	52	188	1
41	59	43	40	52	1020	1
42	60	38	44	52	0	0
43	61	45	38	47	0	0
44	63	44	47	49	94	1
45	64	46	42	111	0	0
46	66	45	42	454	0	0
47	68	47	37	454	0	0
48	69	37	49	77	0	0
49	74	50	51	4	0	0
50	75	52	53	104	94	1
51	76	51	54	101	94	1
52	77	55	56	68	502	3
53	78	57	55	42	0	0
54	79	55	50	50	0	0
55	80	57	52	15	0	0
56	81	58	52	147	187	2
57	108	59	60	53	188	1
58	109	61	62	47	119	1
59	110	63	64	12	204	1
60	111	65	66	28	374	2
61	112	67	68	68	188	1
62	113	69	70	22	119	1
63	114	71	72	69	204	1
64	115	73	74	28	0	0
65	116	75	76	116	0	0
66	117	77	62	151	0	0
67	118	75	68	407	0	0
68	119	76	70	27	0	0
69	120	78	72	389	187	2
70	121	62	78	100	0	0
71	122	70	79	238	0	0
72	123	80	81	26	0	0
73	124	72	82	98	0	0
74	125	60	80	83	0	0
75	126	83	73	65	0	0
76	127	83	84	128	0	0
77	128	85	77	33	0	0
78	129	86	60	95	0	0
79	130	81	68	290	0	0
80	131	74	85	108	0	0
81	133	82	86	35	0	0
82	134	87	84	119	0	0
83	135	88	89	44	238	1
84	136	66	86	23	0	0
85	137	87	90	414	0	0
86	139	91	75	179	187	2
87	140	63	82	72	0	0
88	141	66	92	9	408	1
89	142	89	63	10	0	0
90	145	93	94	77	94	1
91	146	95	96	200	1224	5
92	147	97	95	128	94	1
93	148	98	93	56	94	1
94	149	98	99	189	0	0
95	150	96	98	149	1286	5
96	157	100	101	231	2686	12
97	170	102	103	67	527	3
98	171	104	105	365	3383	18
99	189	106	107	27	0	0
100	190	107	108	222	4080	4
101	191	109	110	126	1293	7
102	192	109	111	118	570	3
103	193	111	112	254	2176	9
104	194	113	114	70	188	1
105	195	115	116	119	204	1
106	196	117	118	54	842	5
107	197	119	120	45	612	2
108	199	121	114	46	204	1
109	200	120	122	76	0	0
110	201	123	124	53	0	0
111	202	116	125	12	0	0
112	203	126	127	61	187	2
113	204	126	128	226	2951	12
114	205	129	117	217	919	5
115	206	124	130	61	0	0
116	207	117	120	172	1158	5
117	208	127	116	81	188	1
118	209	129	123	147	376	2
119	210	130	121	264	0	0
120	211	114	131	584	0	0
121	212	122	126	145	0	0
122	251	132	133	186	1318	4
123	252	134	135	64	94	1
124	253	135	132	241	2882	13
125	254	132	134	157	3342	12
126	255	136	135	83	1004	3
127	272	137	138	106	963	6
128	273	138	139	82	486	3
129	274	139	137	182	782	4
130	275	139	140	65	740	4
131	276	141	137	69	119	1
132	277	142	143	79	944	5
133	278	144	145	7	0	0
134	279	145	146	100	612	3
135	280	146	147	87	408	1
136	281	148	149	73	527	2
137	282	150	151	66	706	3
138	283	152	153	27	486	3
139	284	150	149	4	0	0
140	285	154	152	46	188	1
141	286	151	154	60	476	3
142	292	155	156	52	401	3
143	293	157	158	28	4080	4
144	294	159	160	39	3060	3
145	295	160	161	46	0	0
146	296	155	160	99	0	0
147	300	162	157	28	0	0
148	301	163	155	116	1174	7
149	304	164	165	51	188	1
150	305	166	165	127	188	1
151	306	165	167	27	0	0
152	311	168	169	202	94	1
153	312	170	171	67	188	1
154	313	172	173	55	502	3
155	314	168	174	316	204	1
156	315	175	176	82	94	1
157	316	176	177	80	0	0
158	317	168	176	275	0	0
159	318	177	171	132	0	0
160	319	171	173	13	0	0
161	320	173	178	37	94	1
162	321	179	180	40	7624	32
163	324	181	182	112	0	0
164	325	183	181	84	0	0
165	326	184	185	73	0	0
166	327	186	187	10	204	1
167	329	188	189	8	1498	8
168	330	185	189	71	0	0
169	333	185	180	51	408	2
170	335	187	180	114	2100	10
171	336	183	180	262	0	0
172	338	181	190	20	0	0
173	339	191	192	221	1922	11
174	340	193	194	208	502	2
175	341	194	195	70	188	1
176	342	191	196	50	0	0
177	343	197	192	149	1836	10
178	344	196	193	301	588	5
179	345	195	198	129	408	1
180	346	199	200	100	0	0
181	347	201	199	137	1309	8
182	348	198	202	78	408	1
183	349	203	199	37	0	0
184	350	202	111	70	376	2
185	351	203	197	55	0	0
186	352	197	191	100	0	0
187	353	204	202	63	1242	4
188	383	205	206	4	0	0
189	384	207	206	130	307	2
190	385	208	209	111	1870	5
191	386	210	211	75	426	2
192	387	210	208	23	0	0
193	389	211	205	129	204	1
194	391	212	213	43	204	1
195	392	131	213	107	204	1
196	393	214	215	50	307	2
197	394	216	217	140	0	0
198	395	218	217	78	426	2
199	396	131	214	351	94	1
200	397	215	218	42	0	0
201	398	213	219	62	94	1
202	451	220	221	407	2552	13
203	454	222	223	98	2193	7
204	483	224	225	199	1003	7
205	487	226	227	31	188	1
206	488	228	229	12	94	1
207	489	229	230	65	0	0
208	490	231	232	43	94	1
209	491	233	234	32	204	1
210	492	235	236	117	204	1
211	493	237	238	155	204	1
212	494	239	240	36	204	1
213	495	241	242	144	408	1
214	497	240	233	100	0	0
215	498	243	236	37	0	0
216	499	230	226	134	0	0
217	500	244	240	103	0	0
218	501	238	245	103	0	0
219	502	236	231	30	0	0
220	503	246	243	170	0	0
221	504	233	238	80	298	2
222	505	247	226	666	0	0
223	507	245	230	37	0	0
224	509	247	246	532	0	0
225	512	248	249	175	1938	12
226	524	250	251	49	878	4
227	525	252	253	82	213	2
228	526	254	255	62	520	3
229	527	253	256	78	562	3
230	528	257	258	94	468	3
231	529	259	260	35	94	1
232	530	261	253	83	0	0
233	531	262	251	83	187	2
234	532	260	263	82	213	2
235	533	256	264	37	595	3
236	534	254	258	49	0	0
237	535	265	261	245	2721	14
238	536	263	266	77	375	3
239	537	254	267	38	188	1
240	538	266	268	86	375	3
241	539	256	257	74	374	2
242	540	97	269	55	188	1
243	541	251	97	23	188	1
244	542	270	257	39	708	4
245	543	271	268	58	774	6
246	544	269	272	77	468	3
247	545	273	260	66	935	6
248	546	263	274	69	918	6
249	547	268	262	87	282	2
250	548	275	262	114	656	6
251	549	276	261	41	494	4
252	550	269	265	59	374	2
253	551	266	277	68	791	5
254	552	258	265	80	0	0
255	558	278	279	75	10200	18
256	559	280	281	43	94	1
257	560	282	283	105	188	1
258	561	278	284	13	0	0
259	562	285	278	52	188	1
260	564	286	287	163	204	1
261	565	288	279	14	0	0
262	567	279	284	66	0	0
263	569	290	291	725	0	0
264	570	284	291	224	0	0
265	571	281	290	212	0	0
266	572	289	292	14	119	1
267	573	287	288	145	204	1
268	575	293	286	24	0	0
269	576	293	294	365	0	0
270	577	295	289	19	0	0
271	591	296	297	113	204	1
272	592	298	299	50	204	1
273	593	300	301	80	94	1
274	594	297	302	143	0	0
275	595	303	304	271	94	1
276	596	305	306	153	188	1
277	597	305	307	257	0	0
278	598	302	300	8	0	0
279	599	300	308	42	0	0
280	600	307	309	158	0	0
281	601	310	302	454	0	0
282	602	308	305	421	0	0
283	603	303	298	140	0	0
284	604	308	298	252	0	0
285	605	311	307	36	188	1
286	606	312	313	15	204	1
287	607	314	312	448	953	6
288	608	315	313	54	0	0
289	609	316	315	86	784	4
290	614	317	318	47	0	0
291	615	318	319	127	895	6
292	616	320	317	99	937	6
293	617	321	317	48	748	4
294	618	322	318	47	401	3
295	622	323	324	306	2381	12
296	623	325	323	280	2296	11
297	624	324	326	55	0	0
298	625	327	324	81	988	5
299	635	328	329	29	0	0
300	636	330	331	55	0	0
301	637	332	333	100	238	1
302	638	334	335	128	0	0
303	639	336	337	43	0	0
304	640	335	338	10	0	0
305	641	105	334	6	0	0
306	642	337	328	150	0	0
307	644	339	105	255	374	2
308	645	340	339	8	0	0
309	646	333	340	45	0	0
310	647	341	342	135	0	0
311	648	329	225	142	0	0
312	650	225	330	334	0	0
313	652	338	341	211	188	1
314	653	331	332	207	1054	5
315	655	331	343	91	0	0
316	657	345	330	48	724	4
317	658	333	346	36	323	2
318	664	347	348	313	2347	12
319	676	349	350	55	612	3
320	677	350	125	168	332	2
321	679	351	352	111	894	5
322	680	332	351	149	579	4
323	681	352	148	79	0	0
324	682	353	354	105	1310	7
325	683	355	356	27	238	1
326	684	356	353	45	188	1
327	685	357	355	91	282	2
328	686	355	358	73	868	6
329	687	353	359	197	970	4
330	688	357	211	165	2255	10
331	689	357	360	69	1548	7
332	692	361	362	63	545	3
333	694	364	365	30	94	1
334	695	366	367	27	94	1
335	696	368	369	32	188	1
336	697	370	371	77	213	2
337	698	372	373	88	188	1
338	699	374	375	62	94	1
339	700	376	377	35	94	1
340	701	378	379	121	0	0
341	702	379	380	51	94	1
342	703	381	382	58	94	1
343	704	383	384	32	510	1
344	705	385	386	77	408	1
345	706	387	388	35	94	1
346	707	384	369	52	0	0
347	708	389	390	38	408	1
348	709	378	391	399	0	0
349	710	367	373	125	0	0
350	711	369	386	321	0	0
351	713	382	377	80	0	0
352	714	390	392	91	0	0
353	716	392	393	51	298	2
354	717	382	386	403	0	0
355	719	371	389	217	486	3
356	720	375	384	250	0	0
357	721	394	365	125	0	0
358	722	365	367	89	0	0
359	723	371	378	440	94	1
360	724	391	375	98	0	0
361	725	377	394	109	0	0
362	726	388	373	1090	0	0
363	727	389	395	22	0	0
364	728	396	392	56	281	3
365	729	395	397	70	986	8
366	730	398	388	202	0	0
367	731	399	400	162	699	4
368	732	401	400	184	748	4
369	760	25	402	105	2414	4
370	761	402	403	59	817	6
371	762	404	405	62	204	1
372	763	406	407	314	204	1
373	764	404	408	610	0	0
374	766	409	407	375	0	0
375	768	407	404	332	0	0
376	813	410	411	106	1048	8
377	825	412	413	21	408	1
378	826	414	415	119	680	1
379	827	416	417	13	0	0
380	828	413	416	23	0	0
381	829	418	413	156	187	2
382	830	419	416	75	94	1
383	831	420	421	66	282	2
384	832	420	422	208	706	3
385	833	423	420	68	816	2
386	859	424	425	102	1054	3
387	860	426	427	97	375	3
388	861	424	427	88	213	2
389	862	428	429	69	1666	6
390	863	430	429	121	1022	4
391	864	427	430	107	2635	8
392	865	430	431	345	0	0
393	866	429	424	59	646	2
394	867	426	432	153	1174	8
395	868	433	434	139	94	1
396	869	435	436	95	1080	5
397	870	437	438	271	204	1
398	871	439	437	987	0	0
399	872	435	440	260	0	0
400	873	441	99	539	94	1
401	874	442	435	17	0	0
402	875	443	444	94	0	0
403	876	434	437	224	0	0
404	877	444	441	5	0	0
405	878	445	443	227	0	0
406	879	440	445	33	0	0
407	880	99	434	6	0	0
408	881	446	445	66	0	0
409	882	446	447	181	204	1
410	884	448	449	48	204	1
411	886	450	451	38	282	2
412	887	452	453	63	0	0
413	888	454	455	118	282	2
414	890	449	451	43	0	0
415	891	451	456	64	2040	4
416	892	455	449	73	502	3
417	893	286	452	21	0	0
418	894	452	293	27	0	0
419	897	457	458	216	282	2
420	898	459	460	139	3060	3
421	899	461	462	27	442	3
422	900	463	462	100	1258	6
423	901	464	465	100	4080	4
424	902	462	460	63	1020	2
425	903	460	465	43	1020	1
426	904	466	467	60	417	3
427	905	468	469	66	408	2
428	906	470	466	41	476	3
429	907	466	468	40	0	0
430	908	468	471	42	782	4
431	945	472	473	85	2040	2
432	947	474	472	61	0	0
433	960	475	476	20	188	1
434	961	477	478	212	0	0
435	962	479	480	63	0	0
436	963	478	479	284	0	0
437	964	80	481	22	0	0
438	965	481	81	24	0	0
439	966	482	476	432	0	0
440	967	483	482	47	188	1
441	968	477	483	253	0	0
442	969	476	481	35	0	0
443	971	484	485	220	1285	8
444	972	484	486	25	392	2
445	973	487	484	78	442	2
446	975	488	489	43	0	0
447	976	490	488	79	0	0
448	977	491	492	55	0	0
449	978	491	493	92	748	4
450	979	494	493	89	376	2
451	980	495	492	16	0	0
452	981	489	495	189	1718	11
453	1000	496	497	379	3342	20
454	1001	498	499	70	188	1
455	1002	499	500	13	119	1
456	1003	501	502	547	1156	5
457	1005	503	504	133	282	2
458	1006	505	501	397	0	0
459	1007	506	507	1377	0	0
460	1008	503	216	95	664	3
461	1009	506	499	322	0	0
462	1011	216	505	188	1124	6
463	1012	500	503	39	119	1
464	1016	508	509	47	213	2
465	1017	510	508	14	0	0
466	1018	508	511	53	0	0
467	1019	512	513	35	561	4
468	1020	514	515	7	0	0
469	1021	516	512	14	0	0
470	1022	517	518	35	494	4
471	1023	512	514	63	375	3
472	1024	517	519	31	783	4
473	1025	515	517	71	307	2
474	1026	514	520	32	690	4
475	1027	510	516	27	0	0
476	1028	521	522	64	1020	5
477	1029	523	524	52	680	1
478	1030	525	523	262	374	2
479	1031	522	208	92	426	2
480	1032	523	522	32	0	0
481	1033	526	527	285	561	6
482	1034	110	198	124	1242	4
483	1035	110	528	257	2238	8
484	1145	423	529	109	1029	9
485	1146	530	531	337	1641	11
486	1147	532	423	181	986	7
487	1148	532	141	287	1523	9
488	1149	141	533	197	0	0
489	1150	529	530	27	187	2
490	1151	534	529	47	298	2
491	1152	535	536	39	204	1
492	1153	537	538	66	188	1
493	1156	539	540	26	188	1
494	1158	540	541	181	0	0
495	1159	314	540	207	0	0
496	1160	542	536	33	0	0
497	1161	543	544	477	0	0
498	1163	545	541	298	0	0
499	1164	536	538	12	0	0
500	1167	538	543	613	187	2
501	1169	541	546	186	374	2
502	1170	547	532	16	0	0
503	1171	544	314	772	0	0
504	1172	545	547	293	188	1
505	1174	548	549	146	0	0
506	1176	550	549	24	188	1
507	1177	551	552	71	187	2
508	1179	553	554	284	0	0
509	1180	555	553	238	0	0
510	1181	556	552	298	0	0
511	1182	557	556	29	408	1
512	1183	552	548	139	0	0
513	1184	558	557	308	1692	7
514	1185	558	554	78	0	0
515	1186	559	560	44	94	1
516	1187	561	558	25	188	1
517	1188	562	563	87	119	1
518	1190	564	565	47	188	1
519	1191	566	567	37	1020	1
520	1192	568	560	66	0	0
521	1193	554	569	66	0	0
522	1195	570	571	34	94	1
523	1196	572	567	56	0	0
524	1197	567	568	41	0	0
525	1199	560	562	199	0	0
526	1201	571	573	31	0	0
527	1202	574	562	104	0	0
528	1203	570	572	486	94	1
529	1204	565	574	250	0	0
530	1212	573	205	831	877	5
531	1216	422	555	32	204	1
532	1217	575	576	39	408	2
533	1218	420	577	22	298	2
534	1219	422	575	150	927	6
535	1220	577	575	74	561	4
536	1221	578	579	83	1700	8
537	1222	580	581	83	782	6
538	1223	582	583	150	1548	9
539	1224	583	584	98	417	3
540	1225	580	585	47	0	0
541	1226	586	580	34	298	2
542	1227	583	587	14	0	0
543	1228	587	578	6	0	0
544	1229	587	588	42	0	0
545	1230	578	585	64	204	1
546	1231	585	589	79	1710	7
547	1234	590	591	58	374	2
548	1237	592	593	125	0	0
549	1238	594	431	199	0	0
550	1239	595	596	331	0	0
551	1240	597	598	66	0	0
552	1241	533	588	44	0	0
553	1242	431	590	47	0	0
554	1243	593	599	52	0	0
555	1244	600	592	44	0	0
556	1245	601	602	129	715	4
557	1246	602	600	36	0	0
558	1247	588	603	100	119	1
559	1248	590	604	107	0	0
560	1249	594	595	17	782	4
561	1252	604	599	93	0	0
562	1253	603	601	100	204	1
563	1254	605	606	123	0	0
564	1256	607	608	48	1224	6
565	1257	609	479	268	1939	9
566	1259	610	611	15	681	4
567	1260	611	612	57	94	1
568	1310	613	614	51	0	0
569	1311	613	615	22	935	6
570	1312	312	616	24	0	0
571	1313	616	617	198	3443	18
572	1317	620	621	206	188	1
573	1318	622	618	59	408	1
574	1319	623	624	40	94	1
575	1320	625	626	21	408	1
576	1321	627	628	99	94	1
577	1322	629	630	24	204	1
578	1323	631	632	463	0	0
579	1324	633	634	236	188	1
580	1326	635	636	21	94	1
581	1327	625	637	139	0	0
582	1330	632	630	52	0	0
583	1331	638	639	59	204	1
584	1335	631	640	334	0	0
585	1336	634	641	309	0	0
586	1337	642	643	133	0	0
587	1339	639	644	8	0	0
588	1341	645	639	418	0	0
589	1342	646	645	622	0	0
590	1345	643	647	434	204	1
591	1347	648	634	81	0	0
592	1348	649	648	238	0	0
593	1349	621	646	218	0	0
594	1350	619	650	155	204	1
595	1352	641	651	57	0	0
596	1354	652	631	204	0	0
597	1356	644	653	7	0	0
598	1358	650	654	105	502	3
599	1359	655	627	39	94	1
600	1360	647	619	217	0	0
601	1361	627	656	244	0	0
602	1365	653	626	170	0	0
603	1366	657	655	877	94	1
604	1367	657	652	93	0	0
605	1368	640	649	85	0	0
606	1369	656	658	28	0	0
607	1370	654	659	624	511	3
608	1371	621	658	549	0	0
609	1372	626	642	489	204	1
610	1374	624	660	135	0	0
611	1375	661	660	359	187	2
612	1377	635	642	806	0	0
613	1379	635	663	646	0	0
614	1383	660	644	109	0	0
615	1412	664	665	138	612	3
616	1415	664	666	35	0	0
617	1416	667	668	24	1020	1
618	1418	669	670	52	3400	4
619	1419	664	671	326	0	0
620	1420	667	672	14	0	0
621	1421	673	672	9	0	0
622	1423	675	666	42	0	0
623	1424	676	670	37	0	0
624	1425	672	677	116	0	0
625	1427	678	676	58	94	1
626	1430	666	678	263	0	0
627	1432	673	667	19	0	0
628	1434	674	673	69	0	0
629	1435	679	674	53	0	0
630	1438	680	679	32	1836	3
631	1442	681	682	107	357	2
632	1445	683	684	124	1836	9
633	1446	681	685	238	1998	10
634	1448	686	684	49	596	2
635	1454	685	686	127	426	2
636	1455	687	688	86	656	4
637	1456	689	690	84	94	1
638	1457	691	692	192	1847	9
639	1458	689	693	230	1598	10
640	1459	691	694	333	3724	16
641	1460	694	695	161	1200	8
642	1461	688	691	103	486	3
643	1462	690	688	40	0	0
644	1463	696	697	93	470	3
645	1464	690	694	79	715	3
646	1465	697	689	16	0	0
647	1466	695	697	29	204	1
648	1467	87	698	361	3613	17
649	1468	699	700	116	1191	7
650	1475	701	702	50	0	0
651	1476	703	704	17	187	2
652	1477	705	706	17	188	1
653	1478	707	708	109	94	1
654	1479	709	705	7	0	0
655	1480	706	702	53	188	1
656	1481	710	707	131	963	6
657	1482	704	711	109	706	3
658	1483	712	703	7	0	0
659	1484	708	709	128	188	1
660	1485	702	712	155	605	4
661	1486	713	714	173	1412	4
662	1487	715	716	203	204	1
663	1488	715	717	127	1021	6
664	1489	714	715	118	0	0
665	1490	718	714	218	782	4
666	1504	721	722	195	0	0
667	1505	723	724	38	979	6
668	1506	723	725	27	502	2
669	1507	726	722	67	0	0
670	1509	723	727	51	0	0
671	1510	728	726	71	0	0
672	1511	727	722	86	119	1
673	1512	729	727	102	587	4
674	1513	721	719	223	0	0
675	1514	726	606	60	94	1
676	1515	606	730	112	94	1
677	1541	313	731	290	843	5
678	1567	732	733	168	953	6
679	1568	734	735	98	563	4
680	1569	736	734	5	0	0
681	1570	736	732	5	0	0
682	1571	698	90	61	188	1
683	1572	698	401	69	0	0
684	1573	737	738	67	204	1
685	1574	739	740	89	680	1
686	1575	741	742	62	94	1
687	1576	743	744	177	0	0
688	1577	740	738	204	307	2
689	1578	745	746	215	0	0
690	1579	744	745	140	188	1
691	1580	738	747	307	0	0
692	1581	741	743	12	0	0
693	1582	740	741	163	0	0
694	1590	748	749	66	94	1
695	1591	750	751	50	188	1
696	1592	752	753	56	204	1
697	1594	754	755	31	188	1
698	1595	756	757	76	204	1
699	1596	758	759	50	408	1
700	1597	760	761	52	0	0
701	1598	757	748	151	0	0
702	1599	755	748	344	0	0
703	1600	761	762	20	0	0
704	1601	751	759	351	188	1
705	1602	763	753	36	0	0
706	1603	753	757	340	307	2
707	1605	764	755	21	0	0
708	1606	764	751	139	0	0
709	1607	762	763	47	502	2
710	1608	765	766	42	0	0
711	1609	767	768	100	94	1
712	1611	771	772	415	0	0
713	1612	773	766	82	204	1
714	1613	774	775	39	94	1
715	1614	776	777	383	0	0
716	1615	778	779	65	188	1
717	1616	769	780	87	0	0
718	1617	777	781	56	94	1
719	1619	782	783	112	188	1
720	1620	784	771	113	94	1
721	1622	785	786	37	816	2
722	1624	787	788	69	94	1
723	1627	671	789	125	0	0
724	1628	776	765	53	0	0
725	1629	779	783	10	0	0
726	1630	790	786	70	0	0
727	1631	675	765	128	0	0
728	1633	772	779	899	0	0
729	1634	791	776	524	0	0
730	1635	792	788	279	0	0
731	1637	794	675	74	0	0
732	1638	768	795	50	0	0
733	1640	796	797	53	188	1
734	1641	780	760	117	307	2
735	1642	788	798	591	0	0
736	1644	795	780	14	0	0
737	1645	799	797	20	204	1
738	1646	791	783	156	0	0
739	1648	798	772	88	0	0
740	1649	796	398	59	0	0
741	1650	786	768	59	0	0
742	1651	792	790	133	536	3
743	1654	797	760	41	0	0
744	1655	671	794	50	0	0
745	1657	800	775	159	94	1
746	1662	795	800	38	0	0
747	1663	775	796	10	0	0
748	1665	801	802	158	1149	7
749	1699	803	804	201	5092	13
750	1710	805	806	63	1054	8
751	1711	807	806	220	1709	11
752	1754	808	809	54	94	1
753	1755	810	811	39	0	0
754	1756	812	808	93	468	3
755	1757	813	810	94	579	4
756	1758	814	813	25	376	2
757	1759	812	811	18	0	0
758	1760	813	815	69	510	4
759	1765	817	818	254	204	1
760	1767	819	817	34	0	0
761	1770	821	822	29	843	8
762	1771	823	824	19	910	5
763	1772	823	821	19	94	1
764	1773	825	823	132	1021	6
765	1774	826	827	264	0	0
766	1775	828	829	233	4420	6
767	1776	829	827	44	0	0
768	1777	827	830	220	0	0
769	1778	829	831	27	0	0
770	1779	832	833	200	2126	16
771	1780	834	835	31	0	0
772	1781	836	837	51	374	2
773	1782	837	838	5	0	0
774	1783	839	836	23	0	0
775	1784	840	841	18	0	0
776	1785	842	836	24	1071	5
777	1786	843	842	98	1590	8
778	1787	844	843	12	0	0
779	1788	835	841	36	392	2
780	1789	845	842	25	307	2
781	1791	844	840	82	1251	7
782	1792	846	847	60	1048	6
783	1832	848	849	22	0	0
784	1833	849	850	14	0	0
785	1834	851	850	39	936	5
786	1835	852	853	45	0	0
787	1836	852	848	98	0	0
788	1837	854	852	15	0	0
789	1839	853	849	25	0	0
790	1840	853	855	14	0	0
791	1842	855	856	24	0	0
792	1844	850	855	23	0	0
793	1846	857	856	6	0	0
794	1854	858	859	65	282	2
795	1855	860	861	118	408	1
796	1856	862	863	85	587	4
797	1857	863	860	29	392	2
798	1858	858	864	46	376	2
799	1859	865	861	71	714	4
800	1860	860	858	99	188	1
801	1861	866	861	49	376	2
802	1865	867	868	11	476	4
803	1866	867	869	20	476	4
804	1867	603	867	93	1309	8
805	1868	870	871	296	1105	6
806	1869	871	872	67	188	1
807	1870	872	873	168	0	0
808	1871	195	874	369	2373	11
809	1873	875	876	58	0	0
810	1874	877	878	102	187	2
811	1875	879	880	43	0	0
812	1876	881	882	82	0	0
813	1877	883	879	22	408	1
814	1878	884	885	18	238	1
815	1879	886	882	39	94	1
816	1880	887	888	124	0	0
817	1881	889	890	936	0	0
818	1882	891	887	561	0	0
819	1883	892	893	131	0	0
820	1884	881	878	369	0	0
821	1885	888	287	122	2338	4
822	1886	881	894	104	0	0
823	1887	892	878	406	0	0
824	1888	894	891	163	0	0
825	1890	885	895	35	0	0
826	1891	896	875	131	0	0
827	1892	895	896	34	0	0
828	1893	894	885	156	0	0
829	1894	897	875	73	0	0
830	1895	898	897	30	204	1
831	1896	891	898	227	0	0
832	1897	880	887	455	0	0
833	1898	899	900	99	953	4
834	1899	901	902	6	0	0
835	1900	903	899	15	0	0
836	1902	904	905	53	527	2
837	1903	902	906	88	188	1
838	1904	907	900	169	1598	10
839	1905	908	899	108	766	4
840	1906	909	910	83	1123	7
841	1907	911	902	56	204	1
842	1908	900	912	224	706	4
843	1909	913	912	57	2050	8
844	1910	910	914	146	749	5
845	1911	904	915	90	0	0
846	1912	914	901	27	0	0
847	1913	905	910	76	408	1
848	1914	916	914	83	392	2
849	1915	915	908	73	188	1
850	1916	912	904	11	0	0
851	1917	905	917	84	986	5
852	1921	918	919	168	2270	10
853	1922	920	921	97	188	1
854	1923	922	923	14	0	0
855	1924	924	922	35	834	4
856	1925	925	922	74	0	0
857	1926	923	920	3	0	0
858	1927	923	926	136	1445	8
859	1932	217	927	226	2271	12
860	1933	928	929	362	0	0
861	1934	930	928	30	0	0
862	1935	929	931	49	188	1
863	1938	932	933	167	0	0
864	1939	933	934	758	0	0
865	1942	936	930	590	0	0
866	1944	936	247	52	0	0
867	1945	937	938	272	0	0
868	1946	938	939	49	94	1
869	1947	348	940	76	562	3
870	1948	941	942	45	375	3
871	1949	943	347	52	0	0
872	1950	944	939	90	94	1
873	1951	940	945	385	2738	14
874	1952	945	942	114	656	4
875	1953	347	945	4	0	0
876	1954	939	940	100	511	3
877	1955	942	348	23	0	0
878	1956	946	938	106	1412	6
879	1957	947	338	639	0	0
880	1958	948	947	136	375	3
881	1959	949	950	84	706	4
882	1960	951	952	147	1871	10
883	1961	953	954	96	1302	6
884	1962	952	949	149	1598	9
885	1963	954	955	78	188	1
886	1964	951	948	80	0	0
887	1965	953	950	4	0	0
888	1966	948	956	57	656	4
889	1967	957	954	29	706	4
890	1968	947	958	55	748	4
891	1977	959	960	61	408	1
892	1987	961	962	87	408	1
893	1988	963	964	68	94	1
894	1989	965	966	25	204	1
895	1990	967	962	66	0	0
896	1991	964	968	75	0	0
897	1992	969	970	2	0	0
898	1993	966	967	111	0	0
899	1994	971	969	86	323	2
900	1995	962	964	53	0	0
901	1996	972	971	14	0	0
902	1997	970	966	12	0	0
903	1999	973	970	59	392	2
904	2001	960	976	53	0	0
905	2002	974	977	19	0	0
906	2003	978	979	167	119	1
907	2004	980	981	93	0	0
908	2005	981	982	332	94	1
909	2006	983	984	54	188	1
910	2007	985	981	89	0	0
911	2008	972	959	30	0	0
912	2010	986	984	5	0	0
913	2011	987	985	12	0	0
914	2012	980	987	112	0	0
915	2013	984	980	272	0	0
916	2014	985	988	329	0	0
917	2016	976	986	645	0	0
918	2017	988	978	16	0	0
919	2018	959	976	79	0	0
920	2019	989	977	350	0	0
921	2020	987	990	80	0	0
922	2021	991	992	34	119	1
923	2022	991	993	56	0	0
924	2023	977	993	167	0	0
925	2024	993	988	349	0	0
926	2025	990	991	30	0	0
927	2026	989	986	6	0	0
928	2046	994	995	29	0	0
929	2048	996	997	188	1140	6
930	2053	998	999	38	408	1
931	2055	995	1000	44	0	0
932	2056	999	996	285	0	0
933	2057	1001	1002	2	0	0
934	2060	1003	1000	115	374	2
935	2062	1003	1002	171	493	3
936	2069	1001	997	197	1030	6
937	2076	994	1004	55	0	0
938	2131	1005	1006	263	2618	16
939	2132	359	1006	106	894	5
940	2133	154	1007	73	1207	6
941	2135	249	1008	110	1438	7
942	2136	1009	1010	53	0	0
943	2137	1011	1009	114	188	1
944	2138	1012	1013	76	596	2
945	2139	1008	1012	94	520	3
946	2140	1010	249	82	562	3
947	2143	1014	1015	49	894	4
948	2144	1014	1016	13	0	0
949	2145	1017	1018	50	510	4
950	2146	1017	1019	47	715	4
951	2147	1020	1014	31	0	0
952	2148	1016	1021	41	332	2
953	2149	1016	1017	35	0	0
954	2158	1022	1023	57	0	0
955	2159	1024	1025	48	1498	8
956	2160	1023	1026	66	2058	11
957	2161	1025	1027	44	748	4
958	2164	1028	1029	70	0	0
959	2165	1030	1025	27	374	2
960	2166	1023	1031	140	3554	19
961	2168	1027	1028	31	748	4
962	2171	1032	1033	72	0	0
963	2172	1034	1032	93	800	3
964	2173	426	1034	222	1523	8
965	2174	1035	1032	28	392	2
966	2175	1036	1034	31	281	3
967	2176	921	1037	57	119	1
968	2177	1033	921	255	511	3
969	2178	604	608	25	0	0
970	2179	608	1033	313	731	4
971	2180	1037	31	43	204	1
972	2181	90	1038	2	0	0
973	2186	1038	399	128	468	3
974	2193	1039	1040	217	1438	7
975	2198	1041	1042	37	119	1
976	2201	1043	1044	44	510	1
977	2203	1045	1046	65	94	1
978	2204	1047	1048	40	187	2
979	2210	465	1049	56	0	0
980	2211	1050	1045	43	0	0
981	2216	1042	1051	471	0	0
982	2218	1049	1052	243	0	0
983	2219	1043	1051	31	0	0
984	2221	1048	1043	127	0	0
985	2227	1053	1054	86	0	0
986	2228	511	1054	153	374	2
987	2229	1055	1048	86	0	0
988	2230	79	1049	427	0	0
989	2231	79	511	261	0	0
990	2235	480	1055	32	0	0
991	2236	480	1057	83	0	0
992	2238	1052	1050	463	0	0
993	2241	1057	1056	306	0	0
994	2244	1058	1059	213	844	5
995	2245	612	1060	258	707	5
996	2246	614	1061	66	468	3
997	2247	1062	1063	107	1218	7
998	2248	1061	612	22	0	0
999	2249	1064	614	57	94	1
1000	2250	1060	1062	135	988	5
1001	2252	1065	1066	27	213	2
1002	2253	1067	1068	85	0	0
1003	2254	1068	1069	15	0	0
1004	2255	1066	1070	68	188	1
1005	2256	1069	356	93	664	3
1006	2257	1071	1070	99	664	3
1007	2258	1067	1066	82	784	3
1008	2259	1072	182	7	1020	1
1009	2260	1073	1074	28	527	2
1010	2261	190	1075	141	188	1
1011	2265	1076	1075	112	486	3
1012	2269	1068	359	139	1522	6
1013	2270	123	1077	87	204	1
1014	2271	1077	501	68	119	1
1015	2272	1078	1079	60	562	3
1016	2273	1080	1081	6	0	0
1017	2274	1080	1082	42	0	0
1018	2275	1079	1083	27	0	0
1019	2276	1082	1079	17	0	0
1020	2280	1084	1085	114	843	6
1021	2290	1086	315	128	833	6
1022	2334	1087	1088	45	1020	1
1023	2335	1089	1090	170	0	0
1024	2336	1091	1092	183	282	2
1025	2338	1094	1095	47	408	1
1026	2339	1096	1097	109	204	1
1027	2340	1095	1098	15	0	0
1028	2341	1099	1100	45	0	0
1029	2342	1090	1099	780	298	2
1030	2343	1098	1091	7	0	0
1031	2344	1101	1095	110	0	0
1032	2345	1091	1090	213	0	0
1033	2347	1102	1103	104	357	2
1034	2348	1088	1101	19	0	0
1035	2353	1103	1104	299	94	1
1036	2355	1103	1097	26	0	0
1037	2356	1105	1106	37	188	1
1038	2357	1107	1108	8	188	1
1039	2358	1108	1109	24	0	0
1040	2360	1110	1111	70	188	1
1041	2361	49	1112	86	298	2
1042	2362	1113	1114	223	204	1
1043	2363	1106	1113	225	0	0
1044	2364	1109	1115	55	0	0
1045	2365	1116	1117	97	375	3
1046	2366	1111	1116	22	0	0
1047	2367	1114	1111	68	0	0
1048	2368	1115	1106	542	0	0
1049	2369	1112	1109	45	0	0
1050	2402	1118	1119	32	468	3
1051	2404	1120	1121	200	1896	12
1052	2406	1119	1123	93	408	1
1053	2408	1125	1122	52	502	3
1054	2409	1121	1125	10	0	0
1055	2410	1125	1126	103	417	3
1056	2411	1127	1126	50	0	0
1057	2412	1126	1128	50	493	3
1058	2413	1127	1129	52	562	3
1059	2414	1130	1120	43	910	5
1060	2415	1120	1119	42	0	0
1061	2417	1131	1132	158	2279	12
1062	2418	1133	1134	408	0	0
1063	2421	1135	1133	32	0	0
1064	2423	1136	1135	37	119	1
1065	2425	1137	1134	606	0	0
1066	2426	1138	542	32	0	0
1067	2429	1137	542	394	238	1
1068	2445	183	1139	81	7168	24
1069	2447	1140	1141	42	0	0
1070	2448	1142	1143	45	0	0
1071	2450	1144	1145	37	0	0
1072	2451	1146	1147	20	0	0
1073	2453	1142	1148	56	3740	20
1074	2454	1149	1143	8	0	0
1075	2456	1146	1149	52	1310	7
1076	2457	1145	1140	36	0	0
1077	2458	1150	1146	56	5236	28
1078	2459	1151	1152	46	1310	7
1079	2460	1150	1145	10	0	0
1080	2462	1152	1140	10	0	0
1081	2463	1146	1148	45	0	0
1082	2464	1025	1148	66	0	0
1083	2467	1141	1153	56	5050	27
1084	2490	1154	1155	76	2040	2
1085	2491	1147	1156	46	0	0
1086	2492	1157	1158	23	213	2
1087	2493	1159	1160	49	0	0
1088	2494	1161	1162	49	425	4
1089	2495	1163	1164	38	306	3
1090	2496	1164	1165	39	825	8
1091	2497	1166	1144	43	0	0
1092	2498	1156	1143	26	0	0
1093	2499	1158	1167	28	306	3
1094	2500	1162	1158	30	0	0
1095	2502	1168	1163	44	0	0
1096	2503	1160	1169	47	1122	6
1097	2504	1170	1160	33	374	2
1098	2505	1159	1171	64	0	0
1099	2507	1163	1172	48	493	5
1100	2508	1029	1159	14	0	0
1101	2509	1156	1168	20	0	0
1102	2510	1162	1164	30	0	0
1103	2514	1144	1147	48	0	0
1104	2515	1171	1022	33	0	0
1105	2516	1029	1168	63	0	0
1106	2517	1022	1155	10	0	0
1107	2518	340	487	64	816	2
1108	2519	1173	1174	52	511	3
1109	2520	1173	1175	113	1114	5
1110	2521	487	1173	223	961	6
1111	2534	1176	1177	68	0	0
1112	2535	1178	1176	22	0	0
1113	2536	1179	1180	79	119	1
1114	2537	1181	1182	67	0	0
1115	2538	1182	1183	5	0	0
1116	2539	1184	1185	98	563	4
1117	2540	1186	1181	316	204	1
1118	2541	1182	1178	80	187	2
1119	2542	58	1177	48	204	1
1120	2543	1177	1184	139	187	2
1121	2544	1187	1183	188	0	0
1122	2545	1180	48	64	0	0
1123	2546	1184	1180	19	0	0
1124	2547	1183	58	44	0	0
1125	2548	1188	1189	56	1217	5
1126	2549	1188	812	41	502	2
1127	2550	495	1188	183	1268	7
1128	2558	1190	1191	63	885	7
1129	2559	1192	1193	26	188	1
1130	2560	1194	1193	69	426	2
1131	2561	1193	1195	82	0	0
1132	2584	492	1196	181	2108	12
1133	2585	1197	1198	14	0	0
1134	2586	1198	1199	75	800	4
1135	2587	1200	1197	19	0	0
1136	2588	1201	496	146	962	7
1137	2589	1200	1202	41	520	3
1138	2590	1199	1201	146	1581	8
1139	2591	1202	1203	50	910	8
1140	2592	496	1204	153	1395	6
1141	2609	1205	1206	74	282	2
1142	2610	1207	1208	44	800	4
1143	2611	1209	1210	45	374	2
1144	2612	1211	1207	34	0	0
1145	2613	1206	1212	74	0	0
1146	2614	1206	1213	127	1326	7
1147	2615	1211	1214	55	748	4
1148	2616	1209	1215	72	681	6
1149	2617	1207	1209	84	0	0
1150	2618	1210	915	116	1566	6
1151	2619	1210	1216	51	1632	4
1152	2620	1205	1211	8	0	0
1153	2621	1217	1218	101	954	5
1154	2622	1219	1220	77	766	4
1155	2623	1221	1219	54	375	3
1156	2624	1219	1222	81	94	1
1157	2635	1224	1223	41	94	1
1158	2666	663	1225	30	187	2
1159	2677	1226	510	122	519	4
1160	2678	1227	1228	177	860	7
1161	2679	1226	1227	139	698	5
1162	2688	1229	1230	115	894	5
1163	2689	1231	1232	18	0	0
1164	2690	1231	1233	5	0	0
1165	2691	1232	1230	153	375	3
1166	2692	1233	1234	148	468	3
1167	2694	1235	1236	43	750	4
1168	2695	1237	275	142	298	2
1169	2696	1238	1239	97	656	4
1170	2697	1240	1241	225	1896	12
1171	2698	1242	1241	51	0	0
1172	2699	1243	1244	73	94	1
1173	2700	1244	1242	26	0	0
1174	2701	1245	1237	60	901	4
1175	2702	1241	1246	65	0	0
1176	2704	1246	1242	208	868	6
1177	2705	1237	1236	76	0	0
1178	2706	1246	1240	17	0	0
1179	2707	1247	1238	93	187	2
1180	2709	1248	1249	47	562	3
1181	2710	1250	1238	70	188	1
1182	2711	1248	1236	91	374	2
1183	2712	1240	1247	93	470	3
1184	2713	1247	1248	2	0	0
1185	2715	1252	952	360	3478	19
1186	2716	949	1252	303	3162	19
1187	2717	1253	1254	136	1216	7
1188	2755	1255	1256	109	910	3
1189	2759	1257	1258	140	187	2
1190	2760	1258	1063	29	0	0
1191	2761	1259	1260	62	0	0
1192	2762	1013	1258	38	0	0
1193	2763	1063	1259	265	1812	9
1194	2765	1261	1262	51	204	1
1195	2766	1263	1264	29	204	1
1196	2768	1265	1266	81	0	0
1197	2773	1264	826	9	0	0
1198	2774	831	1267	123	0	0
1199	2775	1268	826	69	0	0
1200	2776	1262	1269	74	408	1
1201	2777	831	1262	5	0	0
1202	2778	1266	830	32	0	0
1203	2780	828	1270	26	119	1
1204	2781	1271	1267	55	2040	4
1205	2783	1269	828	116	0	0
1206	2785	830	1264	50	0	0
1207	2786	685	77	123	1326	7
1208	2787	401	685	87	587	4
1209	2788	1272	1013	89	238	1
1210	2840	1273	1274	33	392	2
1211	2841	1275	1276	86	0	0
1212	2843	1277	1278	659	0	0
1213	2844	1279	1278	28	94	1
1214	2845	1280	1281	75	119	1
1215	2848	1282	1283	73	204	1
1216	2849	1284	1276	33	119	1
1217	2850	1285	1286	156	188	1
1218	2851	507	1274	313	0	0
1219	2852	1274	1283	66	0	0
1220	2853	1287	1288	34	0	0
1221	2854	1286	507	508	0	0
1222	2855	1289	1277	52	0	0
1223	2857	1289	1290	109	0	0
1224	2858	1283	1290	62	204	1
1225	2859	1285	1291	607	1114	2
1226	2860	1275	1287	699	94	1
1227	2863	1289	1280	113	0	0
1228	2864	1292	1293	34	910	5
1229	2865	1294	1295	31	5100	6
1230	2866	1296	1297	5	0	0
1231	2867	1298	1299	13	0	0
1232	2868	1297	1300	6	0	0
1233	2869	1293	1301	6	0	0
1234	2870	1302	1303	12	0	0
1235	2871	1304	1302	24	0	0
1236	2872	1302	1293	73	0	0
1237	2873	1299	1296	35	1020	1
1238	2875	1305	1306	115	2040	2
1239	2877	1300	1304	39	3452	14
1240	2878	1301	1303	90	7616	32
1241	2879	1303	1294	21	0	0
1242	2884	1307	1308	233	1922	11
1243	2885	1309	1310	88	485	4
1244	2886	1310	1307	70	426	2
1245	2887	1311	1310	34	605	4
1246	2888	1312	1307	38	1004	4
1247	2937	1313	1314	300	3128	17
1248	2938	1315	1313	28	0	0
1249	2939	1316	1315	31	0	0
1250	2940	1317	1316	19	374	2
1251	2941	1313	1316	16	0	0
1252	2942	927	214	77	0	0
1253	2943	1318	1319	379	1013	6
1254	2944	1318	927	99	0	0
1255	2948	136	196	107	612	3
1256	2949	136	1320	105	656	4
1257	2950	1320	1321	38	374	2
1258	2960	1322	1323	41	605	4
1259	2961	1324	1325	44	613	4
1260	2962	1228	1326	42	731	4
1261	2963	1324	1322	62	0	0
1262	2964	1324	1327	39	714	4
1263	2965	1228	1324	64	0	0
1264	2966	1322	1328	36	630	4
1265	2967	1228	1329	72	1157	6
1266	2968	1330	1331	43	816	2
1267	2969	1331	1077	157	1632	7
1268	2970	1332	1331	114	595	4
1269	2973	1333	1334	33	3060	3
1270	2976	1334	1335	28	0	0
1271	2978	1336	1337	110	1549	9
1272	2979	1338	1339	250	2874	15
1273	2980	684	73	66	596	2
1274	2981	1006	1067	113	799	5
1275	2982	568	1006	243	0	0
1276	3000	548	1340	342	188	1
1277	3001	1341	1342	46	94	1
1278	3002	1343	1344	71	0	0
1279	3003	1342	1345	46	0	0
1280	3004	1345	1343	69	0	0
1281	3005	1344	1226	39	0	0
1282	3006	1346	1343	37	740	4
1283	3007	1344	1347	35	494	4
1284	3008	1344	1348	36	714	4
1285	3009	1345	1349	37	690	4
1286	3010	1345	1350	35	825	4
1287	3011	1351	1343	40	799	4
1288	3022	1352	1353	60	0	0
1289	3024	506	1354	68	952	4
1290	3025	1353	1355	18	408	1
1291	3027	1356	1357	59	612	2
1292	3028	1358	1359	104	238	1
1293	3029	219	1360	48	391	3
1294	3030	1360	1361	21	0	0
1295	3031	1362	219	10	0	0
1296	3032	1363	1364	33	94	1
1297	3033	1365	1363	59	374	2
1298	3034	1361	1366	128	562	5
1299	3035	1352	1362	66	94	1
1300	3036	1366	1291	47	604	5
1301	3037	1352	1365	108	119	1
1302	3038	1367	1368	46	0	0
1303	3039	1366	1354	500	0	0
1304	3040	1368	1291	68	0	0
1305	3041	1357	1369	4	0	0
1306	3042	1370	1371	40	0	0
1307	3043	1360	1369	26	0	0
1308	3044	1372	1368	34	94	1
1309	3045	1373	1352	193	204	1
1310	3046	1357	1372	83	298	2
1311	3047	1371	1367	14	510	1
1312	3048	1373	1370	42	0	0
1313	3049	1365	1374	130	629	4
1314	3050	1372	1370	58	0	0
1315	3051	1369	1361	23	0	0
1316	3052	729	1375	250	1030	6
1317	3053	730	593	48	0	0
1318	3054	730	729	62	442	2
1319	3055	1376	1377	69	94	1
1320	3056	1378	1379	102	672	4
1321	3057	1380	1381	36	562	3
1322	3058	1382	1376	116	0	0
1323	3059	1383	1378	24	0	0
1324	3060	1384	1385	76	0	0
1325	3061	1385	1386	49	0	0
1326	3062	1385	1387	271	2874	19
1327	3063	605	728	90	0	0
1328	3064	1388	1385	159	2746	10
1329	3065	1389	1382	129	776	6
1330	3066	1390	1389	33	0	0
1331	3067	1391	1384	53	527	2
1332	3069	1390	1379	75	0	0
1333	3070	1383	1381	52	392	2
1334	3071	1376	190	231	0	0
1335	3072	1386	1383	93	639	5
1336	3073	728	1384	71	0	0
1337	3074	1381	1392	52	740	4
1338	3075	599	605	13	0	0
1339	3076	1393	1259	153	3189	11
1340	3085	1394	1395	147	2278	12
1341	3086	1396	1397	126	238	1
1342	3087	1398	1399	151	213	2
1343	3088	1400	1401	46	188	1
1344	3091	1402	1403	29	408	2
1345	3093	1404	1397	47	0	0
1346	3094	1405	1404	104	204	1
1347	3096	1406	1407	28	188	1
1348	3098	1408	1409	65	204	1
1349	3100	1402	1410	355	0	0
1350	3101	1399	1411	280	0	0
1351	3103	1411	1401	148	0	0
1352	3104	1401	1406	417	0	0
1353	3106	1364	1402	203	0	0
1354	3107	1399	1412	96	94	1
1355	3110	1414	1413	1024	0	0
1356	3111	1415	1410	57	0	0
1357	3112	1412	1415	185	0	0
1358	3114	531	1414	338	188	1
1359	3116	1410	1417	137	204	1
1360	3118	1404	1411	232	0	0
1361	3119	1415	1409	315	0	0
1362	3120	1417	1418	25	0	0
1363	3121	1418	1416	28	408	2
1364	3123	1419	1420	83	188	1
1365	3124	1421	1422	66	935	3
1366	3125	1423	1419	28	0	0
1367	3126	1423	1004	41	0	0
1368	3127	1424	1425	2	0	0
1369	3128	1426	1427	20	0	0
1370	3129	1425	1428	39	391	3
1371	3130	1429	1430	41	374	2
1372	3131	1231	1424	99	0	0
1373	3132	1427	1431	88	0	0
1374	3133	1004	1432	28	0	0
1375	3134	1431	1429	50	323	2
1376	3135	1419	1426	64	0	0
1377	3136	736	1231	124	1208	6
1378	3137	711	1421	27	0	0
1379	3138	1421	1432	29	0	0
1380	3139	1432	994	26	0	0
1381	3140	1428	1433	43	282	2
1382	3141	1433	1434	27	204	1
1383	3142	1435	736	168	1488	9
1384	3144	1434	711	8	0	0
1385	3145	1436	1437	27	0	0
1386	3146	1438	1439	40	674	4
1387	3147	1439	1440	123	561	4
1388	3148	1437	1439	245	1564	10
1389	3149	1436	491	205	1616	10
1390	3150	1441	1440	244	2703	17
1391	3151	1442	1443	281	94	1
1392	3152	1443	1444	613	0	0
1393	3153	1443	408	586	0	0
1394	3155	310	49	182	0	0
1395	3156	1444	310	317	282	2
1396	3157	408	1445	2	0	0
1397	3158	1446	1445	256	629	4
1398	3159	1444	1447	268	187	2
1399	3160	1448	1449	58	204	1
1400	3161	1450	1451	46	119	1
1401	3162	1452	1453	33	94	1
1402	3163	1454	1455	220	1360	6
1403	3164	743	1453	174	1208	5
1404	3165	1451	1454	173	902	5
1405	3166	1449	1451	3	0	0
1406	3167	1449	1453	133	894	5
1407	3169	1456	1457	125	963	6
1408	3170	1458	1459	105	1547	8
1409	3171	1459	1460	37	94	1
1410	3172	1460	1461	42	238	1
1411	3173	1462	1456	62	800	4
1412	3174	1463	1464	103	1302	6
1413	3175	1465	1466	23	0	0
1414	3176	1464	1467	51	94	1
1415	3177	1468	1459	61	408	2
1416	3178	1464	1469	108	970	4
1417	3179	1470	1466	147	749	5
1418	3180	1457	1468	90	784	4
1419	3181	1461	1463	13	0	0
1420	3182	1467	1465	57	0	0
1421	3202	1471	1472	164	776	6
1422	3203	1473	1474	39	5100	5
1423	3237	493	1475	168	2500	13
1424	3250	1476	1477	90	1004	3
1425	3251	1478	1476	145	1029	4
1426	3252	440	1476	203	827	5
1427	3253	1479	1480	53	204	1
1428	3254	1481	1482	19	94	1
1429	3255	1483	1484	56	204	1
1430	3256	1485	1479	79	323	2
1431	3257	1485	1446	61	596	3
1432	3258	1486	1487	50	94	1
1433	3259	1130	1488	53	187	2
1434	3260	1488	1489	129	918	5
1435	3261	1489	1490	49	0	0
1436	3262	1491	1485	76	0	0
1437	3263	1484	1482	107	375	3
1438	3264	1482	295	35	0	0
1439	3265	1479	1486	7	0	0
1440	3266	1491	1124	77	502	3
1441	3267	1487	1130	7	0	0
1442	3268	1490	1484	32	0	0
1443	3269	1486	1492	78	94	1
1444	3270	1489	1493	39	426	3
1445	3271	1494	1495	47	1802	4
1446	3272	1496	1494	103	969	4
1447	3274	1495	1497	19	0	0
1448	3277	1498	1499	166	3053	13
1449	3278	1499	1500	7	0	0
1450	3279	1501	1502	30	0	0
1451	3280	1503	1504	133	5712	24
1452	3281	1502	1503	87	4284	18
1453	3282	1505	1335	155	1666	14
1454	3283	1335	1506	64	595	4
1455	3284	1507	1508	104	0	0
1456	3285	1509	1507	267	4210	20
1457	3288	1510	1511	67	469	4
1458	3289	1457	1512	114	970	5
1459	3290	1513	1510	58	392	2
1460	3291	1512	1514	22	0	0
1461	3292	1515	1511	92	953	6
1462	3293	1516	1512	49	587	4
1463	3294	1511	1514	80	486	3
1464	3295	1517	1510	71	401	3
1465	3296	351	1518	190	1438	8
1466	3297	1519	1520	46	204	1
1467	3298	1521	1522	248	94	1
1468	3299	1523	1524	44	298	2
1469	3300	1520	1521	276	0	0
1470	3302	892	1520	139	0	0
1471	3303	1524	1521	84	0	0
1472	3304	1525	1526	305	2952	18
1473	3305	1440	1527	150	2305	12
1474	3309	1528	1529	5	0	0
1475	3310	1530	1528	172	2397	8
1476	3311	1530	1205	34	0	0
1477	3312	1530	1531	78	1438	7
1478	3314	1199	1532	308	3418	19
1479	3315	1533	1534	147	2619	12
1480	3336	1535	1536	255	3299	16
1481	3338	1537	1538	128	844	5
1482	3339	1539	1540	148	2049	12
1483	3340	124	1541	128	3155	10
1484	3341	1542	1543	241	1378	7
1485	3342	1544	1542	25	94	1
1486	3343	1545	1544	100	282	2
1487	3344	1546	1547	42	536	4
1488	3345	1546	1227	39	0	0
1489	3346	1548	1549	39	1038	4
1490	3347	1550	1548	69	0	0
1491	3348	1551	1550	36	485	4
1492	3349	1548	1546	67	0	0
1493	3350	1546	1552	40	724	4
1494	3351	1550	1553	35	629	4
1495	3352	1548	1554	37	621	4
1496	3353	516	1555	122	986	5
1497	3354	1556	1557	34	605	4
1498	3355	1558	1559	32	374	4
1499	3356	1556	1560	32	749	5
1500	3357	1555	1556	77	0	0
1501	3358	1556	1558	80	0	0
1502	3359	1555	1561	75	885	5
1503	3360	1558	1562	33	494	4
1504	3361	1563	26	87	3758	13
1505	3362	1564	1563	22	408	1
1506	3363	1565	1564	5	0	0
1507	3364	1566	1567	64	4362	10
1508	3365	1568	1566	4	0	0
1509	3366	1567	403	24	0	0
1510	3367	403	26	66	1021	6
1511	3368	1069	210	282	2322	14
1512	3369	708	1569	35	0	0
1513	3370	1569	1570	156	468	3
1514	3371	701	1571	174	188	1
1515	3372	1570	1572	84	282	2
1516	3373	1573	707	189	282	2
1517	3374	1574	1573	31	0	0
1518	3382	1575	1576	34	119	1
1519	3383	1267	1577	124	0	0
1520	3384	1578	1579	53	442	2
1521	3385	1580	1581	78	408	1
1522	3387	1582	1583	33	188	1
1523	3388	1576	1581	8	0	0
1524	3390	1271	1577	36	0	0
1525	3392	1577	1579	31	0	0
1526	3393	1583	1271	20	0	0
1527	3395	1585	1576	83	0	0
1528	3397	1581	1584	21	510	1
1529	3398	1586	1587	37	469	4
1530	3399	1588	1589	40	852	4
1531	3400	1589	1590	66	238	1
1532	3401	1591	1592	99	893	6
1533	3405	1593	27	135	5866	20
1534	3406	1594	1595	123	1853	10
1535	3407	1596	1597	257	188	1
1536	3408	1596	1598	1041	0	0
1537	3409	1599	1596	253	0	0
1538	3410	1600	1599	55	0	0
1539	3411	1600	1601	23	282	2
1540	3412	1598	1602	47	536	3
1541	3413	1603	601	160	2170	12
1542	3414	1070	1604	117	1080	6
1543	3433	1605	1606	358	867	5
1544	3434	1606	1607	228	1914	9
1545	3435	1608	1609	60	486	3
1546	3436	1610	1611	73	844	5
1547	3437	1612	1613	47	775	5
1548	3438	1614	1608	49	0	0
1549	3439	1615	1614	73	188	1
1550	3440	1616	1617	47	800	4
1551	3441	1614	1612	95	374	2
1552	3442	1618	1619	74	748	4
1553	3443	1618	1616	96	282	2
1554	3444	1612	1618	100	374	2
1555	3445	1616	1610	53	0	0
1556	3446	1608	1620	67	867	5
1557	3448	1621	1622	319	1191	7
1558	3449	1621	1623	55	562	3
1559	3450	1624	1621	78	1277	6
1560	3451	1625	1626	293	4522	24
1561	3452	1627	1628	14	1548	10
1562	3453	1629	1627	17	0	0
1563	3455	1630	1631	377	188	1
1564	3456	1632	1633	52	0	0
1565	3457	1634	1635	27	0	0
1566	3458	1636	1637	146	94	1
1567	3459	1630	1638	59	0	0
1568	3460	1639	1634	163	204	1
1569	3461	1640	1641	49	238	1
1570	3462	1642	1632	59	188	1
1571	3464	1634	1643	15	0	0
1572	3466	1637	1638	383	0	0
1573	3467	1643	1645	713	816	2
1574	3468	1635	1643	26	0	0
1575	3469	1638	1641	259	0	0
1576	3470	553	1633	255	0	0
1577	3471	574	1645	369	0	0
1578	3472	1633	1644	40	0	0
1579	3474	1641	1644	72	0	0
1580	3475	1637	1635	145	0	0
1581	3485	95	1646	141	1216	8
1582	3486	1604	1647	47	375	3
1583	3487	1604	1067	227	2152	11
1584	3488	1648	1649	223	1564	6
1585	3508	704	1650	130	282	2
1586	3521	1651	1652	42	392	2
1587	3522	1653	1221	18	0	0
1588	3523	1654	1655	117	1446	3
1589	3524	1656	1657	33	0	0
1590	3525	1656	1658	7	0	0
1591	3526	1222	1653	66	800	3
1592	3527	1653	1659	53	1020	3
1593	3528	1222	1660	65	656	4
1594	3529	1661	1662	34	0	0
1595	3530	1658	1654	58	800	3
1596	3532	1656	1651	40	1598	4
1597	3533	1655	1662	21	0	0
1598	3534	1661	1221	55	0	0
1599	3535	1663	835	89	1496	10
1600	3536	1664	834	146	1531	12
1601	3537	1665	1664	34	0	0
1602	3538	1665	1655	36	0	0
1603	3540	1662	1665	23	0	0
1604	3563	1666	1667	27	188	1
1605	3564	1668	1669	12	0	0
1606	3565	1670	1671	29	0	0
1607	3566	1672	1492	89	187	2
1608	3567	1669	1667	50	187	2
1609	3568	1673	1668	50	94	1
1610	3569	1671	1673	31	0	0
1611	3570	1490	1670	88	605	4
1612	3572	1492	1446	10	0	0
1613	3573	1667	1672	18	0	0
1614	3574	1669	1674	66	94	1
1615	3575	1674	1675	111	323	2
1616	3576	1674	1666	88	0	0
1617	3577	1676	1671	195	612	3
1618	3578	1676	1673	153	723	6
1619	3579	1677	220	259	1583	9
1620	3584	1678	1679	61	656	4
1621	3585	1680	1679	105	94	1
1622	3586	1679	1681	107	1309	8
1623	3587	1682	1683	91	1208	4
1624	3588	1684	1378	259	2305	12
1625	3589	1685	1684	82	374	2
1626	3590	1386	1682	153	613	4
1627	3591	1686	1685	77	1309	5
1628	3592	1682	1685	71	204	1
1629	3609	1687	1688	202	2142	10
1630	3640	1689	1062	240	3316	18
1631	3681	1690	1691	83	188	1
1632	3685	1692	1693	1355	0	0
1633	3686	1691	394	145	0	0
1634	3687	1692	1694	25	374	2
1635	3688	1694	1691	197	0	0
1636	3692	292	1695	1475	0	0
1637	3693	295	292	21	0	0
1638	3694	1696	1695	349	94	1
1639	3695	1697	839	67	204	1
1640	3696	845	839	38	0	0
1641	3697	1698	1699	52	578	5
1642	3698	845	1700	93	706	4
1643	3699	1698	1700	28	188	1
1644	3704	1379	1701	145	1473	9
1645	3705	1701	1390	156	562	3
1646	3707	1702	1703	90	0	0
1647	3708	1703	215	129	986	4
1648	3709	1704	1702	55	323	2
1649	3710	218	1702	259	3214	15
1650	3712	1308	1705	88	1158	5
1651	3713	1472	410	9	0	0
1652	3714	1706	1707	42	630	3
1653	3715	1705	1708	185	1454	10
1654	3716	1707	1472	124	1183	6
1655	3717	1709	410	114	470	3
1656	3718	1308	1709	249	3145	15
1657	3719	1709	1710	99	187	2
1658	3722	1711	1098	207	0	0
1659	3723	1713	130	145	562	3
1660	3724	1713	1714	198	732	5
1661	3725	1715	1716	23	94	1
1662	3726	1717	1455	110	94	1
1663	3727	1716	747	202	0	0
1664	3728	1718	1455	251	0	0
1665	3729	1719	1718	8	0	0
1666	3730	1101	1716	293	0	0
1667	3731	747	1719	310	0	0
1668	3734	1720	1721	82	748	4
1669	3735	1722	1723	86	1030	6
1670	3736	1724	1725	191	2959	15
1671	3737	1726	1727	95	1489	8
1672	3738	1724	362	86	562	3
1673	3739	1728	1729	343	614	4
1674	3740	1727	1725	87	0	0
1675	3741	1730	1725	81	1310	5
1676	3742	1721	1723	2	0	0
1677	3743	1731	1732	63	876	4
1678	3744	1733	1731	95	969	6
1679	3745	1734	1728	107	775	5
1680	3746	362	1728	48	0	0
1681	3747	1735	1721	77	376	2
1682	3748	1736	1737	90	1157	6
1683	3750	1738	1727	78	1344	6
1684	3751	1737	1735	11	0	0
1685	3752	1731	1737	80	188	1
1686	3753	1723	1727	83	0	0
1687	3754	1739	1740	49	204	1
1688	3756	1741	1742	76	1632	4
1689	3758	1743	1744	31	94	1
1690	3764	1745	1746	86	188	1
1691	3765	1747	1748	123	204	1
1692	3766	799	1749	59	0	0
1693	3769	1748	1749	555	0	0
1694	3771	1648	1039	51	0	0
1695	3772	1744	1740	259	94	1
1696	3773	1750	1338	92	408	1
1697	3774	1748	326	146	0	0
1698	3775	1338	1543	107	374	2
1699	3776	1745	1622	73	307	2
1700	3777	1622	1648	52	238	1
1701	3778	1039	1750	44	0	0
1702	3779	1543	1744	63	0	0
1703	3782	1751	1745	21	0	0
1704	3783	1740	326	160	0	0
1705	3789	1742	799	17	0	0
1706	3794	1752	1753	16	962	5
1707	3795	1752	1754	17	1003	5
1708	3796	1755	1752	124	1105	6
1709	3798	1756	1757	129	1607	9
1710	3799	1465	1758	167	1174	6
1711	3800	1758	1759	75	188	1
1712	3801	1759	1760	79	374	2
1713	3802	1760	1761	23	0	0
1714	3803	1762	834	42	298	2
1715	3804	1763	489	154	1642	8
1716	3805	1764	1765	76	902	4
1717	3806	1766	1767	86	656	6
1718	3809	1761	1769	125	0	0
1719	3810	1770	1771	32	451	3
1720	3811	1772	1212	41	374	2
1721	3812	1773	1771	19	0	0
1722	3813	1774	1775	167	1599	9
1723	3814	1770	1776	200	1081	8
1724	3815	1777	1778	80	596	2
1725	3817	1775	1779	53	94	1
1726	3818	1778	1260	236	1914	6
1727	3819	1767	1780	68	0	0
1728	3820	1781	1212	215	2160	13
1729	3821	1782	1783	105	986	6
1730	3822	1776	1767	97	690	3
1731	3823	1784	1785	157	1405	6
1732	3824	1780	1777	438	5202	23
1733	3825	906	1786	38	0	0
1734	3826	1430	847	78	782	3
1735	3827	1761	1768	452	2168	11
1736	3828	1517	906	27	0	0
1737	3829	1787	1773	114	476	3
1738	3830	1783	1787	100	1488	7
1739	3831	1779	1772	8	0	0
1740	3832	1785	1781	31	0	0
1741	3833	1786	1774	36	281	4
1742	3834	1260	1769	230	0	0
1743	3835	1782	847	290	2500	12
1744	3837	1770	1788	61	0	0
1745	3838	1789	1771	7	0	0
1746	3840	1788	1790	53	282	2
1747	3841	1789	1791	197	238	1
1748	3844	901	1774	51	0	0
1749	3845	1792	1793	69	681	6
1750	3846	1794	1795	138	1089	8
1751	3847	1795	1796	76	1131	8
1752	3860	1797	1798	34	0	0
1753	3861	1798	1799	260	282	2
1754	3862	1799	1734	95	94	1
1755	3863	1734	1800	553	1456	9
1756	3870	1801	1802	49	188	1
1757	3871	1735	1801	409	4820	22
1758	3872	1803	1801	65	374	4
1759	3873	1804	731	119	1633	8
1760	3891	1805	1806	65	1667	8
1761	3892	1806	807	162	1751	10
1762	3893	1806	1807	24	0	0
1763	3894	1807	1808	65	1030	7
1764	3895	1809	1807	55	94	1
1765	3906	1810	1811	17	119	1
1766	3907	1811	1812	47	799	4
1767	3908	1813	1814	74	1208	5
1768	3909	1813	1815	35	204	1
1769	3910	1811	1813	80	690	4
1770	3911	1816	1625	91	578	3
1771	3912	1817	1816	62	485	4
1772	3917	1818	1819	75	970	4
1773	3934	1820	1821	5	0	0
1774	3935	1821	1822	136	1896	10
1775	3937	1426	1823	148	801	5
1776	3938	1824	1825	193	408	1
1777	3939	96	1825	66	0	0
1778	3940	1826	1827	91	656	4
1779	3941	1825	1827	4	0	0
1780	3961	1703	1714	139	910	3
1781	3962	1714	1828	265	2084	13
1782	3963	1829	592	68	944	4
1783	4001	1830	1831	33	8080	20
1784	4012	1833	1830	22	0	0
1785	4021	220	1834	108	0	0
1786	4022	1835	220	106	0	0
1787	4023	1254	1132	77	188	1
1788	4024	1835	1836	98	94	1
1789	4025	1132	1837	95	928	4
1790	4026	1837	1777	4	0	0
1791	4027	1838	1314	53	0	0
1792	4029	1838	1254	53	0	0
1793	4030	221	1839	208	2040	8
1794	4031	1840	1314	4	0	0
1795	4032	1841	1842	263	188	1
1796	4033	1834	221	24	0	0
1797	4034	1842	1836	73	0	0
1798	4035	1839	1840	141	963	6
1799	4050	1843	1844	123	1659	8
1800	4051	1845	1846	48	0	0
1801	4052	1847	1848	185	749	5
1802	4053	1849	1847	88	1464	8
1803	4054	1850	1845	81	307	2
1804	4055	1851	1846	36	374	2
1805	4056	1852	1853	63	708	4
1806	4057	1852	1850	9	0	0
1807	4058	1845	1854	79	1047	7
1808	4059	1846	1843	47	0	0
1809	4060	1850	1855	57	706	4
1810	4061	1848	1852	86	0	0
1811	4062	1856	1843	43	282	2
1812	4121	1857	1858	285	2510	15
1813	4122	1859	1860	186	1684	9
1814	4123	1861	1859	37	0	0
1815	4124	1862	1863	189	188	1
1816	4129	1861	1864	49	0	0
1817	4130	1865	1866	59	0	0
1818	4131	1864	1866	496	0	0
1819	4133	1866	1863	142	0	0
1820	4134	1867	1868	42	374	2
1821	4136	1869	1870	156	706	4
1822	4137	419	417	58	0	0
1823	4138	1871	1857	48	188	1
1824	4139	1430	1872	109	782	3
1825	4141	1873	1874	86	282	2
1826	4142	1868	415	27	0	0
1827	4143	1875	1869	105	0	0
1828	4144	1875	1874	152	1234	7
1829	4145	1857	1876	95	749	5
1830	4146	1877	417	175	0	0
1831	4147	1717	1877	198	408	2
1832	4148	1878	1873	17	0	0
1833	4149	1876	1525	82	188	1
1834	4150	415	1865	15	0	0
1835	4151	1872	1871	32	0	0
1836	4152	1879	1870	79	374	2
1837	4154	1868	419	12	0	0
1838	4156	1525	1878	75	690	3
1839	4157	1879	1880	60	646	2
1840	4158	1061	802	71	850	4
1841	4159	802	1010	77	613	4
1842	4172	1881	1882	18	562	3
1843	4173	1171	1883	8	0	0
1844	4174	1884	1885	116	3928	21
1845	4175	1886	1887	27	0	0
1846	4176	1885	1888	24	748	4
1847	4177	1889	1882	39	1310	7
1848	4178	1884	1889	19	0	0
1849	4179	1890	1886	34	374	2
1850	4180	1887	1891	15	2244	12
1851	4181	1881	1890	25	748	4
1852	4182	1883	1884	101	1530	7
1853	4202	1892	1893	113	681	4
1854	4204	1894	1895	72	655	4
1855	4205	1896	1897	76	0	0
1856	4206	1898	1899	54	486	3
1857	4207	1900	1901	168	1082	6
1858	4208	1902	1896	135	1115	6
1859	4209	1903	1904	66	612	2
1860	4210	1905	1900	81	689	4
1861	4211	1897	1906	62	681	4
1862	4212	1907	1908	38	0	0
1863	4213	1896	1909	47	401	3
1864	4214	1899	1902	96	213	2
1865	4215	1910	1911	87	680	5
1866	4216	1910	1900	65	0	0
1867	4217	1908	1912	34	902	4
1868	4218	1904	1901	78	374	2
1869	4219	1895	1907	53	282	2
1870	4220	1908	1910	26	0	0
1871	4221	863	1895	104	408	1
1872	4222	1897	1907	95	238	1
1873	4223	1901	1902	263	1794	12
1874	4224	1900	1899	90	376	2
1875	4225	1913	1904	76	426	3
1876	4231	1914	1915	88	323	2
1877	4247	1916	1917	79	1522	5
1878	4248	1918	316	41	0	0
1879	4249	1919	1532	91	639	4
1880	4250	1916	1920	45	94	1
1881	4251	1921	1204	19	0	0
1882	4252	497	1532	85	520	3
1883	4253	1922	1923	188	188	1
1884	4254	1924	1925	86	987	5
1885	4255	316	1922	291	2092	9
1886	4256	1926	1918	110	0	0
1887	4257	1204	1926	75	493	3
1888	4258	1920	497	23	0	0
1889	4259	1921	1916	131	646	2
1890	4260	1927	1918	82	1836	5
1891	4261	1925	1919	14	0	0
1892	4262	1928	1922	45	612	3
1893	4263	1929	1930	168	1998	10
1894	4264	1929	335	82	969	4
1895	4265	1931	1929	82	1735	8
1896	4266	1930	1932	43	323	2
1897	4267	1933	143	289	1564	10
1898	4268	143	1586	74	119	1
1899	4269	1590	1586	84	187	2
1900	4270	1590	873	143	188	1
1901	4271	1934	1935	154	799	5
1902	4272	1760	1936	93	612	3
1903	4273	1937	1934	85	1064	5
1904	4274	1936	1937	89	1564	6
1905	4290	1938	1939	60	94	1
1906	4292	1940	1941	96	94	1
1907	4295	1942	1943	17	94	1
1908	4298	1944	1945	33	510	1
1909	4299	1946	1947	26	94	1
1910	4301	1948	1949	32	94	1
1911	4307	1950	1951	10	0	0
1912	4308	342	1950	105	596	3
1913	4312	1939	1954	776	0	0
1914	4315	1957	1943	131	0	0
1915	4316	1958	342	89	282	2
1916	4317	1943	1954	163	0	0
1917	4319	1959	1960	55	0	0
1918	4322	1944	1940	349	0	0
1919	4323	1952	1961	32	282	2
1920	4324	1962	1958	50	0	0
1921	4325	1955	1963	71	298	2
1922	4326	1947	1962	27	0	0
1923	4327	1960	1957	14	502	2
1924	4330	1964	1953	47	408	2
1925	4332	792	1939	24	0	0
1926	4334	1956	1965	5	850	5
1927	4337	1963	1959	179	0	0
1928	4338	1948	1954	133	0	0
1929	4339	1962	390	202	0	0
1930	4348	1966	1967	303	1888	13
1931	4349	1968	1969	49	817	5
1932	4353	1970	1971	27	0	0
1933	4356	1972	1970	17	0	0
1934	4359	1973	1974	23	94	1
1935	4360	1975	1970	95	0	0
1936	4366	1977	1978	11	119	1
1937	4367	1977	1975	30	0	0
1938	4370	1974	1979	12	0	0
1939	4371	1980	1981	22	282	2
1940	4372	1979	1975	10	94	1
1941	4373	1265	1982	74	282	2
1942	4374	1983	1984	5	0	0
1943	4377	1986	1972	6	0	0
1944	4378	1987	1988	140	323	2
1945	4379	1989	1974	9	0	0
1946	4380	1981	1990	40	204	1
1947	4382	1971	1986	23	94	1
1948	4383	1991	1989	58	298	2
1949	4384	1978	1992	22	0	0
1950	4385	1990	1971	20	0	0
1951	4387	1972	1987	6	0	0
1952	4388	1988	794	44	0	0
1953	4389	1993	1983	54	510	1
1954	4391	1987	1991	28	0	0
1955	4392	1984	1976	43	408	2
1956	4393	1985	789	23	408	1
1957	4394	1992	1982	27	282	2
1958	4396	1993	1982	50	0	0
1959	4397	1994	1995	92	1105	6
1960	4403	1892	74	234	2449	13
1961	4416	1996	1997	53	493	3
1962	4417	1997	1998	81	1472	6
1963	4418	505	1997	152	1344	6
1964	4419	1858	1999	136	374	2
1965	4420	1858	1876	212	2203	14
1966	4421	2000	2001	86	94	1
1967	4422	1337	2002	30	0	0
1968	4423	2001	1309	48	0	0
1969	4424	494	1708	22	0	0
1970	4425	2002	2003	41	655	5
1971	4426	1708	1436	93	374	2
1972	4427	339	2001	69	282	2
1973	4428	2002	1309	45	204	1
1974	4429	494	1337	124	1106	8
1975	4430	2004	1816	75	1362	6
1976	4431	2005	1925	134	1072	5
1977	4432	1626	2006	46	782	3
1978	4433	2007	1626	49	1387	7
1979	4434	2008	2009	111	0	0
1980	4435	2010	2011	11	0	0
1981	4436	2012	2007	67	1174	5
1982	4437	2013	2014	50	0	0
1983	4438	2011	2015	58	0	0
1984	4439	1816	2016	105	374	4
1985	4440	2015	2013	67	0	0
1986	4441	2006	2004	137	2901	12
1987	4442	2016	2005	7	0	0
1988	4517	2017	1435	5	0	0
1989	4538	2018	2017	155	375	3
1990	4582	2019	2020	46	860	5
1991	4584	2014	2019	86	1199	8
1992	4585	2014	2011	179	3784	11
1993	4586	2021	1008	109	963	6
1994	4587	1790	2022	203	2041	13
1995	4588	2023	2024	36	204	1
1996	4591	2025	2024	23	0	0
1997	4592	2026	2027	53	1124	10
1998	4593	2028	2025	98	204	1
1999	4594	2024	2029	41	408	2
2000	4595	2027	2030	117	1642	10
2001	4596	2027	2031	72	119	1
2002	4597	2031	2028	80	408	2
2003	4598	2028	2032	127	876	5
2004	4607	2033	2034	115	1029	4
2005	4608	2035	2036	238	0	0
2006	4609	2034	2037	123	357	3
2007	4610	2035	2033	828	408	1
2008	4611	2034	2038	76	0	0
2009	4612	2039	2035	24	0	0
2010	4644	2040	2041	141	94	1
2011	4645	2042	2043	142	0	0
2012	4646	2044	2045	27	0	0
2013	4647	1186	1187	84	0	0
2014	4648	2045	2042	58	204	1
2015	4649	439	2046	60	0	0
2016	4650	2047	1186	265	204	1
2017	4651	2048	2047	27	0	0
2018	4652	968	2044	120	0	0
2019	4653	2049	2050	389	0	0
2020	4655	2043	2049	455	0	0
2021	4656	2050	439	112	204	1
2022	4657	2046	2048	106	213	2
2023	4660	2051	2040	511	0	0
2024	4661	2045	2052	110	298	2
2025	4662	2051	2053	903	0	0
2026	4663	2054	2053	377	0	0
2027	4666	2047	2054	400	0	0
2028	4667	2055	2056	15	2720	4
2029	4678	2057	547	68	629	4
2030	4679	329	2058	181	1139	8
2031	4680	2059	2060	168	614	3
2032	4681	2061	996	139	0	0
2033	4682	2060	1229	231	748	4
2034	4683	2061	2060	148	468	3
2035	4684	2062	2063	55	800	3
2036	4685	337	2055	36	0	0
2037	4686	2062	337	76	0	0
2038	4687	2062	328	77	0	0
2039	4732	2064	2065	242	2330	13
2040	4733	2066	2065	97	1863	7
2041	4734	2067	2068	119	1310	7
2042	4735	2069	2070	42	995	5
2043	4736	2065	2069	78	119	1
2044	4737	2068	100	171	749	5
2045	4738	2071	2068	138	2678	13
2046	4739	2069	2067	149	1496	8
2047	4740	2072	2073	101	374	2
2048	4741	2074	2073	98	417	3
2049	4742	2075	2074	207	1081	6
2050	4743	2076	2077	102	1080	7
2051	4744	2072	2078	59	655	5
2052	4745	2074	2079	129	816	5
2053	4746	2080	2072	65	282	2
2054	4747	2081	2076	116	595	4
2055	4748	2073	2076	98	0	0
2056	4751	2082	2083	223	1898	12
2057	4752	2084	2085	365	1676	7
2058	4753	1717	2086	69	0	0
2059	4754	2087	2088	24	0	0
2060	4755	2086	2084	107	238	1
2061	4756	2085	2087	147	800	4
2062	4757	2089	2086	82	757	5
2063	4762	2090	2091	11	0	0
2064	4763	2092	2093	84	0	0
2065	4766	2090	2094	23	0	0
2066	4768	2095	2091	23	6494	8
2067	4770	2096	2097	3	0	0
2068	4772	2094	2096	18	374	2
2069	4773	1081	2098	76	0	0
2070	4778	2100	2101	160	0	0
2071	4779	2102	2103	246	1649	10
2072	4780	2093	2104	58	502	2
2073	4781	2105	597	16	0	0
2074	4782	2102	2106	76	281	3
2075	4783	2097	2099	16	0	0
2076	4784	2106	2107	91	579	4
2077	4785	2099	2108	83	0	0
2078	4786	2107	2109	11	0	0
2079	4787	2103	2110	82	901	4
2080	4788	1081	2097	36	0	0
2081	4789	2111	2108	8	0	0
2082	4790	2093	2100	49	204	1
2083	4791	2111	1080	136	0	0
2084	4792	2104	2112	52	0	0
2085	4793	2113	2098	21	0	0
2086	4794	2108	2101	9	0	0
2087	4795	2105	2109	250	1114	7
2088	4799	2112	2111	9	0	0
2089	4800	2110	2100	27	408	1
2090	4801	2113	1565	102	0	0
2091	4802	2098	1080	76	0	0
2092	4803	2114	2115	26	860	5
2093	4804	2115	2116	60	1454	7
2094	4805	2116	1593	112	4617	18
2095	4806	1660	2114	74	4013	13
2096	4807	2117	1751	143	469	4
2097	4808	2118	2117	145	979	6
2098	4816	2119	804	78	1948	7
2099	4817	2120	2119	235	2985	11
2100	4818	1874	2121	192	1751	9
2101	4819	703	1823	97	408	2
2102	4820	1435	2122	4	0	0
2103	4821	1085	1872	94	1428	5
2104	4822	706	2123	109	570	3
2105	4823	1234	2123	72	0	0
2106	4824	2124	712	88	94	1
2107	4825	2123	2124	76	0	0
2108	4826	1823	1085	140	1590	9
2109	4827	2122	735	205	1004	5
2110	4866	2125	2126	197	996	7
2111	4903	28	2127	66	1437	8
2112	4919	2128	2129	16	94	1
2113	4923	2130	2131	62	656	4
2114	4924	2130	2132	175	774	6
2115	4925	2133	2130	101	860	5
2116	4926	2132	2134	120	187	2
2117	4927	2135	2132	237	0	0
2118	4928	2131	2136	15	392	2
2119	4929	2137	2131	61	570	3
2120	4930	2138	2139	275	4370	27
2121	4931	1053	2138	5	0	0
2122	4932	2139	2031	53	392	2
2123	4936	2140	2141	100	1158	5
2124	4937	2142	2141	99	502	2
2125	4938	2141	2143	78	595	3
2126	4939	2144	2145	4	0	0
2127	4940	2146	2144	66	1224	3
2128	4941	2147	2148	3	0	0
2129	4942	2148	336	127	1530	7
2130	4943	2149	336	72	681	4
2131	4944	1568	2145	47	0	0
2132	4945	2147	2150	26	0	0
2133	4946	2145	2149	54	0	0
2134	4947	2151	2152	120	0	0
2135	4948	2153	2149	71	0	0
2136	4949	2154	2153	124	816	2
2137	4951	2155	2156	66	408	1
2138	4952	2155	2157	6	0	0
2139	4954	2155	28	93	3588	18
2140	4960	1574	2158	144	188	1
2141	4961	1574	2018	244	94	1
2142	4965	2159	2160	51	7372	24
2143	4968	2161	2162	59	2040	4
2144	4969	2163	2164	18	655	5
2145	4970	2152	2150	14	0	0
2146	4971	184	2165	34	417	3
2147	4972	2166	2163	41	5850	9
2148	4973	2160	184	49	1574	9
2149	4974	2167	2162	41	204	1
2150	4975	2167	2160	17	204	1
2151	4976	2162	2168	15	2432	13
2152	4977	2164	2150	4	0	0
2153	4978	2165	2166	24	238	1
2154	4979	2168	2169	57	0	0
2155	5063	27	2170	106	2186	11
2156	5064	1762	2171	51	1506	5
2157	5065	2172	1661	33	656	4
2158	5066	2171	2172	121	3392	22
2159	5067	2170	1762	49	1250	6
2160	5078	2173	2174	46	656	4
2161	5079	2175	2176	43	374	2
2162	5080	2176	2174	42	188	1
2163	5081	2174	2177	125	468	3
2164	5082	1320	2176	89	656	4
2165	5083	1230	733	114	800	4
2166	5084	1230	2178	102	0	0
2167	5085	2178	1003	56	850	4
2168	5086	733	2179	8	0	0
2169	5089	2180	2181	117	94	1
2170	5090	2181	1780	99	282	2
2171	5091	2182	2181	147	1369	7
2172	5092	1535	2182	103	656	4
2173	5093	1923	616	184	2781	14
2174	5103	2183	2184	50	0	0
2175	5104	2185	2183	108	1302	8
2176	5108	810	2186	89	859	6
2177	5109	444	2142	95	468	3
2178	5110	2187	2188	236	826	6
2179	5111	2142	2188	74	561	4
2180	5112	2189	2190	170	2109	13
2181	5113	2191	2189	45	834	3
2182	5114	692	2189	2	0	0
2183	5115	692	2188	96	375	3
2184	5126	2192	1839	116	468	3
2185	5127	2193	2194	159	935	8
2186	5128	2195	2196	150	1302	6
2187	5129	2197	1389	90	699	4
2188	5130	2195	2198	65	690	4
2189	5131	2199	2200	35	468	3
2190	5132	2197	2195	39	0	0
2191	5133	2199	2196	106	544	4
2192	5134	1379	2197	145	986	5
2193	5135	2194	2196	68	0	0
2194	5136	2196	1382	111	307	2
2195	5137	2201	2202	35	816	4
2196	5138	2203	2204	19	0	0
2197	5139	2205	2206	62	0	0
2198	5140	2207	2208	66	1565	8
2199	5141	2204	2209	36	860	5
2200	5143	2210	2211	48	842	5
2201	5144	2212	2202	103	0	0
2202	5146	2213	2207	14	408	2
2203	5147	2214	2215	27	400	4
2204	5148	2210	2205	52	0	0
2205	5149	2202	2216	149	2125	11
2206	5150	2217	2203	66	1106	7
2207	5151	2202	2206	72	0	0
2208	5152	2215	2210	18	0	0
2209	5153	2206	2207	39	238	1
2210	5154	2215	2204	56	0	0
2211	5155	2205	2218	36	587	4
2212	5162	2219	1060	155	1182	7
2213	5209	2220	2221	149	2193	12
2214	5254	2222	2223	41	0	0
2215	5255	2224	2225	96	374	2
2216	5256	2226	2227	136	952	7
2217	5257	2228	2229	45	376	2
2218	5258	2230	2231	29	401	3
2219	5259	2223	2232	15	962	3
2220	5260	2229	2233	30	562	3
2221	5261	2222	2234	48	1004	3
2222	5262	2235	2236	32	589	4
2223	5263	2237	2224	19	0	0
2224	5264	2238	2239	116	1830	10
2225	5265	2236	2226	59	0	0
2226	5266	2226	2240	128	1029	7
2227	5267	2238	2236	12	0	0
2228	5268	2224	2222	81	375	3
2229	5269	2225	2229	84	375	3
2230	5270	2231	2238	89	0	0
2231	5271	2225	2231	7	0	0
2232	5272	192	2241	21	94	1
2233	5273	2241	201	73	690	3
2234	5274	201	2242	82	188	1
2235	5278	2243	1545	235	2381	13
2236	5288	2244	2245	51	282	2
2237	5289	2246	2247	82	1668	6
2238	5290	2248	2249	43	306	3
2239	5291	2250	2251	99	1037	6
2240	5292	1733	2252	123	799	5
2241	5293	2245	1733	45	0	0
2242	5294	1935	2248	181	1233	10
2243	5295	2251	1802	48	238	1
2244	5296	1514	2248	61	94	1
2245	5297	1802	2247	34	188	1
2246	5298	2249	1468	73	298	2
2247	5299	1768	1935	44	307	2
2248	5300	2252	2251	25	0	0
2249	5301	1468	2244	73	0	0
2250	5302	2152	2157	5	0	0
2251	5303	2157	2147	15	0	0
2252	5304	2151	2253	20	0	0
2253	5305	2254	2255	12	0	0
2254	5306	2254	2111	33	0	0
2255	5307	2256	2257	88	1020	1
2256	5308	2253	2258	56	646	2
2257	5309	2259	2258	78	2040	5
2258	5310	2254	2260	8	94	1
2259	5311	2092	2258	50	298	2
2260	5312	2112	2101	7	0	0
2261	5313	2261	2256	66	238	1
2262	5314	2255	2151	44	1242	5
2263	5315	2103	2261	7	0	0
2264	5316	2112	2260	25	0	0
2265	5321	2092	2257	78	486	3
2266	5323	2262	2263	57	204	1
2267	5324	138	2264	63	0	0
2268	5325	2263	2265	98	1318	7
2269	5326	2265	2266	176	2023	12
2270	5327	2264	2262	147	646	3
2271	5328	2262	2266	57	357	2
2272	5329	2244	2252	320	3359	14
2273	5330	2267	2268	25	408	1
2274	5331	2269	2270	55	204	1
2275	5332	2271	2272	84	188	1
2276	5333	2268	2270	55	0	0
2277	5336	2270	2273	47	0	0
2278	5337	291	282	224	0	0
2279	5338	2273	936	323	0	0
2280	5339	2272	282	357	0	0
2281	5347	1705	2274	124	2050	9
2282	5348	504	1318	203	2712	13
2283	5349	2275	807	89	1105	7
2284	5350	2276	2277	25	0	0
2285	5351	2278	2277	53	0	0
2286	5353	2276	2275	13	0	0
2287	5354	2279	592	87	468	3
2288	5402	2280	2281	68	94	1
2289	5403	2282	2280	40	94	1
2290	5405	2283	2281	71	1020	3
2291	5406	456	2284	47	408	2
2292	5407	2285	294	62	204	1
2293	5408	2286	450	73	0	0
2294	5409	2281	2287	59	502	3
2295	5412	2286	2288	24	536	3
2296	5413	2287	2289	55	298	2
2297	5414	2288	456	3	0	0
2298	5416	2284	2283	5	0	0
2299	5417	455	2283	130	204	1
2300	5419	2290	2291	187	2025	10
2301	5420	334	2290	38	0	0
2302	5421	2292	2293	23	282	2
2303	5422	2294	2292	34	681	4
2304	5423	2292	1707	90	545	3
2305	5425	2295	2296	15	298	2
2306	5426	2297	2298	107	1309	8
2307	5427	2299	2300	90	188	1
2308	5432	2296	2303	51	0	0
2309	5433	2304	2305	55	204	1
2310	5434	2306	2307	94	119	1
2311	5435	2308	2309	33	94	1
2312	5436	2310	2311	555	0	0
2313	5439	2312	2313	36	187	2
2314	5441	2314	2315	93	204	1
2315	5443	2316	2309	410	0	0
2316	5444	2317	935	361	408	2
2317	5446	2318	2319	168	0	0
2318	5448	2316	2320	26	187	2
2319	5449	2321	2298	12	0	0
2320	5450	2305	2322	423	0	0
2321	5451	2323	2321	96	0	0
2322	5452	2302	2324	81	0	0
2323	5454	2325	2316	395	0	0
2324	5455	2298	2310	42	0	0
2325	5456	2326	935	116	0	0
2326	5457	2318	935	432	0	0
2327	5458	2319	2301	196	187	2
2328	5459	2310	2327	56	0	0
2329	5460	2322	2300	4	0	0
2330	5461	2301	2323	16	0	0
2331	5462	244	2302	248	0	0
2332	5464	2300	244	82	0	0
2333	5465	2315	2305	82	0	0
2334	5467	2328	2326	323	0	0
2335	5468	2329	2327	960	94	1
2336	5470	2327	1696	55	0	0
2337	5472	2329	2325	321	0	0
2338	5473	2324	2328	40	0	0
2339	5474	2330	2313	860	0	0
2340	5476	2332	2333	111	0	0
2341	5478	2323	1696	174	0	0
2342	5479	2334	2319	143	187	2
2343	5480	2335	2336	198	817	5
2344	5482	2332	2330	66	0	0
2345	5486	2322	2306	296	0	0
2346	5491	2313	2329	14	0	0
2347	5495	2338	2306	137	213	2
2348	5496	2339	2340	9	0	0
2349	5498	2340	2341	169	621	4
2350	5499	2342	2340	63	0	0
2351	5503	686	2343	44	375	3
2352	5509	2344	2345	334	2662	16
2353	5510	2346	2347	99	1029	7
2354	5512	2348	2349	44	0	0
2355	5513	2348	2350	272	0	0
2356	5515	2349	2351	52	188	1
2357	5516	2352	2353	629	0	0
2358	5519	2354	2355	22	0	0
2359	5521	2342	2356	56	204	1
2360	5522	2357	2358	20	0	0
2361	5524	2359	2355	94	238	1
2362	5526	2356	2357	40	188	1
2363	5528	2360	2358	71	578	3
2364	5529	2361	2362	3	0	0
2365	5531	903	1529	533	0	0
2366	5533	2365	2354	744	0	0
2367	5534	2278	1820	116	0	0
2368	5535	2339	2360	5	0	0
2369	5536	1529	2278	3	0	0
2370	5537	2366	1784	36	0	0
2371	5539	2358	2367	81	0	0
2372	5542	2365	651	160	0	0
2373	5544	1138	2339	93	0	0
2374	5545	2353	2361	229	0	0
2375	5546	2008	1784	94	0	0
2376	5548	2353	2364	600	0	0
2377	5549	2367	903	26	282	2
2378	5551	2354	1138	36	0	0
2379	5553	651	2350	268	0	0
2380	5555	2363	2350	410	0	0
2381	5556	2366	1820	120	204	1
2382	5563	2169	2369	148	1216	7
2383	5564	2184	2370	41	374	2
2384	5565	2184	1012	213	520	3
2385	5566	2371	443	99	1242	8
2386	5576	2372	2373	204	1777	11
2387	5577	2374	2375	106	188	1
2388	5578	2376	2377	15	0	0
2389	5579	2375	1677	142	844	5
2390	5580	2377	2378	180	1684	11
2391	5581	2376	2379	15	0	0
2392	5582	2379	2377	13	0	0
2393	5583	1836	2375	58	238	2
2394	5584	2378	1834	112	401	3
2395	5585	1677	2376	191	1938	8
2396	5591	2381	2382	35	1020	1
2397	5592	2383	1456	61	376	2
2398	5593	2384	2385	40	561	4
2399	5594	2386	2387	37	842	5
2400	5595	2387	2385	73	188	1
2401	5596	2385	2383	71	332	2
2402	5597	2383	2388	32	970	4
2403	5598	2247	2387	94	1412	4
2404	5599	2389	194	60	374	2
2405	5600	2390	2391	56	1064	5
2406	5601	2391	2392	104	94	1
2407	5602	2391	2389	220	2611	14
2408	5611	2393	2394	115	561	4
2409	5612	744	2394	349	2160	13
2410	5613	2394	2395	82	468	3
2411	5614	2396	2397	183	1132	7
2412	5617	2398	2399	30	0	0
2413	5619	2400	2401	75	0	0
2414	5620	2402	2403	69	0	0
2415	5621	2403	2398	118	0	0
2416	5622	2401	2404	50	0	0
2417	5625	2399	2406	52	0	0
2418	5627	2407	2406	16	0	0
2419	5629	2402	1341	6	0	0
2420	5630	2408	2407	62	374	2
2421	5631	2404	2408	18	0	0
2422	5644	1798	2411	122	0	0
2423	5645	2409	2411	3	0	0
2424	5646	1606	2411	253	494	4
2425	5647	2412	1873	267	3690	17
2426	5648	871	2413	35	0	0
2427	5649	2413	2039	214	1064	8
2428	5650	2414	2039	93	426	2
2429	5666	2415	2416	4	0	0
2430	5667	2416	2417	126	1207	8
2431	5668	2415	2418	36	562	5
2432	5669	2417	2419	120	1003	6
2433	5670	2419	953	63	0	0
2434	5671	2420	2419	22	486	3
2435	5672	721	2421	160	817	6
2436	5673	2422	2423	240	1616	6
2437	5674	2424	2425	166	935	6
2438	5675	2423	2424	25	476	2
2439	5676	2426	2423	65	0	0
2440	5677	2425	2427	47	0	0
2441	5678	2425	2426	171	204	1
2442	5679	2428	151	91	1071	7
2443	5680	2429	2430	219	2211	12
2444	5681	2431	2430	143	1616	6
2445	5682	2430	1840	99	282	2
2446	5683	2378	2431	111	1064	5
2447	5684	2432	2433	155	876	5
2448	5685	2433	2434	6	0	0
2449	5686	2435	2436	114	1905	9
2450	5687	2436	2432	273	2092	13
2451	5688	2437	2438	25	7724	24
2452	5691	2438	2439	16	0	0
2453	5692	2440	2441	79	8394	12
2454	5693	2442	2443	42	0	0
2455	5694	2444	2445	70	0	0
2456	5695	2446	2447	28	4417	37
2457	5696	2448	2440	21	0	0
2458	5699	2441	2443	156	0	0
2459	5701	2449	2448	50	7532	11
2460	5702	2445	2450	18	0	0
2461	5703	2443	2447	62	0	0
2462	5705	2451	2452	5	833	7
2463	5706	2450	2453	52	7140	7
2464	5708	2452	2442	29	595	5
2465	5711	2445	2441	27	0	0
2466	5713	2454	2455	44	630	4
2467	5714	1662	2456	78	94	1
2468	5715	2457	2454	41	0	0
2469	5717	2457	2458	40	188	1
2470	5718	2456	2454	56	0	0
2471	5719	2459	2460	10	0	0
2472	5720	832	2461	115	986	4
2473	5721	2462	161	14	0	0
2474	5722	1968	162	20	0	0
2475	5723	1757	2463	52	8160	4
2476	5725	1568	108	59	0	0
2477	5726	161	1190	55	0	0
2478	5727	2461	1968	7	0	0
2479	5729	1190	106	30	0	0
2480	5730	2462	162	51	0	0
2481	5731	2464	2465	6	0	0
2482	5732	2459	108	6	0	0
2483	5733	2466	832	111	1003	7
2484	5734	106	2467	20	0	0
2485	5735	2468	2466	127	1505	9
2486	5736	2463	2459	21	0	0
2487	5738	2467	1757	63	0	0
2488	5739	2462	2469	83	1285	7
2489	5754	2470	2471	82	1396	6
2490	5755	2471	2472	126	376	2
2491	5756	2473	2471	61	188	1
2492	5765	1083	24	97	17935	20
2493	5780	2474	2475	14	0	0
2494	5784	2476	2475	23	204	1
2495	5797	2477	2478	25	8468	36
2496	5798	2478	2479	65	0	0
2497	5799	2467	2477	105	1199	7
2498	5800	2477	2480	24	0	0
2499	5801	1005	1645	170	374	2
2500	5802	1071	1005	86	928	4
2501	5803	2481	1071	97	918	6
2502	5806	2482	2483	318	1411	5
2503	5814	2484	1848	275	1981	8
2504	5815	2485	2407	70	748	5
2505	5816	589	2486	115	332	2
2506	5817	2487	2488	50	697	4
2507	5818	2488	2486	42	0	0
2508	5819	1341	2489	100	332	3
2509	5820	1020	699	83	0	0
2510	5821	2347	1020	6	0	0
2511	5822	2490	2491	58	0	0
2512	5823	2492	2491	61	595	4
2513	5824	469	2347	76	0	0
2514	5826	2490	469	50	204	1
2515	5827	2490	2493	49	1599	7
2516	5828	2491	2402	77	816	4
2517	5829	2494	2495	85	376	2
2518	5830	2496	2497	143	1403	9
2519	5831	2498	2499	78	187	2
2520	5832	2498	2500	129	1547	9
2521	5833	2499	2495	87	0	0
2522	5834	1827	2187	129	0	0
2523	5835	2496	2498	88	935	3
2524	5836	2501	2496	115	749	5
2525	5837	2499	2502	111	425	3
2526	5838	2495	2187	128	0	0
2527	5850	2406	2503	85	672	4
2528	5851	2504	2505	137	0	0
2529	5854	2506	2507	47	408	1
2530	5855	2508	1117	79	94	1
2531	5856	2509	1602	5	0	0
2532	5857	2510	2508	34	0	0
2533	5858	1288	2510	13	187	2
2534	5859	2504	178	30	0	0
2535	5860	178	2509	129	1106	7
2536	5861	1117	2504	40	94	1
2537	5865	2511	2505	54	0	0
2538	5866	2509	2512	81	298	2
2539	5867	2510	2511	15	0	0
2540	5869	2511	1288	14	0	0
2541	5870	2512	2513	65	204	1
2542	5891	2404	2514	101	1012	7
2543	5892	2403	2515	127	1709	9
2544	5893	2516	2398	130	1472	11
2545	5894	2517	2408	49	502	2
2546	5895	2401	2518	53	578	5
2547	5898	2519	2520	156	809	4
2548	5899	2520	1719	68	0	0
2549	5900	2521	1920	54	0	0
2550	5901	2522	2523	105	374	4
2551	5902	2521	2524	75	392	2
2552	5903	2524	2523	7	0	0
2553	5905	2525	2521	501	5194	24
2554	5906	716	2523	104	0	0
2555	5910	2526	2527	23	0	0
2556	5911	2528	2527	108	1428	5
2557	5912	2527	951	125	969	4
2558	5913	2529	2526	229	2390	14
2559	5914	950	2529	299	3359	16
2560	5915	2399	2530	34	391	3
2561	5916	2531	2400	104	1173	6
2562	5917	1437	2532	184	3928	16
2563	5918	2533	2534	80	238	1
2564	5919	2535	1099	55	94	1
2565	5920	2534	319	117	426	2
2566	5921	1100	746	448	0	0
2567	5922	2368	1100	27	0	0
2568	5924	746	2534	183	188	1
2569	5925	2036	2088	8	0	0
2570	5926	319	2088	296	1020	6
2571	5928	2536	2537	317	2652	14
2572	5929	2538	2537	87	0	0
2573	5930	2537	2539	291	801	5
2574	5931	2540	2536	181	1802	9
2575	5932	2042	2536	136	520	3
2576	5956	2541	2542	57	1064	5
2577	5957	2397	2541	55	94	1
2578	5958	2541	2543	20	0	0
2579	5959	2543	1934	76	468	3
2580	5965	2544	2545	35	298	2
2581	5971	2546	2545	62	0	0
2582	5973	2545	2548	43	0	0
2583	5974	2548	2549	323	8399	55
2584	5976	2546	2547	228	188	1
2585	5977	2550	2551	410	94	1
2586	5982	2550	2552	396	0	0
2587	5986	2554	2555	142	0	0
2588	5990	2552	2557	24	748	4
2589	5994	2555	652	935	468	3
2590	5995	816	2554	128	0	0
2591	6087	1507	2558	340	2926	15
2592	6114	1082	2559	143	8160	16
2593	6115	2559	2255	18	0	0
2594	6122	1893	83	252	2653	16
2595	6123	2560	2561	64	970	4
2596	6124	2562	2560	23	0	0
2597	6125	2560	1847	227	1973	14
2598	6147	2563	2083	282	3104	17
2599	6148	1926	2083	23	0	0
2600	6149	2564	2565	122	2722	9
2601	6151	2566	478	243	3563	17
2602	6152	2486	2567	116	1547	7
2603	6153	84	2568	41	307	2
2604	6159	2569	2570	30	188	1
2605	6160	2571	2572	66	1497	9
2606	6162	2569	2573	73	1029	7
2607	6163	2572	2569	83	1530	12
2608	6164	2461	2571	40	0	0
2609	6167	2574	1427	73	476	2
2610	6182	85	2575	189	2771	9
2611	6193	1800	2576	104	596	2
2612	6194	1605	2037	116	783	4
2613	6195	1607	1800	152	562	3
2614	6196	2577	1607	16	0	0
2615	6197	1819	1605	136	614	3
2616	6198	2576	1819	89	0	0
2617	6199	2578	2577	54	731	4
2618	6200	1799	2577	119	357	2
2619	6201	2579	2124	145	706	4
2620	6202	1424	2579	5	0	0
2621	6203	1688	2580	60	94	1
2622	6204	2581	2580	90	94	1
2623	6205	101	2582	83	282	2
2624	6206	2580	1790	8	0	0
2625	6207	2067	101	83	1190	4
2626	6208	2582	1688	63	0	0
2627	6212	2583	2584	41	1632	4
2628	6214	2558	2585	73	545	3
2629	6217	1051	2586	15	0	0
2630	6218	2558	1509	104	0	0
2631	6220	2586	2587	173	825	4
2632	6222	2587	1509	67	0	0
2633	6224	2585	2584	76	0	0
2634	6227	2588	2396	79	878	4
2635	6228	1936	2588	83	374	2
2636	6229	2396	1467	157	1454	8
2637	6248	2589	2590	74	204	1
2638	6249	2591	1490	142	0	0
2639	6250	2592	2591	91	792	6
2640	6251	2593	2320	675	188	1
2641	6252	2594	2595	68	408	1
2642	6253	309	2589	167	0	0
2643	6254	2589	2594	612	0	0
2644	6255	2320	309	476	0	0
2645	6256	1602	2596	692	0	0
2646	6257	2596	2593	52	94	1
2647	6259	2595	2592	509	0	0
2648	6260	2597	2598	221	1777	11
2649	6287	2599	2575	265	3520	11
2650	6288	2575	1892	121	732	5
2651	6291	2600	2601	97	0	0
2652	6292	2602	2603	37	884	2
2653	6293	2600	2604	58	0	0
2654	6294	1292	2601	6	0	0
2655	6296	2605	1292	32	204	1
2656	6298	2607	2606	40	188	1
2657	6299	2608	2605	4	0	0
2658	6300	2603	2609	25	0	0
2659	6301	2606	2610	45	0	0
2660	6302	2610	2604	32	0	0
2661	6303	2610	2608	29	238	1
2662	6304	2601	2603	23	0	0
2663	6305	2609	144	43	408	1
2664	6307	1304	144	9	0	0
2665	6308	2611	2612	106	204	1
2666	6309	2613	2614	10	0	0
2667	6310	2615	2616	45	119	1
2668	6311	2617	2618	38	119	1
2669	6312	2619	2620	69	94	1
2670	6313	2621	2622	29	188	1
2671	6316	2620	2613	44	0	0
2672	6317	2623	2624	143	119	1
2673	6318	2625	2613	72	0	0
2674	6319	2616	2625	352	0	0
2675	6320	890	2612	7	0	0
2676	6322	2626	2614	48	0	0
2677	6325	2624	890	168	0	0
2678	6327	2618	1491	63	0	0
2679	6328	2612	2627	327	0	0
2680	6329	2628	2629	33	204	1
2681	6330	2625	2614	69	0	0
2682	6331	2624	2629	337	0	0
2683	6332	968	2628	311	0	0
2684	6334	2618	2616	722	0	0
2685	6335	2622	2630	133	0	0
2686	6336	2626	2630	5	0	0
2687	6337	2627	2622	290	0	0
2688	6343	2631	2632	25	94	1
2689	6344	2633	2634	166	0	0
2690	6345	2635	2636	55	0	0
2691	6346	2636	2632	27	0	0
2692	6348	2637	1914	41	94	1
2693	6349	2638	2639	61	94	1
2694	6350	2640	2641	4	0	0
2695	6351	2634	2642	21	94	1
2696	6352	2640	2643	69	94	1
2697	6353	2644	2645	124	94	1
2698	6354	2646	2135	253	0	0
2699	6355	490	809	323	0	0
2700	6356	2639	2647	148	0	0
2701	6357	2635	2641	99	0	0
2702	6358	2648	1915	67	0	0
2703	6359	2648	1966	30	0	0
2704	6360	2641	490	160	0	0
2705	6362	1966	2646	247	94	1
2706	6363	2647	2633	7	0	0
2707	6364	555	2644	11	0	0
2708	6365	2135	2639	218	0	0
2709	6366	2633	2644	528	0	0
2710	6367	1951	2635	35	0	0
2711	6368	809	1915	221	0	0
2712	6369	2649	2650	70	188	1
2713	6370	2651	2652	50	204	1
2714	6371	2653	2654	66	94	1
2715	6372	2655	2656	96	94	1
2716	6373	2657	2658	149	0	0
2717	6375	889	893	51	0	0
2718	6377	2657	889	612	0	0
2719	6378	2653	1124	454	0	0
2720	6380	2653	2658	157	0	0
2721	6382	2659	2649	322	408	2
2722	6383	2649	2656	39	0	0
2723	6385	893	2651	180	0	0
2724	6386	2660	2659	57	408	2
2725	6387	2651	2660	364	0	0
2726	6388	2661	2657	30	408	2
2727	6389	2658	2661	72	0	0
2728	6401	1474	2662	17	0	0
2729	6402	2663	2664	38	2567	4
2730	6404	2169	2662	9	0	0
2731	6405	2664	2665	38	4284	7
2732	6406	2665	1076	171	3775	24
2733	6407	2666	2664	35	1148	4
2734	6408	2667	2668	53	1428	2
2735	6409	2668	1076	52	1224	4
2736	6410	598	596	79	374	2
2737	6411	2669	2666	8	0	0
2738	6412	2670	2669	256	4166	21
2739	6413	2662	2671	6	0	0
2740	6414	2671	2667	58	213	2
2741	6415	596	2670	25	0	0
2742	6416	2672	2671	46	680	1
2743	6417	2673	2668	44	2397	4
2744	6419	2674	1772	79	867	5
2745	6442	2675	2676	81	417	3
2746	6443	2676	2677	53	486	3
2747	6444	2016	2676	39	0	0
2748	6445	2013	2678	192	4913	29
2749	6446	2679	2678	48	4080	8
2750	6503	2680	1305	34	0	0
2751	6518	2382	2380	135	0	0
2752	6522	2682	2683	46	1122	4
2753	6523	1297	2680	44	408	1
2754	6525	2683	1565	129	0	0
2755	6527	2680	2684	44	486	3
2756	6531	2685	2686	210	783	4
2757	6532	2681	2686	127	2975	12
2758	6533	2682	2681	36	0	0
2759	6535	2687	2688	44	0	0
2760	6536	2689	2690	29	282	2
2761	6537	2691	2688	55	204	1
2762	6538	2692	2693	109	94	1
2763	6540	2694	2695	331	0	0
2764	6541	2696	2697	67	94	1
2765	6543	2698	2694	548	0	0
2766	6544	2699	2700	38	94	1
2767	6545	2701	2702	56	596	2
2768	6546	2698	2703	60	119	1
2769	6548	2705	2706	166	204	1
2770	6549	2707	2692	206	0	0
2771	6553	2706	2708	115	0	0
2772	6554	2709	2710	512	0	0
2773	6555	2711	2702	86	0	0
2774	6556	2708	2705	126	0	0
2775	6557	820	819	40	0	0
2776	6558	2704	2712	20	0	0
2777	6559	2556	2690	462	0	0
2778	6560	2713	2714	1035	0	0
2779	6561	2715	2556	374	0	0
2780	6562	2690	2697	126	0	0
2781	6563	2716	2695	217	0	0
2782	6564	2714	2709	15	187	2
2783	6565	48	2711	45	0	0
2784	6566	2717	2716	33	392	2
2785	6567	2697	2718	138	417	3
2786	6569	2718	2717	48	0	0
2787	6570	2702	2719	356	0	0
2788	6571	2712	2720	287	0	0
2789	6572	2720	2721	16	0	0
2790	6573	2710	2722	158	204	1
2791	6574	2719	2723	232	0	0
2792	6575	2705	820	67	0	0
2793	6576	2723	2704	109	204	1
2794	6577	2695	2708	177	0	0
2795	6578	819	2713	63	408	1
2796	6579	2707	2724	95	0	0
2797	6581	1413	2715	11	187	2
2798	6584	2721	2724	519	0	0
2799	6585	2707	2722	126	0	0
2800	6587	2700	2710	115	0	0
2801	6588	2725	2726	373	0	0
2802	6589	2727	2726	540	204	1
2803	6590	2725	2364	82	0	0
2804	6591	1842	2728	155	680	5
2805	6594	2588	1759	86	502	2
2806	6595	2730	2588	88	1080	6
2807	6596	1937	2730	82	0	0
2808	6597	2543	2730	88	562	3
2809	6598	100	1535	387	3485	17
2810	6599	2731	2732	60	401	3
2811	6600	2424	2733	49	0	0
2812	6601	2731	2734	132	749	5
2813	6602	2733	2731	62	187	2
2814	6603	2733	2735	100	495	3
2815	6607	2736	1104	757	0	0
2816	6608	2737	2736	16	204	1
2817	6648	2738	2739	135	825	5
2818	6649	2165	2738	38	0	0
2819	6650	2739	2167	7	0	0
2820	6651	2740	2741	50	476	2
2821	6652	2742	2740	65	1411	5
2822	6654	2743	2742	63	2142	5
2823	6655	2742	2744	80	596	2
2824	6658	2044	2052	80	0	0
2825	6659	2745	2746	45	0	0
2826	6660	2746	2747	51	391	3
2827	6661	2748	2749	26	282	2
2828	6662	2750	2745	43	187	2
2829	6663	2747	2052	175	0	0
2830	6664	2750	2749	55	0	0
2831	6665	2751	2749	24	0	0
2832	6666	2752	2753	44	502	2
2833	6667	2754	446	843	0	0
2834	6668	2755	2754	37	0	0
2835	6669	2756	2754	196	1191	5
2836	6670	2757	2753	72	502	2
2837	6671	2755	2753	324	1846	8
2838	6672	2757	2758	45	0	0
2839	6673	2758	2759	69	894	4
2840	6674	2758	2755	72	298	2
2841	6675	441	2757	79	298	2
2842	6678	703	2760	84	323	2
2843	6679	1195	167	111	94	1
2844	6680	167	1876	118	187	2
2845	6681	2760	1195	141	936	5
2846	6695	2761	2762	143	1870	9
2847	6696	2763	2764	83	894	5
2848	6697	2764	2762	51	0	0
2849	6698	2765	2764	253	1038	5
2850	6699	2762	2766	87	408	1
2851	6700	2767	2768	45	0	0
2852	6701	2769	2767	102	0	0
2853	6703	2771	2772	89	94	1
2854	6708	2768	2773	107	374	2
2855	6710	2774	2775	276	0	0
2856	6713	2774	2771	58	0	0
2857	6714	2770	645	551	0	0
2858	6715	2776	2777	65	0	0
2859	6716	2769	2778	87	0	0
2860	6717	2779	2777	61	748	4
2861	6719	2780	2781	82	2720	4
2862	6720	2776	2769	46	0	0
2863	6721	2778	2770	79	0	0
2864	6724	2775	2776	94	0	0
2865	6726	2784	2785	41	119	1
2866	6727	2784	2786	295	0	0
2867	6728	2787	2788	32	0	0
2868	6729	2789	2790	427	0	0
2869	6730	2791	2787	45	18092	36
2870	6733	2782	2789	103	0	0
2871	6734	2792	2788	72	0	0
2872	6736	2786	2790	159	0	0
2873	6743	2788	2789	249	0	0
2874	6746	2793	2794	56	408	1
2875	6747	2794	393	88	545	3
2876	6748	200	2242	116	1190	4
2877	6749	2795	2794	81	996	6
2878	6750	393	396	24	204	1
2879	6751	396	2796	133	2678	12
2880	6752	200	2796	665	204	1
2881	6753	1951	2795	41	188	2
2882	6754	2797	2798	52	4080	8
2883	6755	2799	2800	57	918	2
2884	6756	2801	2800	103	1930	12
2885	6757	2802	2803	44	536	3
2886	6758	2800	2797	35	612	3
2887	6759	2804	2801	40	1284	7
2888	6760	2797	1298	68	724	4
2889	6761	2805	2802	15	0	0
2890	6762	2802	2804	36	545	3
2891	6763	1660	2439	38	774	6
2892	6764	2806	1299	33	0	0
2893	6765	2807	857	32	204	1
2894	6766	2029	2807	32	442	2
2895	6767	2029	2805	24	408	1
2896	6768	2806	1298	13	0	0
2897	6769	2439	2806	12	0	0
2898	6770	2805	2807	30	0	0
2899	6788	2808	1794	96	969	6
2900	6789	2809	2276	49	0	0
2901	6790	2809	1794	77	579	4
2902	6791	2277	2809	11	0	0
2903	6831	147	2810	46	0	0
2904	6833	856	854	58	0	0
2905	6834	1297	2811	201	1819	8
2906	6835	854	2810	49	94	1
2907	6836	2810	2811	6	0	0
2908	6847	2812	544	510	0	0
2909	6848	2813	2812	104	1489	10
2910	6849	2812	2010	198	1828	11
2911	6850	2814	1687	76	374	2
2912	6851	100	1536	67	520	3
2913	6852	1687	1218	28	0	0
2914	6853	1218	2022	31	94	1
2915	6854	1536	2814	27	0	0
2916	6855	2815	2816	68	936	5
2917	6856	2815	1776	60	188	1
2918	6857	2022	2815	55	119	1
2919	6883	2817	2818	253	2594	12
2920	6884	2818	2819	99	1343	7
2921	6885	2820	1681	7	0	0
2922	6886	1787	1765	57	0	0
2923	6887	803	2121	19	0	0
2924	6888	2821	2820	79	936	5
2925	6889	2120	803	116	1055	4
2926	6890	2412	2822	65	0	0
2927	6891	2822	1526	45	0	0
2928	6892	1765	2821	73	468	3
2929	6893	1679	1782	63	94	1
2930	6894	1526	1999	85	834	3
2931	6895	1681	1783	94	188	1
2932	6896	1680	2819	130	561	4
2933	6897	2741	2412	21	0	0
2934	6898	2823	2822	52	1098	4
2935	6899	2819	2820	40	0	0
2936	6900	1875	2120	78	0	0
2937	6901	2121	2741	85	408	1
2938	6902	1999	1680	49	0	0
2939	6904	2824	2825	40	119	1
2940	6905	2826	2827	87	612	3
2941	6906	2827	2828	14	0	0
2942	6907	2829	2830	60	689	4
2943	6908	2828	2830	100	1030	6
2944	6909	2831	2825	47	188	1
2945	6910	2830	1921	80	188	1
2946	6911	2825	2828	34	0	0
2947	6912	2832	2827	39	690	3
2948	6916	2833	2834	93	204	1
2949	6917	2835	2836	218	408	2
2950	6918	2837	2838	19	562	3
2951	6919	527	2839	464	94	1
2952	6920	2840	527	322	0	0
2953	6921	1255	2355	95	204	1
2954	6922	527	1870	473	0	0
2955	6923	1841	2835	14	0	0
2956	6924	2037	2038	90	0	0
2957	6926	2834	2037	22	94	1
2958	6927	2841	2834	471	408	2
2959	6928	2835	2840	116	0	0
2960	6930	2842	2843	36	188	1
2961	6932	2038	2842	50	0	0
2962	6933	2843	1841	121	0	0
2963	6934	1729	1797	68	0	0
2964	6935	1797	2841	329	0	0
2965	6936	2844	320	159	1386	6
2966	6937	745	320	127	470	3
2967	6943	2845	1064	59	562	3
2968	6944	2846	1064	106	1114	5
2969	6946	2463	2847	87	519	5
2970	6947	2848	2849	40	1216	9
2971	6948	2115	2850	56	690	3
2972	6949	2850	2849	6	0	0
2973	6950	1659	2850	67	0	0
2974	6951	2275	2851	180	1539	10
2975	6952	2852	2851	51	1455	7
2976	6981	2853	2686	4	0	0
2977	6982	1593	2853	78	2924	9
2978	6986	955	2854	81	282	2
2979	6987	2854	2855	53	0	0
2980	6988	2855	474	61	204	1
2981	6989	2854	2856	49	655	4
2982	6990	2857	2858	62	817	6
2983	6991	2859	2344	32	94	1
2984	6992	2857	2859	87	94	1
2985	6993	2860	2855	33	621	4
2986	6994	955	2857	93	204	1
2987	7011	2379	2431	507	4074	15
2988	7012	2466	1594	75	119	1
2989	7013	150	1594	49	392	2
2990	7024	2861	2862	161	376	2
2991	7025	2863	2864	61	374	2
2992	7026	2865	2866	191	502	2
2993	7027	2242	2867	240	0	0
2994	7028	2868	133	155	0	0
2995	7029	2867	2869	56	0	0
2996	7030	1059	2870	55	0	0
2997	7031	2870	2862	13	0	0
2998	7032	2871	133	69	0	0
2999	7034	2866	2872	208	0	0
3000	7036	2869	2873	784	0	0
3001	7037	2177	2874	83	94	1
3002	7038	2864	2866	72	0	0
3003	7039	2874	2869	123	0	0
3004	7040	2875	2177	54	0	0
3005	7042	2862	525	79	0	0
3006	7043	2876	1059	72	188	1
3007	7045	874	528	87	1114	2
3008	7046	2872	2877	165	0	0
3009	7047	2878	2876	24	0	0
3010	7048	2879	2878	21	282	2
3011	7049	2873	2392	40	0	0
3012	7050	2873	874	17	188	1
3013	7051	2392	2871	155	0	0
3014	7052	2864	2867	357	0	0
3015	7054	2870	2880	144	307	2
3016	7055	2877	1693	173	188	1
3017	7056	2868	2875	74	282	2
3018	7057	528	2879	62	0	0
3019	7058	2881	2882	70	282	2
3020	7059	2564	2576	57	0	0
3021	7060	2883	2564	63	0	0
3022	7061	2883	2884	37	562	3
3023	7062	2882	2883	78	0	0
3024	7065	2885	656	579	0	0
3025	7066	2886	2885	45	94	1
3026	7072	2887	2117	257	2577	15
3027	7073	2888	1724	134	3205	10
3028	7109	488	808	284	4480	16
3029	7140	735	709	215	655	5
3030	7142	2889	1315	10	0	0
3031	7143	1838	2889	136	1089	5
3032	7144	2890	2889	63	1158	5
3033	7145	2891	1009	212	1071	6
3034	7148	2892	2893	45	1276	3
3035	7149	2893	2894	7	0	0
3036	7151	1769	2895	145	0	0
3037	7152	2894	2895	15	0	0
3038	7153	2896	2897	48	656	4
3039	7154	2898	2899	91	469	4
3040	7155	2895	2896	62	0	0
3041	7156	1466	2898	78	392	2
3042	7157	2899	2894	64	0	0
3043	7158	2896	1758	66	0	0
3044	7159	2898	2900	82	374	2
3045	7160	2901	2902	93	204	1
3046	7161	2903	2904	27	188	1
3047	7162	2905	2903	136	0	0
3048	7163	2906	2907	92	204	1
3049	7164	2721	2908	13	0	0
3050	7166	2905	2906	688	570	3
3051	7167	2902	2906	1161	0	0
3052	7168	1115	2905	820	0	0
3053	7169	2908	2720	23	0	0
3054	7170	2902	2908	130	0	0
3055	7172	600	2909	29	426	2
3056	7173	602	2910	51	799	4
3057	7175	2061	2059	115	562	3
3058	7179	2911	2912	29	470	3
3059	7180	2125	2913	55	204	1
3060	7181	2914	2911	144	861	6
3061	7184	2914	2125	93	187	2
3062	7185	2911	1592	135	188	1
3063	7186	2915	2913	31	0	0
3064	7187	1592	2647	183	0	0
3065	7188	2916	2915	11	204	1
3066	7189	2243	2917	98	1751	5
3067	7190	2918	2919	58	493	3
3068	7191	2920	2921	223	1659	8
3069	7192	1542	2922	101	0	0
3070	7193	2922	2920	98	94	1
3071	7194	2922	2923	98	936	5
3072	7195	2918	2243	52	188	1
3073	7196	2920	2918	89	468	3
3074	7197	2393	2472	62	307	2
3075	7198	1718	2924	54	562	3
3076	7199	2924	2925	63	0	0
3077	7200	2598	2393	106	520	3
3078	7201	2472	2766	135	1081	6
3079	7202	2087	919	71	332	2
3080	7203	919	2598	29	238	1
3081	7205	2925	2926	73	681	4
3082	7206	2765	2766	124	374	2
3083	7207	1454	2765	94	188	1
3084	7208	1454	2926	43	0	0
3085	7209	2927	1425	19	0	0
3086	7211	2927	2178	150	748	4
3087	7238	2017	2928	4	0	0
3088	7239	1002	1229	87	332	2
3089	7240	2179	1229	161	1813	10
3090	7241	2928	2179	241	2534	13
3091	7242	2929	2930	58	94	1
3092	7243	2931	146	144	0	0
3093	7245	2546	2932	14	0	0
3094	7246	147	2933	28	94	1
3095	7247	2600	2605	32	0	0
3096	7248	2931	2934	7	0	0
3097	7249	2933	2931	24	0	0
3098	7250	2929	2548	78	0	0
3099	7251	2935	2932	9	0	0
3100	7252	2932	2929	94	0	0
3101	7253	2930	2600	30	0	0
3102	7254	2935	2930	99	0	0
3103	7255	2934	2935	27	0	0
3104	7256	2936	2760	102	596	2
3105	7298	2582	2814	232	1989	9
3106	7308	2939	2940	6	1564	6
3107	7309	2941	2942	7	0	0
3108	7311	2677	2943	9	0	0
3109	7312	2944	2945	6	0	0
3110	7313	2942	2946	88	204	1
3111	7315	2947	1203	64	0	0
3112	7317	2945	1203	42	1020	1
3113	7318	2947	2938	38	0	0
3114	7319	2948	2937	42	0	0
3115	7320	2938	2939	9	0	0
3116	7322	2948	2947	65	0	0
3117	7326	2940	2941	58	0	0
3118	7328	2949	2008	749	0	0
3119	7333	2944	2943	335	0	0
3120	7334	2944	2941	76	204	1
3121	7335	2949	2943	16	119	1
3122	7337	2950	2951	45	765	5
3123	7338	2951	1200	130	1360	7
3124	7339	1919	2951	113	868	6
3125	7349	1842	2952	194	1055	4
3126	7350	2952	1835	68	0	0
3127	7351	2116	1629	81	1454	10
3128	7352	1629	2171	87	1199	6
3129	7353	2953	2954	77	2040	2
3130	7354	2953	925	81	800	4
3131	7355	533	2953	75	706	3
3132	7356	925	2955	43	782	3
3133	7359	2956	2957	177	2203	13
3134	7360	2345	2958	7	0	0
3135	7361	2958	2859	104	605	4
3136	7362	2345	2417	67	238	1
3137	7363	2958	2959	42	901	4
3138	7406	2960	2961	74	733	4
3139	7407	2962	2963	108	188	1
3140	7408	2964	2965	97	936	5
3141	7409	2964	2871	162	1404	8
3142	7410	2966	2962	60	2058	6
3143	7411	2967	2965	34	750	4
3144	7412	2963	2961	45	596	2
3145	7413	2965	2963	43	426	2
3146	7414	2961	193	64	596	2
3147	7415	2389	2962	84	374	2
3148	7416	2968	2964	113	2398	9
3149	7426	2969	2970	95	4080	8
3150	7427	2971	2970	7	408	1
3151	7428	2009	2010	52	204	1
3152	7429	2970	2015	16	0	0
3153	7431	2972	2973	54	3010	12
3154	7441	2974	2975	78	748	4
3155	7510	1055	22	53	0	0
3156	7511	2974	1508	57	0	0
3157	7513	1615	2237	254	0	0
3158	7532	1508	457	15	0	0
3159	7535	2237	2974	167	188	1
3160	7537	22	1615	62	0	0
3161	7559	2562	943	135	0	0
3162	7560	943	1856	36	0	0
3163	7561	1905	442	304	0	0
3164	7562	1251	2976	60	94	1
3165	7563	2732	1243	168	612	3
3166	7564	259	2732	77	0	0
3167	7565	2501	2562	83	0	0
3168	7566	1792	2080	167	0	0
3169	7567	2427	1251	56	0	0
3170	7568	2977	972	26	0	0
3171	7569	1905	696	158	0	0
3172	7570	2751	2748	24	0	0
3173	7571	637	442	237	0	0
3174	7572	1243	2427	90	0	0
3175	7573	2080	2501	48	0	0
3176	7574	862	2372	116	0	0
3177	7575	2976	2751	12	0	0
3178	7576	653	637	129	204	1
3179	7577	2748	2977	67	323	2
3180	7578	2372	1792	17	0	0
3181	7579	1856	259	177	0	0
3182	7580	696	862	136	0	0
3183	7626	2978	1463	67	493	3
3184	7627	2978	2979	56	612	3
3185	7628	2980	2978	233	1565	7
3186	7629	2981	1995	250	562	3
3187	7630	2981	2982	476	0	0
3188	7631	2983	2984	67	809	4
3189	7632	870	1538	106	188	1
3190	7633	1538	2984	48	0	0
3191	7634	2984	2036	38	0	0
3192	7635	2982	2361	154	0	0
3193	7636	1995	870	83	94	1
3194	7637	2985	2986	5	0	0
3195	7638	2987	2988	89	188	1
3196	7639	2989	2990	19	0	0
3197	7640	2475	2991	52	0	0
3198	7646	2992	2985	100	340	1
3199	7648	20	2987	31	0	0
3200	7650	2460	2464	65	2040	2
3201	7652	2993	2990	78	706	3
3202	7653	838	2465	15	0	0
3203	7655	2465	1568	28	0	0
3204	7657	2474	2994	77	0	0
3205	7660	1268	2212	64	0	0
3206	7661	1585	1268	322	0	0
3207	7662	2994	2989	22	0	0
3208	7663	2991	2474	39	0	0
3209	7664	2996	838	137	765	3
3210	7666	2986	2997	146	0	0
3211	7668	1657	2444	140	7400	9
3212	7669	2989	2996	6	0	0
3213	7670	1166	2792	89	0	0
3214	7671	2434	18	17	0	0
3215	7672	2212	2405	123	0	0
3216	7673	1166	1585	154	0	0
3217	7674	2405	793	184	0	0
3218	7675	2444	677	18	0	0
3219	7676	2997	793	53	0	0
3220	7677	2991	2995	73	0	0
3221	7678	18	2986	80	0	0
3222	7680	677	2434	210	0	0
3223	7692	2480	2479	38	0	0
3224	7713	2998	2182	202	1922	9
3225	7714	2999	1871	100	782	3
3226	7715	3000	3001	42	656	4
3227	7716	2043	2540	107	690	3
3228	7717	3002	3003	38	468	3
3229	7718	3004	3005	40	470	3
3230	7719	2539	3003	76	375	3
3231	7720	2538	3006	23	94	1
3232	7721	3007	3008	143	1090	6
3233	7722	2540	2538	24	0	0
3234	7723	3006	3009	56	0	0
3235	7724	3005	3007	26	0	0
3236	7725	3003	3008	44	0	0
3237	7726	3010	3011	55	469	4
3238	7727	3009	3000	18	0	0
3239	7728	3008	3011	82	282	2
3240	7729	3011	2049	66	0	0
3241	7730	3012	3007	43	562	3
3242	7731	3013	3006	31	282	2
3243	7732	3014	3009	43	470	3
3244	7733	3000	3005	48	0	0
3245	7734	3015	3016	41	869	5
3246	7735	3016	808	172	894	5
3247	7736	811	3016	241	1166	8
3248	7737	3017	3018	39	94	1
3249	7739	3019	3020	26	119	1
3250	7740	3021	3022	248	188	1
3251	7743	3020	3022	142	0	0
3252	7744	3022	3018	248	0	0
3253	7746	477	3020	199	0	0
3254	7747	3023	3024	41	187	2
3255	7748	3024	1460	67	298	2
3256	7749	3025	3023	84	918	5
3257	7750	2249	3023	55	0	0
3258	7840	3026	1878	64	408	1
3259	7859	3027	1750	155	1165	6
3260	7862	1700	843	62	0	0
3261	7868	2778	447	1143	0	0
3262	7870	2317	934	48	0	0
3263	7877	632	3028	208	0	0
3264	7879	2712	2687	231	0	0
3265	7880	391	1693	614	0	0
3266	7887	299	303	63	0	0
3267	7891	2413	872	96	0	0
3268	7896	3029	876	105	0	0
3269	7901	46	3030	826	0	0
3270	7914	54	3031	298	0	0
3271	7924	3032	57	17	0	0
3272	7930	203	2796	624	0	0
3273	7944	1176	409	745	0	0
3274	7950	641	2365	196	0	0
3275	7952	3033	928	297	0	0
3276	7960	2988	678	65	0	0
3277	7979	2330	2311	930	0	0
3278	7981	2709	3034	846	0	0
3279	7982	2642	1630	304	0	0
3280	7992	3035	3031	316	0	0
3281	7998	967	961	61	0	0
3282	8004	3028	3037	512	0	0
3283	8016	895	884	22	0	0
3284	8022	934	2326	432	0	0
3285	8029	245	229	73	0	0
3286	8031	3038	2726	1839	0	0
3287	8034	3039	379	736	0	0
3288	8038	3040	883	54	0	0
3289	8047	3041	433	215	0	0
3290	8061	3043	886	19	0	0
3291	8066	880	3040	115	0	0
3292	8074	3037	3044	280	0	0
3293	8077	3032	1187	195	0	0
3294	8089	1397	129	1914	0	0
3295	8099	2722	3045	1452	0	0
3296	8119	3046	2630	89	0	0
3297	8122	761	1742	48	0	0
3298	8126	1544	764	1268	0	0
3299	8128	3035	2054	330	0	0
3300	8138	177	175	158	0	0
3301	8148	1217	1766	74	0	0
3302	8155	1860	3048	366	0	0
3303	8156	3049	3050	514	0	0
3304	8157	3038	3036	265	0	0
3305	8158	3051	989	542	0	0
3306	8162	2648	2637	95	0	0
3307	8164	2632	2640	59	0	0
3308	8168	3052	3049	123	0	0
3309	8169	569	1642	99	0	0
3310	8177	3044	648	532	0	0
3311	8191	879	290	579	0	0
3312	8193	2711	2701	93	0	0
3313	8196	1948	798	422	0	0
3314	8197	3053	650	81	0	0
3315	8199	618	3054	179	0	0
3316	8221	3055	3047	132	0	0
3317	8226	662	3056	79	94	1
3318	8233	3040	876	362	0	0
3319	8236	3054	3053	277	0	0
3320	8240	2706	2694	322	0	0
3321	8249	2513	1113	320	0	0
3322	8258	657	3038	694	0	0
3323	8259	3034	2692	105	0	0
3324	8260	2719	3030	100	0	0
3325	8264	2793	2636	63	0	0
3326	8267	933	2318	1614	0	0
3327	8293	2620	3046	43	0	0
3328	8296	3052	2040	196	0	0
3329	8298	2053	3034	953	0	0
3330	8300	1108	1112	105	0	0
3331	8305	2309	3055	97	0	0
3332	8315	3050	2051	244	0	0
3333	8316	654	3053	120	0	0
3334	8328	2296	3058	101	0	0
3335	8332	791	777	553	0	0
3336	8338	2842	2837	57	0	0
3337	8341	3047	2332	761	0	0
3338	8369	3060	2933	14	0	0
3339	8391	2725	2352	401	0	0
3340	8400	3042	2331	428	0	0
3341	8401	64	89	22	0	0
3342	8407	1422	1423	21	0	0
3343	8411	1599	3055	1309	0	0
3344	8415	1362	1353	28	0	0
3345	8438	246	242	207	0	0
3346	8444	50	3035	32	0	0
3347	8450	2723	3030	195	0	0
3348	8470	2311	3042	640	0	0
3349	8472	3029	897	61	0	0
3350	8479	3033	929	210	0	0
3351	8482	2790	1056	655	0	0
3352	8483	3059	1600	148	0	0
3353	8492	242	243	47	0	0
3354	8503	1668	1488	83	0	0
3355	8510	3054	937	950	0	0
3356	8512	3039	2872	165	0	0
3357	8513	3044	3028	253	0	0
3358	8528	995	1421	63	0	0
3359	8529	2724	2691	710	0	0
3360	8536	3050	2054	746	0	0
3361	8542	2041	3052	194	0	0
3362	8574	2995	1654	209	0	0
3363	8582	3045	1359	119	0	0
3364	8594	896	3043	110	0	0
3365	8598	898	3029	47	0	0
3366	8599	1749	1741	23	0	0
3367	8607	2349	2841	585	0	0
3368	8610	1358	3045	91	0	0
3369	8615	937	3051	31	0	0
3370	8619	640	630	414	0	0
3371	8620	2368	2535	46	0	0
3372	8622	3041	3049	243	0	0
3373	8651	3043	882	35	0	0
3374	8659	3041	3057	242	0	0
3375	8674	52	3032	15	0	0
3376	8678	2094	2095	12	0	0
3377	8685	453	2280	196	0	0
3378	8687	1133	649	999	0	0
3379	8689	2840	2839	424	0	0
3380	8698	3048	1862	48	0	0
3381	8702	848	3060	73	0	0
3382	8709	3037	2363	26	0	0
3383	8712	969	965	21	0	0
3384	8715	771	1959	435	0	0
3385	8724	2927	1232	102	0	0
3386	8732	2977	3051	632	0	0
3387	8749	2325	3047	470	0	0
3388	8759	2303	3058	33	0	0
3389	8760	45	39	195	0	0
3390	8769	2554	1136	450	0	0
3391	8773	2539	3046	1269	0	0
3392	8776	3031	2053	20	0	0
3393	8807	1859	1864	40	0	0
3394	8813	2777	2775	135	0	0
3395	8822	2877	3039	302	0	0
3396	8850	2937	1197	51	0	0
3397	8856	594	1497	103	0	0
3398	8857	1497	1501	37	0	0
3399	8858	1501	1500	55	0	0
3400	8859	1500	1506	53	0	0
3401	8860	1506	3061	230	2959	14
3402	8861	2997	2956	52	0	0
3403	8862	2956	1815	48	0	0
3404	8863	1815	2221	33	0	0
3405	8864	2221	1539	51	0	0
3406	8865	1539	1755	30	0	0
3407	8866	1755	1534	54	0	0
3408	8867	1534	825	25	0	0
3409	8868	825	1394	59	0	0
3410	8869	1394	222	22	0	0
3411	8870	222	102	40	0	0
3412	-10	112	109	1	0	0
3413	-11	128	122	1	0	0
3414	-17	992	990	1	0	0
3415	-19	1319	504	1	0	0
3416	-20	1504	1502	1	0	0
3417	-22	1828	1713	1	0	0
3418	-23	1831	1833	1	0	0
3419	-24	1967	2646	1	0	0
3420	-25	2126	2914	1	0	0
3421	-26	2341	2342	1	0	0
3422	-27	2351	2348	1	0	0
3423	-30	2773	2767	1	0	0
3424	-32	46	48	817	0	0
3425	-33	231	294	131	0	0
3426	-34	289	281	614	0	0
3427	-35	350	502	251	0	0
3428	-36	409	48	641	0	0
3429	-37	453	454	51	0	0
3430	-38	569	565	397	0	0
3431	-40	125	570	141	0	0
3432	-41	618	619	246	0	0
3433	-44	624	662	2007	0	0
3434	-45	674	670	131	0	0
3435	-46	681	78	200	0	0
3436	-48	325	398	594	0	0
3437	-49	793	789	82	0	0
3438	-50	804	2740	290	0	0
3439	-52	817	820	48	0	0
3440	-54	818	816	1779	0	0
3441	-55	935	930	897	0	0
3442	-57	1053	856	141	0	0
3443	-59	1050	1056	219	0	0
3444	-60	1074	190	262	0	0
3445	-61	1088	1097	100	0	0
3446	-62	1122	1124	103	0	0
3447	-65	2553	1134	1237	0	0
3448	-67	1225	1223	147	0	0
3449	-68	1244	1251	130	0	0
3450	-69	1266	1270	57	0	0
3451	-70	1275	1277	542	0	0
3452	-71	1406	1413	236	0	0
3453	-72	1416	121	668	0	0
3454	-74	1583	1584	82	0	0
3455	-75	1632	1644	48	0	0
3456	-76	1751	2972	269	0	0
3457	-77	1768	1517	58	0	0
3458	-78	1832	1833	153	0	0
3459	-79	1861	2736	832	0	0
3460	-80	1879	1865	171	0	0
3461	-81	1952	1944	509	0	0
3462	-82	1953	1956	212	0	0
3463	-83	1955	1965	302	0	0
3464	-84	1940	1964	175	0	0
3465	-85	1947	1961	353	0	0
3466	-86	1976	1980	59	0	0
3467	-88	1985	1976	100	0	0
3468	-89	1265	830	54	0	0
3469	-90	2095	2099	21	0	0
3470	-91	2268	2272	246	0	0
3471	-93	2302	2303	364	0	0
3472	-94	2321	2301	104	0	0
3473	-95	2331	2337	458	0	0
3474	-96	932	2331	611	0	0
3475	-97	2337	2336	525	0	0
3476	-99	2333	2335	659	0	0
3477	-100	2363	2362	545	0	0
3478	-103	2364	2368	1135	0	0
3479	-104	2113	2380	45	0	0
3480	-105	2405	2400	64	0	0
3481	-108	841	2476	59	0	0
3482	-109	2482	76	385	0	0
3483	-111	2505	2506	905	0	0
3484	-113	2547	2549	71	0	0
3485	-116	2553	816	862	0	0
3486	-117	2553	2550	975	0	0
3487	-118	2556	2557	118	0	0
3488	-119	2606	2604	41	0	0
3489	-120	2627	2626	383	0	0
3490	-126	2381	2681	215	0	0
3491	-127	2684	2685	56	0	0
3492	-128	2704	2687	210	0	0
3493	-129	2770	646	580	0	0
3494	-130	2780	2771	167	0	0
3495	-131	2779	658	1172	0	0
3496	-132	2786	1057	896	0	0
3497	-135	1729	1255	936	0	0
3498	-136	525	206	166	0	0
3499	-137	2882	2838	282	0	0
3500	-138	2937	598	409	0	0
3501	-139	2938	2948	95	0	0
3502	-142	2940	597	296	0	0
3503	-144	1832	2792	161	0	0
3504	-145	2995	1657	211	0	0
3505	-146	1052	1832	330	0	0
3506	-147	2480	2996	121	0	0
3507	-148	2994	2479	103	0	0
3508	-150	3058	2324	402	0	0
3509	-151	2784	772	1524	0	0
3510	-154	2328	238	435	0	0
3511	-155	1573	3048	982	0	0
3512	-159	3042	2337	193	0	0
3513	-160	3036	2362	1073	0	0
3514	-162	3059	3047	834	0	0
3515	-163	2352	3036	752	0	0
3516	-164	932	2129	959	0	0
3517	-165	1695	3033	801	0	0
3518	-166	2774	3057	635	0	0
3519	-167	2934	3060	45	0	0
3520	-168	2090	2380	130	0	0
3521	-169	3057	3049	319	0	0
3522	-170	127	115	112	0	0
3523	-171	44	40	98	0	0
3524	-172	2273	2267	95	0	0
3525	-174	2333	3059	1294	0	0
3526	-175	2982	2353	202	0	0
3527	-180	974	975	2	0	0
3528	2000	3066	975	121	204	1
3529	-188	769	3065	1	0	0
3530	1610	3065	770	59	204	1
3531	-179	769	770	2	0	0
3532	-187	719	3064	1	0	0
3533	1503	3064	720	34	562	3
3534	-178	719	720	2	0	0
3535	-186	361	3063	1	0	0
3536	693	3063	363	355	3563	17
3537	-177	361	363	2	0	0
3538	-185	343	3062	1	0	0
3539	654	3062	344	72	1080	5
3540	-176	343	344	2	0	0
3541	-189	974	3066	1	0	0
3542	-181	1089	1093	2	0	0
3543	2337	3067	1093	35	119	1
3544	-190	1089	3067	1	0	0
3545	-182	1711	1712	2	0	0
3546	3721	3068	1712	715	6401	32
3547	-191	1711	3068	1	0	0
3548	-183	2409	2410	2	0	0
3549	5643	3069	2410	135	376	2
3550	-192	2409	3069	1	0	0
3551	-184	2728	2729	2	0	0
3552	6592	3070	2729	584	3316	19
3553	-193	2728	3070	1	0	0
3554	-133	2782	2783	41	0	0
3555	6725	3071	2783	111	3573	12
3556	-194	2782	3071	1	0	0
END
-----------------------------------------
InputUsedToGenerateTheGraph:
County:	Syddjurs
CenterNodeId:	3153
Radius:	11000
HouseTypes:	Normal	Summer	Apartment
NumberOfWasteFractions: 1
IntervalsForWasteFraction:	general	2.33333	3.5	7.0	14.0
-----------------------------------------


