ProblemType:	CARP
NumberNodes:	2805
NumberEdges:	3263
DepotNodeNumber:	1030
NumberOfFractions:	1
NumberOfIntervalsForFraction	General_Glass_Metal_Plastic_Organic	1	14
GRAPH
EdgeNumber	EdgeId	StartNodeNumber	EndNodeNumber	Cost	Demand_0	Bins_0
START
0	0	0	1	90	383	3
1	1	0	2	124	680	4
2	2	3	4	113	689	4
3	3	5	6	31	162	1
4	4	7	5	93	1114	6
5	6	8	9	50	544	4
6	7	3	10	99	323	2
7	8	11	12	66	799	5
8	9	13	14	120	1811	11
9	10	15	16	94	1029	7
10	12	17	18	108	1063	7
11	13	19	20	59	485	3
12	14	21	22	55	1981	12
13	15	23	24	143	0	0
14	16	25	0	97	1343	7
15	17	26	25	100	485	3
16	18	1	26	99	689	4
17	19	1	27	41	833	5
18	20	28	29	52	0	0
19	21	30	31	554	162	1
20	22	32	33	79	544	4
21	23	34	35	9	0	0
22	24	36	37	139	1751	14
23	25	38	32	126	1947	14
24	26	39	34	59	0	0
25	30	40	41	51	323	2
26	31	42	41	97	1394	9
27	32	43	42	25	272	2
28	33	44	43	54	272	2
29	34	45	46	62	162	1
30	35	46	47	7	0	0
31	36	47	48	51	111	1
32	37	48	49	75	315	2
33	38	50	51	139	1734	13
34	39	52	53	102	1590	10
35	40	54	55	96	1241	8
36	41	56	57	29	272	2
37	42	58	59	27	0	0
38	43	60	58	141	2168	13
39	44	51	61	83	1352	10
40	45	53	62	123	1581	10
41	46	55	63	135	1998	14
42	47	64	65	143	2270	16
43	48	57	66	47	162	1
44	49	66	67	51	272	2
45	50	53	51	72	162	1
46	51	67	68	23	162	1
47	52	69	30	361	111	1
48	53	70	71	190	2865	20
49	54	72	73	35	0	0
50	55	74	72	36	162	1
51	57	77	78	51	1207	7
52	58	79	80	32	6920	2
53	59	81	82	16	366	2
54	60	83	84	74	323	2
55	61	85	86	37	765	4
56	62	87	88	10	408	2
57	63	89	90	379	655	5
58	64	88	84	203	111	1
59	67	92	93	79	162	1
60	69	95	96	37	204	1
61	70	96	97	58	816	4
62	71	95	98	37	315	2
63	72	99	100	50	595	4
64	73	101	102	43	884	5
65	74	103	104	36	680	4
66	75	103	105	79	1258	10
67	76	103	106	71	366	2
68	77	107	108	21	162	1
69	78	109	107	34	476	3
70	79	110	109	66	485	3
71	80	111	112	24	918	6
72	81	112	113	21	0	0
73	82	114	109	110	1071	5
74	83	115	116	66	162	1
75	84	117	118	43	0	0
76	85	119	120	43	204	1
77	86	121	120	11	111	1
78	87	120	122	25	544	4
79	88	119	123	24	544	4
80	89	124	125	44	876	7
81	90	126	127	101	0	0
82	91	126	128	50	162	1
83	92	129	130	168	1777	12
84	93	131	132	38	434	3
85	94	132	133	9	323	2
86	96	107	136	240	859	6
87	97	137	136	17	0	0
88	98	138	139	48	162	1
89	99	140	139	32	383	3
90	100	139	141	6	0	0
91	101	141	142	42	315	2
92	102	141	143	30	272	2
93	103	143	144	44	587	4
94	104	142	145	24	332	3
95	105	146	147	84	442	4
96	106	148	149	54	587	4
97	107	148	150	52	638	4
98	108	151	148	35	323	2
99	109	151	152	49	748	5
100	110	153	154	29	1054	7
101	111	155	156	32	383	3
102	112	157	98	56	204	1
103	113	138	157	8	0	0
104	114	143	158	22	655	5
105	115	96	159	47	544	4
106	116	160	77	51	680	4
107	117	161	162	4	111	1
108	118	163	162	64	162	1
109	119	161	164	108	638	4
110	120	15	164	102	221	2
111	121	165	127	112	510	1
112	122	166	167	188	0	0
113	123	167	168	100	995	4
114	124	169	160	51	0	0
115	125	170	171	115	1938	9
116	152	172	173	6	0	0
117	153	174	175	43	383	3
118	154	176	177	23	485	3
119	155	177	178	9	162	1
120	156	179	180	17	1343	9
121	157	181	182	52	850	5
122	159	172	183	39	323	2
123	160	172	185	75	595	4
124	161	186	185	39	323	2
125	162	185	182	22	162	1
126	163	182	187	44	1301	7
127	164	188	189	446	1182	6
128	165	190	191	9	0	0
129	166	192	193	33	111	1
130	167	192	194	41	425	3
131	168	195	137	63	111	1
132	169	196	197	38	3400	5
133	170	198	199	111	918	6
134	171	198	200	37	0	0
135	172	201	198	60	0	0
136	173	202	203	106	1071	7
137	174	203	149	42	272	2
138	175	200	204	10	0	0
139	176	156	205	63	221	2
140	177	206	205	7	111	1
141	178	205	75	25	162	1
142	179	207	95	52	1233	8
143	180	208	157	102	646	4
144	181	209	210	56	111	1
145	185	211	212	228	884	3
146	187	213	214	68	0	0
147	188	215	214	21	0	0
148	191	216	217	852	774	4
149	236	219	220	173	842	5
150	237	221	222	35	315	2
151	238	223	224	89	706	5
152	239	225	226	28	0	0
153	240	227	228	343	0	0
154	247	229	230	11	0	0
155	248	231	232	13	0	0
156	249	233	234	204	3086	20
157	250	235	236	59	544	4
158	251	235	237	67	663	6
159	252	238	239	80	2406	16
160	253	239	240	71	1675	12
161	254	241	242	60	442	4
162	256	241	243	75	1029	7
163	259	244	245	103	366	2
164	260	246	244	10	0	0
165	319	247	248	67	825	7
166	320	249	250	58	638	4
167	321	251	252	67	1012	6
168	322	253	254	160	4250	34
169	323	255	256	368	0	0
170	324	257	258	96	808	6
171	325	259	260	183	1998	14
172	326	261	262	67	332	3
173	327	263	261	45	272	2
174	328	264	265	640	0	0
175	329	255	266	13	0	0
176	330	267	268	124	3825	1
177	333	269	270	88	0	0
178	334	269	271	221	1692	13
179	335	272	273	152	1870	10
180	336	273	274	59	366	2
181	337	275	276	228	4627	38
182	338	277	278	86	272	2
183	339	257	279	212	4083	48
184	340	278	280	121	714	6
185	341	281	282	81	0	0
186	343	283	284	366	544	2
187	344	285	286	131	0	0
188	346	280	287	128	765	6
189	347	283	288	211	3443	9
190	348	289	290	248	3919	14
191	353	291	292	152	3819	17
192	354	293	294	121	2584	9
193	355	295	291	106	4166	25
194	356	296	272	115	731	4
195	360	297	298	64	527	3
196	361	299	300	215	0	0
197	362	294	301	118	799	5
198	363	302	303	29	0	0
199	364	304	305	33	366	2
200	365	306	307	146	1428	6
201	366	308	309	124	1743	13
202	368	310	311	151	1250	9
203	369	312	313	56	0	0
204	370	312	308	70	1020	7
205	371	308	314	44	1326	8
206	372	306	314	44	978	7
207	374	315	316	120	748	3
208	375	316	317	182	162	1
209	452	318	319	68	162	1
210	453	320	173	115	723	4
211	454	321	322	85	2533	12
212	455	174	177	46	0	0
213	456	323	324	56	383	3
214	457	325	326	180	2278	17
215	458	327	328	79	1649	14
216	459	329	326	22	697	5
217	460	110	131	38	315	2
218	461	131	112	38	323	2
219	462	113	330	9	272	2
220	463	331	153	91	1046	9
221	464	332	154	76	1794	13
222	574	333	262	102	0	0
223	575	333	334	11	0	0
224	576	262	335	170	0	0
225	577	262	259	11	0	0
226	578	335	265	108	0	0
227	579	335	336	59	332	3
228	580	265	255	10	0	0
229	581	337	338	54	0	0
230	582	337	266	10	0	0
231	583	338	267	81	0	0
232	584	266	338	56	0	0
233	585	339	340	208	0	0
234	586	339	341	209	323	2
235	587	340	342	99	0	0
236	589	342	343	153	0	0
237	590	343	344	16	0	0
238	591	256	345	26	0	0
239	592	346	345	15	0	0
240	593	347	348	40	0	0
241	594	349	350	36	0	0
242	595	349	351	38	221	2
243	596	352	351	37	272	2
244	597	353	354	2	0	0
245	598	355	353	31	0	0
246	599	356	357	7	0	0
247	600	358	359	39	961	6
248	601	360	361	74	2040	3
249	603	362	281	162	0	0
250	604	363	364	44	315	2
251	605	364	365	48	570	3
252	607	367	302	4	0	0
253	608	303	363	60	111	1
254	610	368	369	103	4778	39
255	611	370	371	22	0	0
256	612	372	373	58	0	0
257	613	374	375	78	0	0
258	614	232	376	106	0	0
259	615	377	230	55	0	0
260	616	377	378	13	0	0
261	617	230	379	46	0	0
262	618	376	380	113	0	0
263	619	378	381	259	1624	12
264	620	378	382	51	162	1
265	621	381	383	344	0	0
266	622	383	384	343	0	0
267	624	384	385	113	0	0
268	625	385	386	14	0	0
269	626	385	387	321	0	0
270	627	386	388	151	0	0
271	628	386	389	13	0	0
272	630	390	391	152	2117	16
273	631	392	393	71	1122	4
274	634	396	397	53	111	1
275	635	398	250	126	1301	6
276	636	399	400	76	638	4
277	637	401	400	41	629	4
278	639	402	403	51	485	3
279	640	404	405	47	272	2
280	641	406	407	64	1428	7
281	642	408	409	115	2015	7
282	646	410	411	7	0	0
283	647	412	413	12	0	0
284	648	410	414	156	340	1
285	649	414	412	209	0	0
286	650	415	411	155	0	0
287	658	416	417	78	4161	7
288	661	418	419	103	204	1
289	662	420	421	18	0	0
290	663	421	422	23	0	0
291	664	422	420	15	0	0
292	701	289	423	294	638	4
293	704	424	425	33	162	1
294	705	371	425	28	221	2
295	706	424	371	19	0	0
296	712	83	426	8	0	0
297	713	80	427	9	0	0
298	714	427	83	12	0	0
299	715	426	80	8	0	0
300	716	428	429	67	0	0
301	717	430	431	25	4128	8
302	718	429	430	25	0	0
303	719	432	433	13	0	0
304	720	434	435	14	0	0
305	721	433	434	14	0	0
306	722	435	432	13	0	0
307	723	436	437	13	0	0
308	724	438	439	15	0	0
309	725	439	436	14	0	0
310	739	440	441	72	111	1
311	741	442	440	74	1692	10
312	742	443	440	58	0	0
313	743	444	443	56	1012	6
314	744	445	443	21	0	0
315	745	446	447	314	1947	6
316	746	448	449	190	162	1
317	751	450	451	44	221	2
318	762	452	453	44	851	5
319	763	454	455	7	0	0
320	776	456	457	49	655	5
321	777	458	457	49	162	1
322	778	459	458	115	655	5
323	779	453	460	190	3863	31
324	823	461	462	19	0	0
325	824	462	463	16	0	0
326	825	463	461	35	0	0
327	828	464	465	407	0	0
328	829	465	466	29	0	0
329	830	466	467	6	0	0
330	831	465	468	28	0	0
331	832	469	468	14	0	0
332	833	470	471	29	0	0
333	834	470	472	26	0	0
334	835	472	473	6	0	0
335	836	473	469	10	0	0
336	837	468	466	19	0	0
337	838	467	471	20	0	0
338	839	471	472	19	0	0
339	854	474	475	83	4631	46
340	862	476	477	90	4165	12
341	868	478	479	27	0	0
342	869	479	480	707	1360	2
343	870	481	482	125	0	0
344	871	482	483	164	0	0
345	872	483	484	163	0	0
346	873	484	481	124	0	0
347	874	484	482	11	0	0
348	875	485	486	101	0	0
349	876	486	487	159	0	0
350	877	487	488	159	0	0
351	878	488	485	101	0	0
352	879	488	486	8	0	0
353	880	489	490	71	0	0
354	884	491	489	71	0	0
355	885	491	490	7	0	0
356	886	492	493	49	0	0
357	903	496	497	115	0	0
358	904	497	498	115	0	0
359	905	498	495	84	0	0
360	906	496	498	8	0	0
361	909	499	500	52	3519	9
362	910	500	501	27	0	0
363	913	502	503	106	1173	7
364	914	504	505	55	5046	60
365	923	508	509	42	0	0
366	924	509	510	23	0	0
367	926	508	511	174	1360	2
368	950	512	513	56	7568	2
369	951	514	512	54	0	0
370	952	515	514	122	0	0
371	954	516	517	15	8442	2
372	955	518	519	67	961	6
373	956	520	521	68	1207	7
374	957	522	523	20	0	0
375	959	524	525	70	1080	7
376	961	526	527	91	1437	9
377	962	528	529	76	1199	9
378	963	528	518	13	0	0
379	964	520	528	49	0	0
380	965	530	531	60	0	0
381	966	532	533	203	1734	11
382	967	534	535	56	706	5
383	968	536	537	36	493	4
384	969	538	536	117	1352	7
385	971	539	540	61	162	1
386	972	541	542	150	842	2
387	973	543	544	14	0	0
388	974	545	546	20	0	0
389	975	387	547	219	0	0
390	976	548	549	26	0	0
391	977	550	551	59	434	3
392	978	552	550	32	0	0
393	979	244	553	61	272	2
394	980	425	554	44	323	2
395	981	555	554	34	0	0
396	982	556	226	66	315	2
397	985	418	557	81	111	1
398	986	229	234	69	0	0
399	987	558	559	117	1462	11
400	988	560	561	122	1896	12
401	989	562	563	126	1683	12
402	990	379	564	122	2278	14
403	991	380	374	70	0	0
404	992	558	565	169	2236	14
405	993	566	567	115	2006	12
406	994	568	569	77	876	7
407	995	570	571	80	816	6
408	996	570	568	39	111	1
409	997	562	572	38	408	2
410	998	572	560	33	0	0
411	999	375	562	58	272	2
412	1000	573	574	59	442	4
413	1001	375	575	332	0	0
414	1002	573	576	67	893	5
415	1003	577	578	63	595	4
416	1004	579	580	81	663	6
417	1005	568	579	39	204	1
418	1006	568	235	42	272	2
419	1035	581	115	8	366	2
420	1036	115	582	25	366	2
421	1037	102	583	12	910	6
422	1038	584	585	57	272	2
423	1040	586	587	10	162	1
424	1041	588	584	32	162	1
425	1042	589	132	25	366	2
426	1043	137	147	36	587	4
427	1044	193	191	36	383	3
428	1046	590	591	24	0	0
429	1047	592	593	9	272	2
430	1048	594	203	122	272	2
431	1049	595	153	71	2771	20
432	1050	591	596	52	0	0
433	1051	593	597	62	0	0
434	1052	598	201	213	1071	7
435	1053	599	600	18	799	5
436	1054	601	602	30	0	0
437	1055	602	603	8	111	1
438	1056	604	605	19	111	1
439	1057	593	606	18	604	5
440	1058	607	151	7	162	1
441	1059	608	594	81	408	2
442	1060	609	602	15	731	4
443	1063	610	611	120	901	6
444	1064	612	610	107	1692	13
445	1065	613	614	13	272	2
446	1066	615	613	41	714	6
447	1067	616	134	100	1233	8
448	1068	616	615	82	544	4
449	1069	615	610	57	323	2
450	1071	617	618	12	111	1
451	1072	619	620	46	0	0
452	1073	621	620	61	0	0
453	1075	622	619	37	510	1
454	1076	623	624	79	587	4
455	1077	625	623	115	1360	8
456	1078	626	627	94	544	4
457	1079	628	627	36	689	4
458	1080	629	630	11	340	1
459	1081	631	632	247	204	1
460	1083	633	634	316	4133	27
461	1084	635	636	21	799	5
462	1085	637	638	89	1513	10
463	1086	639	640	85	272	2
464	1087	641	642	36	476	3
465	1088	642	643	36	536	4
466	1089	644	641	22	536	4
467	1090	645	646	85	434	3
468	1092	389	647	153	0	0
469	1093	648	386	315	0	0
470	1098	650	651	67	646	4
471	1099	652	653	150	3465	24
472	1100	652	654	282	3833	26
473	1101	655	656	97	162	1
474	1102	655	657	67	0	0
475	1103	658	659	132	0	0
476	1104	660	656	14	0	0
477	1105	660	661	16	0	0
478	1106	656	662	167	0	0
479	1107	656	663	16	0	0
480	1108	664	665	89	0	0
481	1109	666	667	319	0	0
482	1110	315	668	53	0	0
483	1112	669	670	259	910	4
484	1192	437	438	10	0	0
485	1208	671	292	8	0	0
486	1209	672	293	6	0	0
487	1210	292	672	12	0	0
488	1211	293	671	10	0	0
489	1238	673	445	46	162	1
490	1239	457	673	34	0	0
491	1240	673	674	55	1003	6
492	1242	675	676	114	1029	5
493	1243	676	677	93	1887	8
494	1244	678	679	166	0	0
495	1245	680	675	195	8030	6
496	1246	681	675	230	8144	2
497	1247	682	683	33	0	0
498	1248	459	676	38	332	3
499	1249	679	684	98	111	1
500	1250	677	685	95	638	4
501	1251	686	687	76	1156	7
502	1252	688	689	139	0	0
503	1253	690	691	186	3230	20
504	1254	692	693	87	978	7
505	1255	694	695	110	655	5
506	1256	696	697	79	1003	6
507	1257	687	696	36	111	1
508	1258	696	698	39	272	2
509	1259	693	687	79	765	6
510	1273	699	700	10	0	0
511	1277	701	702	36	315	2
512	1278	703	702	147	1709	11
513	1279	702	704	102	383	3
514	1280	705	706	71	204	1
515	1321	476	707	86	2040	3
516	1325	708	709	13	0	0
517	1326	709	710	15	0	0
518	1331	473	712	393	0	0
519	1332	712	713	806	0	0
520	1333	714	715	250	0	0
521	1335	717	718	28	0	0
522	1336	718	715	374	0	0
523	1338	719	714	580	0	0
524	1339	708	713	475	0	0
525	1340	467	713	396	0	0
526	1342	720	721	134	3614	3
527	1344	721	722	45	0	0
528	1345	722	723	78	2040	3
529	1348	724	725	40	272	2
530	1349	726	724	259	11344	17
531	1350	727	728	50	162	1
532	1351	729	730	68	0	0
533	1368	731	732	121	204	1
534	1369	732	733	63	162	1
535	1370	733	734	15	0	0
536	1371	734	735	136	646	4
537	1375	734	736	61	570	3
538	1376	732	737	22	408	2
539	1383	738	739	45	0	0
540	1384	740	741	347	0	0
541	1385	741	739	82	0	0
542	1386	741	742	45	0	0
543	1387	742	743	71	162	1
544	1388	742	744	72	527	3
545	1389	745	746	267	2720	4
546	1391	746	747	89	162	1
547	1392	747	748	161	0	0
548	1393	748	749	17	204	1
549	1395	750	751	68	111	1
550	1396	751	752	57	859	6
551	1398	755	756	40	0	0
552	1399	757	758	49	0	0
553	1400	758	759	82	485	3
554	1414	560	566	71	111	1
555	1415	760	761	30	162	1
556	1416	762	760	51	0	0
557	1417	575	762	96	493	4
558	1418	763	764	61	1539	8
559	1419	577	765	60	493	4
560	1420	761	766	8	0	0
561	1423	767	246	152	859	6
562	1424	768	769	81	221	2
563	1425	245	768	65	0	0
564	1426	770	771	40	272	2
565	1427	769	772	16	204	1
566	1431	773	774	114	2797	15
567	1432	775	776	112	1343	9
568	1433	776	777	106	1088	6
569	1437	777	778	41	706	3
570	1438	779	780	83	2525	12
571	1439	778	779	30	162	1
572	1441	782	783	219	4276	26
573	1442	533	784	235	4803	25
574	1443	311	785	252	5466	33
575	1444	786	782	217	3885	24
576	1468	787	788	75	4826	13
577	1469	789	790	197	7378	3
578	1470	646	791	73	1845	11
579	1471	792	645	116	272	2
580	1472	793	794	102	1343	9
581	1473	795	796	62	366	2
582	1474	797	798	117	0	0
583	1477	799	800	59	476	3
584	1478	799	801	52	757	5
585	1479	802	803	101	1190	8
586	1481	632	804	134	162	1
587	1482	805	806	203	706	5
588	1483	807	808	54	0	0
589	1484	808	809	138	7616	3
590	1486	810	811	482	0	0
591	1487	812	813	231	4242	7
592	1488	814	815	206	0	0
593	1490	816	817	19	595	4
594	1491	818	819	16	162	1
595	1492	820	821	27	272	2
596	1493	822	823	173	0	0
597	1494	824	825	11	383	3
598	1495	826	822	121	8160	2
599	1496	827	828	49	6800	1
600	1497	793	829	55	1165	7
601	1498	830	831	30	1683	10
602	1499	832	833	28	0	0
603	1500	834	835	197	0	0
604	1502	836	837	74	6800	1
605	1574	448	842	24	0	0
606	1575	843	844	48	0	0
607	1576	845	691	159	272	2
608	1577	846	845	26	0	0
609	1578	847	684	23	162	1
610	1579	848	847	219	2975	13
611	1587	683	849	331	4531	13
612	1588	850	851	33	0	0
613	1603	852	173	63	527	3
614	1604	853	854	125	0	0
615	1605	855	856	76	323	2
616	1606	857	858	472	204	1
617	1607	859	860	262	0	0
618	1609	861	128	251	0	0
619	1618	862	819	39	587	4
620	1619	863	864	16	221	2
621	1652	865	866	157	1445	9
622	1653	865	867	67	315	2
623	1654	868	867	226	2117	13
624	1655	869	870	154	2559	16
625	1656	705	869	85	1394	9
626	1657	705	865	113	1301	9
627	1658	871	872	88	978	7
628	1659	871	873	48	544	4
629	1660	873	874	88	1080	8
630	1661	875	876	88	1207	10
631	1662	877	878	87	986	8
632	1663	879	880	85	1037	8
633	1664	877	879	49	272	2
634	1665	879	868	43	221	2
635	1666	877	881	21	111	1
636	1667	881	875	28	162	1
637	1668	870	881	75	323	2
638	1671	882	883	99	1547	11
639	1672	869	882	51	0	0
640	1673	884	885	48	111	1
641	1674	886	887	157	2431	17
642	1682	873	875	51	323	2
643	1683	698	888	79	910	6
644	1684	889	890	79	816	6
645	1685	695	891	229	2550	19
646	1686	698	886	7	0	0
647	1687	892	893	151	0	0
648	1688	894	895	90	1029	8
649	1689	896	893	27	0	0
650	1690	688	896	353	0	0
651	1691	896	897	94	1479	12
652	1692	897	688	103	1241	9
653	1693	894	897	55	272	2
654	1694	898	894	54	434	3
655	1695	899	898	54	519	3
656	1696	898	900	91	1233	8
657	1697	899	901	90	1088	8
658	1698	902	903	133	2389	15
659	1699	904	905	103	1930	13
660	1700	906	907	89	1080	8
661	1701	908	909	88	1139	9
662	1702	910	911	90	1267	8
663	1703	912	913	90	1088	8
664	1712	914	915	43	434	3
665	1715	916	917	374	272	2
666	1716	917	918	105	315	2
667	1717	919	920	304	323	2
668	1718	920	921	223	162	1
669	1719	922	923	352	111	1
670	1720	923	924	108	111	1
671	1722	925	926	100	111	1
672	1725	928	929	497	0	0
673	1726	929	930	101	204	1
674	1729	220	931	8	0	0
675	1731	932	933	5	0	0
676	1732	933	934	56	1428	12
677	1733	935	936	807	111	1
678	1734	936	937	141	111	1
679	1736	938	939	523	544	4
680	1737	939	940	107	162	1
681	1740	941	942	579	476	3
682	1742	419	943	237	1930	13
683	1743	649	943	15	0	0
684	1745	944	945	343	0	0
685	1746	945	946	496	111	1
686	1762	948	362	89	0	0
687	1763	362	949	154	0	0
688	1764	950	951	9	0	0
689	1765	951	299	75	2040	4
690	1767	952	300	212	0	0
691	1768	299	949	14	0	0
692	1769	281	952	11	0	0
693	1770	952	299	16	0	0
694	1771	949	281	16	0	0
695	1773	953	304	91	0	0
696	1774	363	304	48	0	0
697	1775	954	955	89	0	0
698	1776	300	956	361	0	0
699	1777	957	958	194	0	0
700	1778	953	958	194	0	0
701	1779	959	956	130	0	0
702	1780	955	957	89	0	0
703	1781	957	953	15	0	0
704	1782	959	954	14	0	0
705	1783	953	959	12	0	0
706	1784	954	957	13	0	0
707	1785	662	664	556	0	0
708	1786	960	666	99	0	0
709	1787	961	666	100	0	0
710	1788	960	962	16	0	0
711	1789	962	664	91	0	0
712	1790	962	665	12	0	0
713	1791	961	960	12	0	0
714	1792	963	296	96	0	0
715	1793	269	964	90	1547	5
716	1794	965	966	48	340	1
717	1795	967	968	115	2720	4
718	1796	968	966	42	0	0
719	1797	969	297	62	544	2
720	1798	970	967	88	1360	2
721	1799	296	270	180	111	1
722	1852	657	971	7	0	0
723	1853	972	971	43	0	0
724	1916	790	973	106	1190	2
725	1917	974	418	13	0	0
726	1942	975	976	155	4964	18
727	1946	840	977	9	8102	2
728	1947	840	978	157	7282	2
729	1948	978	979	1531	0	0
730	1949	980	981	292	0	0
731	1950	980	982	324	0	0
732	1951	980	983	47	0	0
733	1952	984	506	84	0	0
734	1953	985	986	210	3570	7
735	1954	987	988	192	2550	5
736	1956	989	988	152	1020	2
737	1961	990	991	122	7996	8
738	1962	991	988	27	0	0
739	1963	992	993	66	8218	2
740	1964	994	841	41	6818	2
741	1966	981	995	334	0	0
742	1967	995	313	186	0	0
743	1969	665	996	71	0	0
744	1970	313	962	109	0	0
745	1971	996	997	51	1360	2
746	1972	998	974	421	0	0
747	1973	999	1000	106	3980	18
748	1974	1001	1002	192	8186	4
749	1975	1003	1002	63	4080	1
750	1977	915	1004	95	2525	6
751	1979	1005	1006	49	4080	1
752	1980	726	1005	117	3944	16
753	1981	1007	1008	375	9209	10
754	1982	1009	1008	119	3848	8
755	1983	1010	1011	112	6800	1
756	1984	1002	1012	44	0	0
757	1986	317	1013	166	595	4
758	1987	1014	1015	37	0	0
759	1988	1014	1011	109	0	0
760	1989	1007	1016	204	7444	3
761	1990	724	1017	68	111	1
762	1991	726	1000	36	0	0
763	1992	1018	1019	109	0	0
764	1993	1020	1018	167	4223	8
765	1994	1021	1022	89	969	7
766	1995	1023	1021	12	0	0
767	2034	1024	1025	27	3060	5
768	2035	1026	1027	44	0	0
769	2036	1028	1029	77	162	1
770	2037	1030	1031	52	842	2
771	2038	1031	1032	12	162	1
772	2039	10	11	63	536	4
773	2040	1033	1034	122	1811	11
774	2043	1035	1036	751	689	4
775	2045	1037	1038	174	0	0
776	2046	1039	1040	475	3876	10
777	2047	1041	814	139	0	0
778	2048	811	1040	480	0	0
779	2050	811	1042	11	0	0
780	2051	811	982	15	0	0
781	2052	1042	1043	479	0	0
782	2053	1042	1044	491	0	0
783	2055	1043	1045	11	0	0
784	2056	1045	1046	11	0	0
785	2057	1047	1048	68	0	0
786	2058	1047	1046	10	0	0
787	2059	1049	507	79	0	0
788	2060	1050	1051	136	0	0
789	2063	1052	1053	61	0	0
790	2064	1054	1055	14	2754	14
791	2065	1056	1057	14	272	2
792	2088	1058	859	566	680	1
793	2101	1059	1060	1476	2389	15
794	2102	1061	35	383	111	1
795	2104	510	508	23	0	0
796	2105	1062	1063	91	969	7
797	2106	912	905	51	434	3
798	2107	910	912	51	731	4
799	2108	908	910	51	434	3
800	2109	906	908	49	0	0
801	2110	1064	906	50	3400	5
802	2111	1064	1065	88	1029	8
803	2112	889	866	69	434	3
804	2113	1066	1067	46	272	2
805	2114	905	1067	61	323	2
806	2115	1067	899	38	111	1
807	2124	1068	1069	38	570	3
808	2125	1063	1070	60	655	5
809	2126	1063	1069	76	876	7
810	2127	1069	1071	47	1021	7
811	2129	1072	1073	79	0	0
812	2140	1074	1075	47	111	1
813	2141	1076	1077	62	476	3
814	2142	1078	1077	43	434	3
815	2143	1075	1079	39	485	3
816	2144	1075	1080	129	476	3
817	2151	1081	1082	130	918	6
818	2156	1083	1084	74	434	3
819	2157	1085	1086	115	1488	9
820	2158	1085	1087	95	689	4
821	2159	1088	1089	74	485	3
822	2160	249	1089	140	4026	35
823	2161	1089	1090	113	799	5
824	2162	1091	1085	69	544	4
825	2165	1092	1093	211	0	0
826	2167	992	1094	52	0	0
827	2169	1095	1096	161	162	1
828	2171	1097	1098	189	1360	2
829	2174	372	1099	201	204	1
830	2175	226	1100	14	0	0
831	2176	1100	225	59	162	1
832	2177	1101	1102	54	272	2
833	2178	1102	1103	155	221	2
834	2210	270	967	14	0	0
835	2211	969	298	12	0	0
836	2212	967	969	15	0	0
837	2213	298	270	15	0	0
838	2214	964	970	89	111	1
839	2215	269	970	11	0	0
840	2223	663	1104	67	0	0
841	2224	1104	661	65	0	0
842	2228	713	716	610	0	0
843	2230	709	1105	29	0	0
844	2231	1105	710	27	0	0
845	2232	487	481	616	0	0
846	2240	952	1106	153	0	0
847	2247	996	1107	229	4226	42
848	2252	1108	1109	84	0	0
849	2253	1109	1110	54	0	0
850	2254	1110	1111	90	0	0
851	2255	1109	1112	171	1836	11
852	2279	1113	1114	185	0	0
853	2283	1115	1116	21	0	0
854	2284	1116	1117	74	8498	8
855	2285	1118	1119	144	1794	11
856	2286	1119	1120	62	3273	23
857	2287	427	1121	66	0	0
858	2288	1121	1122	58	0	0
859	2289	1122	1123	17	0	0
860	2290	1121	1124	17	111	1
861	2291	1123	1125	35	978	7
862	2292	1123	1124	69	1411	10
863	2293	1124	1126	51	3919	24
864	2295	463	1127	114	0	0
865	2296	1127	1128	75	8352	5
866	2311	756	1129	227	0	0
867	2312	1130	1131	76	332	3
868	2313	1132	1133	21	221	2
869	2315	1136	1137	147	2304	15
870	2316	45	1138	268	842	5
871	2317	1139	1140	80	2227	14
872	2318	1141	1142	83	1360	2
873	2319	100	101	30	162	1
874	2321	1122	1143	167	1513	11
875	2322	82	1144	28	111	1
876	2324	1145	861	11	0	0
877	2329	1146	1147	84	1020	7
878	2330	1148	1149	60	493	4
879	2331	1146	1150	60	969	7
880	2333	298	963	84	204	1
881	2334	1151	1097	139	204	1
882	2336	1152	1153	12	0	0
883	2337	536	1154	265	8104	5
884	2338	542	669	173	111	1
885	2340	670	542	160	323	2
886	2341	1156	1157	101	476	3
887	2342	1158	1159	85	4208	4
888	2343	554	1160	37	272	2
889	2344	647	412	176	0	0
890	2345	1161	389	14	0	0
891	2346	763	1162	185	1777	12
892	2348	1163	1164	9	204	1
893	2349	1165	1166	534	272	2
894	2355	1167	1168	367	4990	28
895	2363	1169	1170	273	5770	55
896	2364	1170	1171	46	850	2
897	2365	1172	410	57	612	3
898	2366	1173	412	76	0	0
899	2396	1174	1023	52	111	1
900	2397	1175	1174	51	111	1
901	2398	1176	1177	128	2295	19
902	2399	1178	1175	85	0	0
903	2400	1006	914	178	8475	5
904	2401	1012	1179	49	0	0
905	2402	1178	1180	77	3740	1
906	2403	1181	1182	32	0	0
907	2404	1183	1184	44	162	1
908	2405	1185	317	60	272	2
909	2406	316	1186	211	689	4
910	2407	1186	1187	118	0	0
911	2408	515	1187	139	162	1
912	2409	1188	515	160	162	1
913	2410	1189	1188	88	0	0
914	2411	1190	1191	64	969	6
915	2412	1192	1193	68	842	5
916	2413	514	1194	65	7236	2
917	2414	728	1188	109	204	1
918	2415	1190	1195	66	859	6
919	2416	1192	1196	36	893	5
920	2418	1197	1198	183	272	2
921	2419	1181	531	173	111	1
922	2420	1199	1181	63	111	1
923	2421	1200	1201	46	0	0
924	2422	530	1202	167	111	1
925	2424	1203	650	81	799	5
926	2425	651	972	57	638	4
927	2426	1204	541	60	0	0
928	2427	1204	658	227	4140	3
929	2428	1205	1206	324	910	6
930	2479	956	954	130	0	0
931	2480	1207	1208	107	927	7
932	2489	679	1209	319	5052	19
933	2490	955	289	11	0	0
934	2491	958	667	33	0	0
935	2498	1210	693	74	1122	7
936	2503	450	1211	183	2771	10
937	2504	677	446	19	680	1
938	2531	1212	1213	180	366	2
939	2532	1214	1215	162	0	0
940	2533	1216	1217	108	587	4
941	2534	1218	1219	165	1437	8
942	2535	1220	1221	10	221	2
943	2536	1222	941	185	111	1
944	2537	1223	1224	73	1088	4
945	2538	1225	995	14	0	0
946	2539	1226	981	14	0	0
947	2540	1225	1226	330	0	0
948	2541	506	980	21	0	0
949	2542	1227	1047	478	0	0
950	2543	1228	1058	118	340	1
951	2544	1044	810	12	0	0
952	2545	1229	1230	51	4318	21
953	2546	1231	1232	262	0	0
954	2547	1231	1233	97	0	0
955	2582	1236	283	135	111	1
956	2583	1237	1236	77	0	0
957	2592	1238	337	642	0	0
958	2593	1045	1238	562	0	0
959	2594	264	1238	14	0	0
960	2596	1239	960	107	0	0
961	2597	313	1239	14	0	0
962	2598	284	1240	132	680	1
963	2599	286	1240	10	0	0
964	2603	1091	1090	3	0	0
965	2604	1091	1241	121	485	3
966	2605	1242	1081	142	425	3
967	2606	1243	1241	147	4120	34
968	2607	1244	1245	9	0	0
969	2608	1246	1244	33	0	0
970	2609	1247	1246	29	162	1
971	2610	1248	1247	20	0	0
972	2611	1249	396	27	366	2
973	2612	1249	1250	47	595	4
974	2613	1251	1249	70	570	3
975	2614	1245	1252	28	0	0
976	2615	1253	1245	341	3884	51
977	2616	1252	251	34	0	0
978	2617	247	398	35	366	2
979	2618	1254	247	32	0	0
980	2619	1255	1254	15	0	0
981	2620	1256	1255	373	3998	54
982	2621	1257	1258	355	3430	51
983	2622	1258	1259	9	0	0
984	2623	251	1258	23	0	0
985	2624	1259	1260	32	0	0
986	2625	1260	1261	32	0	0
987	2626	1261	1255	17	0	0
988	2627	1262	1263	61	332	3
989	2628	1262	1264	54	221	2
990	2629	1265	1262	62	799	5
991	2630	1266	1262	61	204	1
992	2631	258	1267	82	493	4
993	2632	278	1267	241	3264	23
994	2633	1267	1268	34	272	2
995	2634	261	1269	84	978	8
996	2635	261	1270	89	1904	14
997	2636	1271	263	84	1207	10
998	2637	263	1272	84	2168	16
999	2638	336	1273	65	1071	7
1000	2639	336	1274	60	544	4
1001	2640	1275	1276	56	0	0
1002	2641	1277	1275	54	0	0
1003	2642	1278	1277	60	884	5
1004	2643	1279	1280	47	1105	7
1005	2644	1281	1282	44	443	4
1006	2645	1283	1275	60	553	5
1007	2646	1275	1284	61	791	5
1008	2647	1277	1285	62	867	6
1009	2648	1286	1287	53	0	0
1010	2649	1288	1289	59	646	5
1011	2650	1290	1288	62	799	5
1012	2651	1286	1291	61	893	5
1013	2652	1292	1287	60	604	5
1014	2653	1293	1294	92	2380	18
1015	2654	1295	1286	61	893	5
1016	2655	1287	1296	62	655	5
1017	2656	1297	1298	50	544	4
1018	2657	1287	1297	59	0	0
1019	2658	1299	1297	176	2644	17
1020	2659	1300	1299	101	1301	10
1021	2660	1299	1301	59	434	3
1022	2661	1293	1299	90	272	2
1023	2662	1302	1293	82	2261	16
1024	2663	1301	1303	74	595	4
1025	2673	1304	1305	39	3934	20
1026	2677	1051	1306	124	0	0
1027	2681	493	1307	108	2721	21
1028	2682	1110	1308	179	2355	13
1029	2683	1309	1310	506	1420	9
1030	2728	1311	1312	99	0	0
1031	2794	1313	1314	176	0	0
1032	2855	1315	367	144	1012	7
1033	2859	1318	1317	28	0	0
1034	2860	1318	1319	181	0	0
1035	2862	1320	1321	30	0	0
1036	2863	1322	1321	63	1564	3
1037	2864	783	1322	100	1683	8
1038	2865	1321	1323	30	0	0
1039	2866	1323	1315	32	0	0
1040	2867	1323	1324	144	757	5
1041	2868	1324	1325	119	0	0
1042	2876	1326	1315	26	0	0
1043	2934	1327	1328	90	0	0
1044	2935	1329	1330	145	315	2
1045	2936	1329	1331	30	0	0
1046	2937	755	1329	40	0	0
1047	2938	1331	755	36	0	0
1048	2939	1332	1333	271	111	1
1049	2940	1334	1335	194	0	0
1050	2942	1336	1337	334	111	1
1051	2943	1338	1336	191	0	0
1052	2944	1336	1339	128	0	0
1053	2946	1340	1341	149	162	1
1054	2947	1342	1343	133	1760	11
1055	2948	1344	1345	185	2754	19
1056	2949	1346	1347	85	8160	2
1057	2950	435	1133	83	0	0
1058	2952	1348	1349	134	1122	7
1059	2989	1350	1351	13	0	0
1060	2990	1352	1351	12	0	0
1061	3031	1339	1353	172	638	4
1062	3033	1340	1354	82	0	0
1063	3049	1355	1356	41	1692	10
1064	3055	1357	1358	23	0	0
1065	3057	927	1359	44	0	0
1066	3059	1359	1360	28	0	0
1067	3061	1361	1362	63	706	5
1068	3062	1363	1364	62	646	5
1069	3064	1365	1279	85	1037	8
1070	3065	1366	1281	85	714	6
1071	3066	1367	1368	86	978	7
1072	3067	1369	1368	46	0	0
1073	3068	1368	1370	54	442	4
1074	3069	1371	1372	60	808	5
1075	3070	1373	1374	53	646	4
1076	3071	1375	1376	60	697	5
1077	3072	1377	1378	52	595	4
1078	3073	1373	1377	47	0	0
1079	3074	1368	1373	47	0	0
1080	3075	1379	1373	86	867	6
1081	3076	1281	1369	51	0	0
1082	3077	1276	1372	56	0	0
1083	3078	1372	1380	62	553	5
1084	3079	1376	1381	63	697	5
1085	3080	1372	1376	54	0	0
1086	3081	1279	1281	47	0	0
1087	3082	1364	1382	59	697	5
1088	3083	1362	1383	59	748	5
1089	3084	1297	1362	58	0	0
1090	3085	1384	1385	35	162	1
1091	3086	1386	1387	32	366	2
1092	3087	1388	1389	28	0	0
1093	3095	1390	1388	32	315	2
1094	3096	213	1391	21	0	0
1095	3097	1391	1384	32	0	0
1096	3115	1392	490	141	340	1
1097	3116	1393	482	339	0	0
1098	3117	483	489	331	0	0
1099	3138	1114	1311	101	0	0
1100	3139	1394	1312	184	0	0
1101	3140	1394	1113	12	0	0
1102	3141	1312	1114	12	0	0
1103	3150	730	1395	51	1224	8
1104	3151	1395	1396	42	383	3
1105	3152	1396	1397	39	595	4
1106	3153	1396	1398	33	646	5
1107	3166	832	464	109	0	0
1108	3167	835	1399	73	0	0
1109	3168	832	1399	9	0	0
1110	3169	1399	464	108	0	0
1111	3170	1400	1401	30	2040	4
1112	3171	1402	1400	32	0	0
1113	3172	780	1403	37	0	0
1114	3173	1404	1405	58	3672	8
1115	3174	1405	780	57	528	3
1116	3175	1406	1407	36	0	0
1117	3176	1408	1406	37	0	0
1118	3179	1409	1404	36	0	0
1119	3180	780	1404	7	0	0
1120	3181	1402	1401	12	0	0
1121	3182	1401	1408	8	0	0
1122	3349	1412	1413	232	655	3
1123	3350	1133	1414	22	8160	2
1124	3351	1414	1415	21	323	2
1125	3352	1415	1132	21	0	0
1126	3353	1415	1416	171	5202	56
1127	3355	1332	1417	276	315	2
1128	3356	1418	1419	165	111	1
1129	3359	1420	1421	259	111	1
1130	3360	1421	1332	302	204	1
1131	3361	1422	1423	113	272	2
1132	3362	1424	1425	99	553	5
1133	3363	1426	1427	259	315	2
1134	3364	1428	1429	179	272	2
1135	3366	1219	1220	255	1624	11
1136	3367	1430	1212	17	0	0
1137	3368	1431	1432	467	162	1
1138	3371	1433	1434	169	0	0
1139	3372	1435	1436	164	2890	17
1140	3373	1437	1438	104	0	0
1141	3374	1439	1440	176	1513	11
1142	3375	1441	1442	168	162	1
1143	3377	1141	1443	221	315	2
1144	3383	28	1444	164	0	0
1145	3415	1449	1450	141	1224	8
1146	3416	1450	1451	11	0	0
1147	3417	1451	1452	33	111	1
1148	3418	1453	1454	14	0	0
1149	3419	1454	1455	67	1122	7
1150	3422	1457	507	92	111	1
1151	3423	1458	1459	106	0	0
1152	3425	661	659	326	0	0
1153	3447	1460	1461	85	1156	4
1154	3448	1462	1463	115	638	4
1155	3450	1131	1464	132	1275	8
1156	3452	220	1465	68	366	2
1157	3453	1466	1467	221	740	5
1158	3459	1468	1469	104	1080	8
1159	3460	1469	1470	109	1343	9
1160	3473	998	997	193	0	0
1161	3474	1316	998	12	0	0
1162	3479	1472	1473	79	1097	9
1163	3480	1474	1475	8	0	0
1164	3481	1475	1476	122	6856	2
1165	3482	1475	1477	117	0	0
1166	3483	1477	1478	84	221	2
1167	3484	1472	1479	56	493	4
1168	3485	1480	1481	39	323	2
1169	3486	1482	1481	33	111	1
1170	3487	638	1483	142	689	4
1171	3488	1483	1484	46	0	0
1172	3489	1484	1485	36	527	3
1173	3554	1408	1407	6	0	0
1174	3555	1407	1409	7	0	0
1175	3556	1409	1403	8	0	0
1176	3576	1487	1488	335	655	5
1177	3590	1489	1490	155	0	0
1178	3591	1489	1491	162	0	0
1179	3593	1491	1490	39	0	0
1180	3596	1493	1494	70	0	0
1181	3604	1492	1495	107	0	0
1182	3613	1496	23	559	0	0
1183	3620	1497	1498	165	162	1
1184	3621	1418	1499	496	221	2
1185	3622	1500	1501	277	434	3
1186	3623	1502	1335	56	111	1
1187	3624	1503	1502	1197	0	0
1188	3625	1504	1333	157	1360	2
1189	3626	923	1505	364	111	1
1190	3629	1506	1507	303	527	3
1191	3633	1508	432	142	0	0
1192	3634	1509	1510	565	748	5
1193	3635	1130	932	82	162	1
1194	3636	1511	436	99	0	0
1195	3637	1512	219	107	1292	9
1196	3638	1511	1513	144	476	3
1197	3639	1509	1488	451	111	1
1198	3642	1514	1515	821	927	7
1199	3643	1418	1514	81	0	0
1200	3644	1516	1517	78	204	1
1201	3645	1518	1519	78	408	2
1202	3646	1520	1521	28	0	0
1203	3647	1522	1523	271	315	2
1204	3648	1523	1426	299	638	4
1205	3649	936	1352	119	0	0
1206	3650	1426	1524	219	323	2
1207	3651	1525	1526	623	315	2
1208	3652	1527	1528	179	519	3
1209	3653	1529	1525	164	111	1
1210	3654	1430	1214	48	0	0
1211	3655	1530	1431	131	646	5
1212	3657	1532	1533	913	0	0
1213	3658	1534	1535	663	485	3
1214	3659	1536	1537	101	3315	22
1215	3809	1538	1539	192	1224	3
1216	3813	209	1032	143	646	4
1217	3814	210	1540	65	111	1
1218	3815	77	1541	89	2457	19
1219	3816	1542	1543	57	340	1
1220	3823	1208	1544	42	1360	2
1221	3827	867	1545	211	510	1
1222	3841	1546	1547	138	434	3
1223	3842	1548	1549	103	7964	3
1224	3843	1550	1551	230	366	2
1225	3844	1552	1553	126	663	3
1226	3845	1554	982	487	0	0
1227	3846	1555	1556	54	2720	4
1228	3850	1557	267	257	0	0
1229	3855	1558	1559	89	7806	1
1230	3856	1560	1561	24	0	0
1231	3939	1562	919	272	162	1
1232	3940	920	1563	666	0	0
1233	3941	358	1564	41	383	3
1234	3942	1565	1564	40	1182	8
1235	3996	1566	1331	704	383	3
1236	3997	1502	1567	790	0	0
1237	3998	1129	1568	84	162	1
1238	3999	756	1514	649	0	0
1239	4000	1499	1569	768	493	4
1240	4001	1569	1570	54	0	0
1241	4003	1335	1504	89	0	0
1242	4004	1571	1505	49	111	1
1243	4005	1572	1562	550	111	1
1244	4006	1429	922	727	434	3
1245	4007	1573	1574	178	111	1
1246	4008	1224	1573	820	204	1
1247	4038	1217	1563	515	1658	8
1248	4039	1515	1575	144	272	2
1249	4040	1576	1217	601	162	1
1250	4044	1577	1578	88	162	1
1251	4045	1506	1360	37	162	1
1252	4046	1578	1506	11	0	0
1253	4048	1510	1340	602	204	1
1254	4049	1346	1579	159	10523	4
1255	4077	1580	1581	15	0	0
1256	4078	1581	1582	65	272	2
1257	4079	1583	1582	72	748	5
1258	4080	1582	1584	42	0	0
1259	4081	1585	1582	72	1692	8
1260	4082	1586	1580	43	1403	10
1261	4083	1587	621	68	0	0
1262	4084	1588	1589	136	1743	13
1263	4085	1590	1580	21	162	1
1264	4086	623	1591	44	714	6
1265	4087	1592	1593	18	0	0
1266	4088	1593	1594	18	0	0
1267	4089	1594	1595	31	204	1
1268	4090	1596	1597	127	1564	11
1269	4091	1598	1599	96	1071	7
1270	4092	12	1600	76	910	6
1271	4093	12	1598	79	595	4
1272	4094	12	1601	78	655	5
1273	4095	11	1602	58	536	4
1274	4096	1598	74	77	595	4
1275	4097	1598	1603	122	1607	12
1276	4098	492	72	148	952	6
1277	4099	1604	1605	212	111	1
1278	4100	1606	631	21	0	0
1279	4102	1607	1606	254	315	2
1280	4103	1608	1604	235	1207	4
1281	4121	902	893	183	1173	7
1282	4122	904	902	56	323	2
1283	4123	1062	904	38	111	1
1284	4132	458	1609	42	323	2
1285	4133	1610	681	44	1020	2
1286	4134	1611	680	29	680	2
1287	4135	1612	1613	20	162	1
1288	4136	1614	680	107	111	1
1289	4138	1615	682	46	323	2
1290	4142	1616	1617	59	2040	3
1291	4143	1618	1619	90	2720	4
1292	4144	1025	1026	35	0	0
1293	4145	1616	1024	107	1870	3
1294	4146	1620	1621	126	0	0
1295	4147	1622	1623	72	434	3
1296	4148	1624	1625	33	638	4
1297	4149	1624	1626	60	0	0
1298	4150	1626	1627	33	434	3
1299	4151	1628	1629	71	1666	9
1300	4152	1630	1631	80	1088	8
1301	4153	1630	1632	30	383	3
1302	4154	1630	1633	66	162	1
1303	4155	1634	1635	241	3570	22
1304	4156	1136	1636	39	111	1
1305	4157	1637	1638	148	2406	16
1306	4158	1639	1640	116	1683	13
1307	4159	1633	1641	66	204	1
1308	4160	1642	1633	31	383	3
1309	4161	1643	1644	26	162	1
1310	4162	1645	1646	99	0	0
1311	4163	1647	1441	354	434	3
1312	4164	1648	1649	28	442	4
1313	4165	1139	1649	11	0	0
1314	4166	1650	1651	34	587	4
1315	4167	1652	1650	38	544	4
1316	4168	1653	1654	46	765	6
1317	4169	1644	1655	30	323	2
1318	4170	1655	1656	52	1122	7
1319	4171	1657	1658	56	1029	7
1320	4172	1659	1643	22	774	4
1321	4173	1660	1661	22	485	3
1322	4174	1662	1661	58	986	8
1323	4175	1663	1664	122	366	2
1324	4176	1665	1663	42	221	2
1325	4177	1666	1665	43	383	3
1326	4178	1667	1668	7	204	1
1327	4179	1668	1669	38	706	5
1328	4180	1670	1671	477	4378	28
1329	4181	1639	1440	33	0	0
1330	4182	51	1639	72	366	2
1331	4183	1651	1672	48	859	6
1332	4184	1441	1673	201	323	2
1333	4185	1674	1029	26	162	1
1334	4186	1675	1676	276	366	2
1335	4187	1674	1677	262	2839	11
1336	4188	1678	1679	176	2567	17
1337	4189	58	1680	47	757	5
1338	4190	59	1141	61	0	0
1339	4191	1681	40	96	493	4
1340	4192	1682	1683	310	493	4
1341	4193	1683	1684	130	0	0
1342	4194	1684	1685	330	1156	5
1343	4195	1686	3	200	5148	13
1344	4196	1686	8	101	1029	5
1345	4197	8	210	9	0	0
1346	4198	1682	209	49	757	5
1347	4200	1687	24	178	1097	6
1348	4228	1101	1166	260	1122	4
1349	4229	1102	1309	97	1020	7
1350	4230	1309	1163	138	442	4
1351	4232	1688	1314	300	162	1
1352	4238	1689	776	71	842	5
1353	4239	1690	1689	73	833	3
1354	4252	1637	1691	29	162	1
1355	4253	1692	1637	41	162	1
1356	4254	1693	1694	41	323	2
1357	4255	67	1695	34	366	2
1358	4261	215	212	523	1811	4
1359	4262	1696	211	225	0	0
1360	4263	1697	1696	296	162	1
1361	4264	1698	1699	73	272	2
1362	4265	1700	1701	77	1658	10
1363	4266	533	311	97	1343	9
1364	4278	1702	1703	83	0	0
1365	4279	1704	1705	62	910	4
1366	4355	1706	1707	406	340	1
1367	4356	1708	1386	129	340	1
1368	4357	1535	1709	596	612	3
1369	4358	25	1710	408	408	2
1370	4359	1711	81	23	493	4
1371	4360	175	1712	77	162	1
1372	4361	1311	1713	129	0	0
1373	4362	1145	166	31	0	0
1374	4363	166	1714	100	0	0
1375	4365	1708	1394	81	162	1
1376	4368	1715	1716	75	0	0
1377	4369	982	1227	11	0	0
1378	4370	1553	1551	115	0	0
1379	4371	1717	1718	137	867	6
1380	4372	1719	1720	39	111	1
1381	4373	1721	1722	21	706	5
1382	4374	1723	1472	56	0	0
1383	4375	1724	1725	149	3509	35
1384	4376	1244	1726	68	867	6
1385	4377	277	257	88	1131	4
1386	4378	1727	1728	108	1581	12
1387	4379	1729	1730	39	383	3
1388	4381	969	965	110	2720	4
1389	4382	1100	1731	237	1547	10
1390	4383	663	662	171	0	0
1391	4384	1732	1733	45	0	0
1392	4385	668	1733	161	0	0
1393	4492	388	413	177	0	0
1394	4584	1104	668	173	2720	4
1395	4585	1734	538	285	5168	29
1396	4586	538	1735	231	3698	23
1397	4587	1736	1154	44	0	0
1398	4588	546	1154	470	5087	28
1399	4589	1737	1736	108	162	1
1400	4590	670	539	140	111	1
1401	4591	1738	1156	60	2754	5
1402	4592	1158	1157	34	0	0
1403	4593	221	224	21	0	0
1404	4594	647	388	10	0	0
1405	4595	227	1161	112	0	0
1406	4674	1558	228	344	0	0
1407	4675	1739	382	275	2754	20
1408	4676	1740	1741	182	162	1
1409	4677	1742	1743	67	1182	8
1410	4678	1742	1744	59	442	4
1411	4681	1163	1745	21	221	2
1412	4683	1699	778	121	2100	12
1413	4684	1701	1405	96	2576	15
1414	4685	782	533	97	961	6
1415	4688	1746	1747	65	0	0
1416	4900	695	1208	42	0	0
1417	4955	1748	706	10	0	0
1418	4956	1749	882	19	953	6
1419	4957	344	1750	79	0	0
1420	4958	1266	253	14	0	0
1421	4959	258	1751	13	0	0
1422	4960	1752	1753	87	1080	8
1423	4961	1754	1752	24	0	0
1424	4962	1755	1756	13	111	1
1425	4963	1757	1758	31	0	0
1426	4965	1759	1326	21	0	0
1427	4991	1320	1759	25	0	0
1428	5045	1501	1760	434	502	2
1429	5046	1563	916	398	111	1
1430	5047	1338	1497	603	1717	12
1431	5048	1570	1327	25	0	0
1432	5049	1570	1328	82	0	0
1433	5061	1761	1762	169	3965	23
1434	5062	1762	948	46	0	0
1435	5063	1400	1763	85	1224	8
1436	5064	1763	1764	117	893	5
1437	5065	1764	950	273	4893	34
1438	5066	366	365	49	0	0
1439	5067	1765	289	137	842	2
1440	5068	1715	1766	349	723	4
1441	5069	373	1151	989	1114	4
1442	5070	314	1767	139	1811	12
1443	5071	311	1317	95	0	0
1444	5072	1768	1319	31	0	0
1445	5073	1732	1769	97	111	1
1446	5074	1186	1770	115	272	2
1447	5075	514	1771	67	8302	2
1448	5076	512	1772	63	7058	2
1449	5077	1189	1773	70	8326	2
1450	5078	1774	1775	65	544	4
1451	5079	522	727	216	519	3
1452	5080	1775	1776	67	638	4
1453	5082	524	520	35	476	3
1454	5083	1197	1778	92	162	1
1455	5084	1779	1780	41	765	6
1456	5160	1781	1782	280	2661	21
1457	5161	1422	1783	351	2610	17
1458	5162	1520	1784	155	476	3
1459	5163	1522	1785	72	221	2
1460	5164	1786	1787	167	272	2
1461	5165	1788	1621	242	111	1
1462	5166	1789	1790	147	2363	16
1463	5167	1138	1791	255	1207	7
1464	5168	1636	1792	40	204	1
1465	5172	1793	1794	97	434	3
1466	5173	1795	1793	97	544	4
1467	5297	1796	1797	108	1632	10
1468	5299	1689	1798	149	4318	17
1469	5300	1798	1799	158	5381	20
1470	5301	1798	1800	86	646	4
1471	5302	1800	1801	200	3553	18
1472	5303	1801	671	11	0	0
1473	5304	1799	291	171	3877	30
1474	5305	1802	1799	90	850	2
1475	5306	1799	1801	94	1836	6
1476	5307	672	1803	79	1020	2
1477	5308	1803	1804	252	4074	33
1478	5309	1800	1805	89	408	2
1479	5310	1806	1762	76	3646	9
1480	5311	1807	1808	10	0	0
1481	5312	1809	1808	79	0	0
1482	5313	1808	1810	29	0	0
1483	5314	1807	358	40	808	5
1484	5315	356	1810	107	366	2
1485	5316	1809	355	40	0	0
1486	5317	354	352	35	0	0
1487	5368	350	354	319	3610	36
1488	5369	350	347	34	0	0
1489	5370	1811	1812	110	2865	13
1490	5371	1764	1811	98	1165	7
1491	5372	1811	950	362	3613	36
1492	5373	1813	950	111	1292	9
1493	5374	1814	1813	226	4361	22
1494	5375	1815	1814	74	918	7
1495	5376	1815	1816	180	2839	17
1496	5377	1806	1816	74	927	5
1497	5378	1817	1806	144	1904	12
1498	5379	1818	1817	80	1335	9
1499	5380	1818	1819	125	1683	10
1500	5381	1820	1819	83	323	2
1501	5382	1803	1820	127	3154	11
1502	5383	301	1763	182	1675	11
1503	5384	1814	1764	33	0	0
1504	5439	1816	1813	83	1292	7
1505	5440	1819	1806	84	527	3
1506	5441	1817	1815	73	927	7
1507	5442	1803	1818	83	544	4
1508	5443	294	1803	113	706	5
1509	5444	1820	1821	54	3928	10
1510	5445	1805	294	108	1734	10
1511	5446	777	1805	149	2916	16
1512	5447	779	301	165	2712	15
1513	5448	1822	363	149	2440	15
1514	5449	302	1823	147	3392	23
1515	5450	1325	1824	183	0	0
1516	5451	305	1825	167	2856	20
1517	5452	1826	1809	16	0	0
1518	5453	1826	1827	169	3570	24
1519	5454	1828	1827	121	1403	8
1520	5455	1829	1828	130	1598	11
1521	5456	1830	1831	82	272	2
1522	5457	1828	1831	83	706	3
1523	5458	1831	1822	206	3502	20
1524	5459	1830	1832	93	1768	11
1525	5460	1826	1828	177	2491	18
1526	5461	1827	1833	58	663	3
1527	5462	1833	1822	76	731	4
1528	5463	359	1833	171	2763	20
1529	5464	1833	1834	219	2516	15
1530	5586	1835	1218	47	0	0
1531	5587	1219	1515	262	1649	11
1532	5588	1515	1836	60	111	1
1533	5589	1674	1837	221	162	1
1534	5590	1224	1838	85	816	4
1535	5592	1529	1530	127	323	2
1536	5593	1529	1839	124	1615	11
1537	5594	1531	1840	160	162	1
1538	5595	1841	1534	948	808	6
1539	5596	1841	1842	108	689	4
1540	5597	1843	1537	33	383	3
1541	5598	1513	1536	37	553	5
1542	5599	1844	1845	173	2559	16
1543	5600	1624	1846	34	0	0
1544	5601	1623	1847	39	204	1
1545	5602	1617	1848	51	510	1
1546	5638	1461	1344	75	748	5
1547	5639	1344	1342	75	1284	9
1548	5640	1412	1349	61	323	2
1549	5641	218	1412	100	1241	8
1550	5642	1349	1849	69	272	2
1551	5643	933	1511	92	961	3
1552	5644	437	1508	380	3800	14
1553	5645	1468	1850	99	961	6
1554	5646	1851	1468	52	272	2
1555	5647	219	1852	83	587	4
1556	5661	1853	1854	1295	366	2
1557	5662	1842	1855	213	0	0
1558	5663	1351	1855	586	0	0
1559	5664	1855	1856	708	867	6
1560	5665	1857	1858	727	2312	16
1561	5666	1422	1858	241	1598	10
1562	5667	1503	1853	581	595	4
1563	5680	1784	1517	176	1182	8
1564	5681	1784	1516	187	986	4
1565	5682	1521	1425	299	1292	4
1566	5683	1521	1519	31	162	1
1567	5684	1520	1519	37	162	1
1568	5685	1859	1523	92	485	3
1569	5686	1350	1534	805	111	1
1570	5687	1524	944	515	587	4
1571	5688	1526	1429	261	0	0
1572	5689	1527	1216	32	162	1
1573	5690	1835	1527	47	0	0
1574	5691	1215	1835	428	5423	15
1575	5734	1567	1860	148	510	1
1576	5736	1354	1861	150	315	2
1577	5737	1346	433	90	0	0
1578	5738	1132	1862	159	10884	28
1579	5740	1851	1863	49	221	2
1580	5741	1222	1509	272	162	1
1581	5745	1783	1500	82	0	0
1582	5746	1516	1522	143	850	5
1583	5747	1677	1223	24	0	0
1584	5748	1864	1865	48	0	0
1585	5749	1215	938	178	0	0
1586	5750	1530	1864	104	485	3
1587	5751	1431	1866	144	646	4
1588	5752	939	1841	109	0	0
1589	5753	1867	1868	129	2083	14
1590	5754	1869	1870	142	2253	14
1591	5755	1871	1872	93	680	1
1592	5756	1848	1873	69	1360	2
1593	5757	1874	1871	28	680	1
1594	5759	999	1005	97	0	0
1595	5761	1179	1875	95	8374	3
1596	5763	981	1092	54	0	0
1597	5766	1877	1876	107	765	6
1598	5767	1876	1878	157	3513	41
1599	5768	1877	1879	158	3754	41
1600	5769	1880	1881	158	3656	40
1601	5770	312	1724	125	816	6
1602	5771	1724	1880	106	714	6
1603	5772	1880	1877	108	918	6
1604	5774	1733	1018	585	2210	10
1605	5775	1882	1883	56	383	3
1606	5776	1022	1884	30	332	3
1607	5777	1885	1886	45	1037	8
1608	5778	1887	1177	67	986	8
1609	5779	1888	1889	57	969	6
1610	5780	1890	1891	89	799	5
1611	5781	1892	1893	15	204	1
1612	5782	1894	1895	45	680	4
1613	5783	1896	1897	87	969	6
1614	5784	1246	1898	68	604	5
1615	5785	1899	344	153	0	0
1616	5786	1900	1899	100	0	0
1617	5787	345	1900	208	0	0
1618	5788	1901	335	12	0	0
1619	5789	336	1288	53	111	1
1620	5790	968	1754	98	221	2
1621	5791	1902	1903	57	272	2
1622	5792	1903	277	20	0	0
1623	5793	1904	1905	141	0	0
1624	5814	1906	1628	94	204	1
1625	5815	1628	1620	51	0	0
1626	5816	1907	1908	89	1666	11
1627	5819	1909	1910	42	638	4
1628	5820	1911	1912	63	867	6
1629	5821	1913	1789	79	655	5
1630	5822	1792	1914	148	2423	17
1631	5823	1789	1136	80	493	4
1632	5824	1641	1915	31	544	4
1633	5825	1641	1916	61	1420	8
1634	5838	1904	1765	87	340	1
1635	5850	966	1761	126	4053	29
1636	6017	1304	1917	52	1182	3
1637	6018	1918	1919	74	1633	4
1638	6107	1493	91	177	204	1
1639	6108	1920	496	214	723	4
1640	6109	495	496	85	0	0
1641	6113	1119	750	29	0	0
1642	6114	1921	1922	17	0	0
1643	6115	1923	1924	211	162	1
1644	6121	1926	1927	75	527	3
1645	6122	1926	1928	42	0	0
1646	6123	1928	1929	36	799	5
1647	6124	1930	1931	40	850	5
1648	6126	1852	1851	48	519	3
1649	6127	1932	1933	236	6933	25
1650	6128	1917	1934	66	1020	2
1651	6129	1932	1934	50	0	0
1652	6130	1933	1935	55	1463	10
1653	6131	1936	1935	58	3619	18
1654	6132	1937	1938	127	4067	49
1655	6133	1937	1939	64	2610	7
1656	6134	1940	1941	251	7299	85
1657	6135	1941	1933	37	783	5
1658	6136	1940	1942	98	1148	7
1659	6137	1940	1937	157	5480	24
1660	6138	1942	1918	17	0	0
1661	6139	1943	789	49	1658	10
1662	6140	1944	789	62	2720	4
1663	6141	1944	1945	117	3857	18
1664	6142	1935	1943	308	3731	79
1665	6143	1946	1943	117	3803	12
1666	6144	1947	1936	59	3686	18
1667	6145	1936	1747	124	3634	18
1668	6146	1947	1746	110	3525	18
1669	6147	1948	1949	211	3332	20
1670	6148	1950	1946	76	3574	17
1671	6149	1746	1951	98	3671	37
1672	6150	1747	1952	160	4114	31
1673	6151	1953	1938	176	4137	14
1674	6152	1954	1955	148	4610	49
1675	6153	1955	1956	106	4250	7
1676	6154	1956	1957	37	8188	2
1677	6216	1852	1958	61	748	5
1678	6217	1959	1960	9	332	3
1679	6218	1961	1962	39	0	0
1680	6219	1962	1393	23	0	0
1681	6220	1393	1963	22	0	0
1682	6221	1963	1964	18	0	0
1683	6222	1965	1966	41	0	0
1684	6223	1966	1967	10	0	0
1685	6224	1964	1965	43	0	0
1686	6241	1955	1948	147	3877	36
1687	6242	1968	1947	65	4135	13
1688	6243	1954	1938	28	1870	3
1689	6244	1948	1950	78	1530	3
1690	6245	1948	1969	209	13545	27
1691	6246	1950	973	240	2720	4
1692	6249	1969	1703	110	612	3
1693	6250	1969	1970	238	3239	18
1694	6251	1971	1703	273	3603	12
1695	6252	1972	1702	98	162	1
1696	6253	1972	1973	90	4922	43
1697	6254	1973	1974	121	5192	19
1698	6255	1705	1975	132	1573	9
1699	6256	1974	786	102	1360	2
1700	6330	1976	1596	49	111	1
1701	6332	1976	1977	64	2159	9
1702	6333	493	1978	73	2703	17
1703	6335	1979	1980	15	0	0
1704	6440	1981	1982	11	0	0
1705	6441	1983	1984	12	0	0
1706	6442	1358	1985	26	1360	3
1707	6443	868	1064	6	0	0
1708	6444	1986	892	206	162	1
1709	6446	1072	1987	42	9806	4
1710	6448	1362	1364	54	0	0
1711	6479	1988	1989	276	8041	40
1712	6480	1989	1953	63	3594	13
1713	6481	1989	975	88	11728	22
1714	6482	501	1989	68	4211	9
1715	6483	1990	1949	107	799	5
1716	6484	1956	1990	102	4307	14
1717	6485	975	1990	96	4774	18
1718	6570	1992	1993	120	10604	16
1719	6571	1991	1994	84	2967	17
1720	6572	1995	1996	52	672	2
1721	6573	1752	1997	78	816	6
1722	6575	1949	1970	261	3324	22
1723	6579	1998	499	30	1131	3
1724	6584	1999	1794	98	1607	11
1725	6585	2000	1793	75	553	5
1726	6586	2001	1795	75	927	7
1727	6587	1971	420	109	0	0
1728	6588	1970	421	72	493	4
1729	6589	422	2002	173	0	0
1730	6590	1170	1168	75	315	2
1731	6591	2003	2004	75	1071	7
1732	6592	1168	2003	57	485	3
1733	6593	2003	2002	108	995	4
1734	6655	1754	2005	131	4616	12
1735	6658	1257	1256	74	1097	6
1736	6659	1253	1257	65	1378	9
1737	6660	2006	1253	77	1114	7
1738	6661	1755	2006	146	638	4
1739	6662	2007	394	64	850	5
1740	6663	2008	2009	73	893	5
1741	6664	1256	1757	86	1335	7
1742	6665	1758	1992	88	0	0
1743	6666	1991	1995	72	0	0
1744	6667	1903	2010	184	3975	49
1745	6668	2005	2011	284	3621	29
1746	6669	2012	1995	49	0	0
1747	6670	361	2013	204	3103	18
1748	6671	2014	1727	151	1683	12
1749	6672	2014	282	198	2839	20
1750	6673	361	2014	96	1284	9
1751	6674	2005	361	154	4123	13
1752	6714	1762	360	12	0	0
1753	6715	1365	1366	47	0	0
1754	6716	1366	2015	45	332	3
1755	6717	1366	2016	45	0	0
1756	6718	2017	1365	45	493	4
1757	6719	2018	2019	51	553	5
1758	6720	2020	2021	52	493	4
1759	6721	2020	1377	86	867	6
1760	6722	1379	2020	40	0	0
1761	6723	2016	1367	39	0	0
1762	6724	1367	2018	20	0	0
1763	6725	2018	1379	19	0	0
1764	6865	534	549	144	111	1
1765	6866	534	1780	181	0	0
1766	6867	2022	2023	33	3552	42
1767	6868	2022	2024	134	4087	30
1768	6869	2024	1203	199	4198	31
1769	6870	1203	538	141	774	4
1770	6871	2025	1734	238	4649	45
1771	6872	2026	537	199	4106	27
1772	6873	974	2023	241	1794	9
1773	6874	1205	659	218	0	0
1774	6875	971	541	69	0	0
1775	6877	2027	2028	111	1080	7
1776	6878	1661	1643	68	850	5
1777	6879	1681	2029	49	1165	7
1778	6880	47	2030	74	706	5
1779	6881	2031	2032	146	1114	7
1780	6882	64	2031	120	1199	9
1781	6883	56	2033	94	1454	10
1782	6884	2034	66	94	1199	9
1783	6885	28	2035	162	0	0
1784	6886	29	1444	174	1156	4
1785	6888	2036	211	272	1632	4
1786	6893	1387	1388	162	884	5
1787	6894	2037	944	609	162	1
1788	6897	1683	1533	53	0	0
1789	6898	2038	2039	58	791	3
1790	6899	6	2040	110	0	0
1791	6900	74	2041	168	1496	10
1792	6908	2042	1489	310	0	0
1793	6909	171	160	69	0	0
1794	6911	2043	2044	58	204	1
1795	6913	5	1543	222	366	2
1796	6916	171	2045	44	1020	2
1797	6917	2046	629	22	272	2
1798	6918	1606	2047	20	0	0
1799	6922	1200	543	480	1794	6
1800	6923	544	2048	180	111	1
1801	6924	549	2025	30	0	0
1802	6925	2049	545	93	2244	14
1803	6926	547	1158	27	0	0
1804	6927	1161	385	12	0	0
1805	6928	766	2050	116	1743	13
1806	6929	760	2051	50	383	3
1807	6931	566	2052	128	1437	9
1808	6932	553	225	187	1080	8
1809	6933	553	370	73	272	2
1810	6969	2053	848	179	0	0
1811	6970	1609	2054	27	527	3
1812	6971	2055	1609	27	893	5
1813	6972	885	2056	62	799	5
1814	6973	884	684	310	1003	4
1815	6974	884	1748	93	204	1
1816	6975	703	2057	44	272	2
1817	6976	2057	706	157	1667	11
1818	6977	2057	2058	111	1428	9
1819	6978	885	2059	43	655	5
1820	6980	2060	2061	34	570	3
1821	6983	1546	1924	371	3230	20
1822	6984	2062	2063	324	0	0
1823	6985	2064	2065	223	8018	2
1824	7043	1551	2066	47	408	2
1825	7045	2067	1231	271	0	0
1826	7046	2068	2069	18	0	0
1827	7047	2070	1549	108	323	2
1828	7048	2071	2070	103	7260	3
1829	7049	2072	2070	107	0	0
1830	7050	2073	2072	78	0	0
1831	7051	1905	2073	83	0	0
1832	7052	2074	1471	294	0	0
1833	7053	1471	1235	212	0	0
1834	7054	2075	2076	41	323	2
1835	7055	2077	2075	55	221	2
1836	7056	1721	2078	75	1488	10
1837	7057	2079	2080	70	1547	10
1838	7058	2081	2079	29	332	3
1839	7059	1148	1719	9	0	0
1840	7060	1148	2082	9	544	4
1841	7061	2083	2084	56	1360	8
1842	7062	1717	2077	36	315	2
1843	7063	1001	999	88	0	0
1844	7064	1017	2085	49	969	6
1845	7065	1661	1139	48	434	3
1846	7066	493	2086	87	0	0
1847	7092	773	2087	147	4286	14
1848	7093	2087	774	118	1734	10
1849	7108	774	1700	84	842	5
1850	7109	1700	2088	43	162	1
1851	7110	1701	2089	144	3575	19
1852	7111	2090	2091	82	1377	9
1853	7112	2092	2090	260	5789	29
1854	7113	2093	2091	222	4344	26
1855	7114	2094	2095	88	893	5
1856	7196	2096	2097	72	3695	17
1857	7197	2097	781	115	9668	12
1858	7198	2089	2097	101	9180	7
1859	7199	2096	2095	6	0	0
1860	7200	2091	2096	89	1632	8
1861	7201	774	1698	8	0	0
1862	7202	2098	781	96	0	0
1863	7203	348	2099	119	1522	11
1864	7204	2100	348	119	1573	9
1865	7205	2100	2101	80	111	1
1866	7206	2101	2102	232	2967	19
1867	7207	2102	2099	84	570	3
1868	7208	2102	2103	5	0	0
1869	7209	2104	2103	191	2100	14
1870	7210	2103	2105	229	2984	21
1871	7211	2104	2105	183	2686	16
1872	7212	2106	2104	92	706	5
1873	7213	1944	2107	262	4043	13
1874	7214	2106	2108	100	1114	7
1875	7215	2106	1320	242	7724	34
1876	7216	2108	1322	262	4140	27
1877	7217	2108	2109	75	1182	8
1878	7218	2109	1972	275	4172	43
1879	7219	2109	2110	70	740	5
1880	7220	2110	2111	65	961	7
1881	7221	1973	2110	315	2873	21
1882	7316	1974	2111	384	4131	39
1883	7317	2111	783	119	918	6
1884	7318	784	785	81	434	3
1885	7319	783	784	82	502	2
1886	7320	2112	1326	82	1012	4
1887	7321	1829	2112	159	2465	17
1888	7322	2099	1829	83	969	7
1889	7323	2112	1830	3	0	0
1890	7324	2105	1759	82	850	5
1891	7532	691	2113	619	2227	8
1892	7539	2114	2113	461	0	0
1893	7541	2115	2116	137	0	0
1894	7543	2115	2114	252	0	0
1895	7544	2115	2117	75	0	0
1896	7545	2116	2117	154	0	0
1897	7546	2116	2118	88	0	0
1898	7561	1856	2119	300	162	1
1899	7661	1513	1434	44	221	2
1900	7662	1433	439	141	842	2
1901	7685	1434	1843	49	0	0
1902	7686	1433	1621	283	0	0
1903	7690	2114	1114	1002	0	0
1904	7701	502	504	31	0	0
1905	7706	2120	2121	324	7288	2
1906	7707	2122	2120	86	11091	26
1907	7715	951	949	69	204	1
1908	7721	2125	2123	36	315	2
1909	7752	2118	2126	302	1360	3
1910	7753	356	2127	66	1462	8
1911	7758	2117	2128	443	162	1
1912	7803	2129	1953	209	7040	38
1913	7892	2130	1892	70	408	2
1914	7896	1777	2130	174	162	1
1915	7922	2131	2122	59	0	0
1916	7923	2132	2125	154	1505	10
1917	7972	2133	2134	15	816	6
1918	7973	2135	2136	12	111	1
1919	7974	1010	1015	90	2720	4
1920	7975	1178	2137	90	3740	1
1921	7976	526	2138	70	0	0
1922	7977	1888	2139	30	366	2
1923	7978	1892	1890	39	162	1
1924	7979	1894	1890	61	476	3
1925	7980	1894	1896	4	0	0
1926	7986	2140	2141	154	680	2
1927	7988	974	548	327	0	0
1928	8026	2142	1090	145	3921	30
1929	8027	1088	2143	137	0	0
1930	8028	2144	2145	79	969	7
1931	8029	2146	2147	79	1173	7
1932	8030	2148	2149	78	1080	7
1933	8031	2150	408	112	2193	14
1934	8032	1083	2150	98	1802	11
1935	8033	2151	1243	67	655	5
1936	8034	1247	2152	76	221	2
1937	8035	2006	1248	324	3879	36
1938	8052	1971	1794	182	272	2
1939	8063	2153	1173	60	7365	2
1940	8108	1251	1083	36	162	1
1941	8109	2007	1251	101	2457	12
1942	8110	1252	2151	130	1751	11
1943	8111	2142	2151	58	757	5
1944	8112	1259	2154	67	910	6
1945	8113	1260	2155	67	816	6
1946	8114	1261	2156	67	714	6
1947	8115	1254	2157	67	816	6
1948	8116	2143	343	31	0	0
1949	8117	1758	1750	366	3222	20
1950	8118	1899	2158	211	2720	1
1951	8119	345	339	12	0	0
1952	8120	253	346	78	986	8
1953	8121	1751	2159	221	4076	58
1954	8122	1900	340	11	0	0
1955	8123	1751	1266	144	1233	9
1956	8124	260	2160	75	587	4
1957	8125	260	1901	218	2550	19
1958	8126	259	1901	169	0	0
1959	8127	334	259	102	0	0
1960	8128	1901	255	108	0	0
1961	8129	1276	264	104	587	4
1962	8130	2016	1369	85	969	7
1963	8131	1369	1276	137	1428	9
1964	8135	964	1757	78	638	4
1965	8151	273	2161	43	595	4
1966	8152	2008	2007	83	1293	7
1967	8153	2161	2006	90	1029	7
1968	8154	1756	392	55	272	2
1969	8155	2162	2011	86	655	5
1970	8156	2011	2013	90	850	6
1971	8157	2013	1727	88	969	7
1972	8158	282	1728	74	0	0
1973	8159	1728	2163	35	0	0
1974	8160	2163	287	59	0	0
1975	8161	287	285	79	0	0
1976	8162	286	334	70	6800	1
1977	8163	333	1300	322	111	1
1978	8209	2164	781	105	3496	9
1979	8210	1406	2164	87	3230	7
1980	8211	1699	775	33	0	0
1981	8212	775	1698	43	272	2
1982	8213	785	1324	77	1097	6
1983	8281	418	2165	62	0	0
1984	8282	2165	2166	31	3264	9
1985	8283	2167	2168	139	2482	10
1986	8284	1555	2167	67	315	2
1987	8287	1730	2169	158	162	1
1988	8288	2169	2016	69	629	4
1989	8289	1300	1730	106	332	3
1990	8290	2170	1300	107	0	0
1991	8291	283	2170	125	408	2
1992	8292	2170	1905	555	2117	8
1993	8293	2169	2171	227	408	2
1994	8296	2172	2173	79	1709	12
1995	8297	523	2172	30	162	1
1996	8298	2172	524	19	0	0
1997	8299	1197	1205	676	0	0
1998	8300	526	1777	47	162	1
1999	8301	2174	2175	120	850	6
2000	8302	2174	2176	30	162	1
2001	8303	2177	1780	55	1284	6
2002	8305	2023	1734	116	842	5
2003	8306	2024	2178	188	3887	30
2004	8307	1734	2026	93	1309	7
2005	8308	2026	1156	205	3383	17
2006	8309	537	546	112	1122	4
2007	8310	651	1735	117	952	6
2008	8311	1153	2022	83	0	0
2009	8312	1735	1736	102	544	4
2010	8313	663	661	12	0	0
2011	8315	972	657	43	0	0
2012	8324	1797	2179	215	3494	21
2013	8325	2180	1796	86	4165	11
2014	8326	1204	660	72	0	0
2015	8327	555	530	819	986	6
2016	8328	2025	2181	83	544	4
2017	8330	548	547	153	0	0
2018	8331	762	2182	169	2091	14
2019	8332	762	550	84	1284	9
2020	8333	579	2183	122	1122	7
2021	8334	767	223	132	527	3
2022	8335	1160	555	39	0	0
2023	8336	223	424	19	0	0
2024	8337	2184	221	28	204	1
2025	8338	227	2185	87	8034	1
2026	8341	228	383	12	0	0
2027	8344	231	378	12	0	0
2028	8347	382	229	7	0	0
2029	8348	379	558	73	0	0
2030	8349	234	2186	53	536	4
2031	8350	572	570	43	111	1
2032	8351	235	573	40	272	2
2033	8352	575	2187	41	0	0
2034	8353	2187	239	54	1012	6
2035	8354	2187	763	13	0	0
2036	8355	575	1560	167	366	2
2037	8356	1742	577	40	570	3
2038	8357	761	1742	40	221	2
2039	8358	241	552	41	221	2
2040	8363	768	2188	65	204	1
2041	8364	245	770	88	408	2
2042	8365	770	225	19	0	0
2043	8366	245	1101	167	1343	4
2044	8430	1802	297	253	6139	33
2045	8431	1796	1802	39	2457	10
2046	8433	2179	390	119	1309	10
2047	8434	305	959	60	383	3
2048	8435	1565	1810	122	493	4
2049	8436	1807	1565	45	162	1
2050	8437	301	1402	164	3876	15
2051	8439	1824	1319	370	0	0
2052	8536	1082	2189	88	1530	9
2053	8554	1151	2190	427	765	6
2054	8555	2175	1316	106	340	1
2055	8556	1768	1316	190	0	0
2056	8557	1187	2191	154	1428	4
2057	8558	1189	2192	64	4052	2
2058	8559	516	1773	53	0	0
2059	8561	1775	1190	64	162	1
2060	8562	727	1775	40	0	0
2061	8563	1190	1192	64	0	0
2062	8595	2092	2093	89	2584	9
2063	8596	1934	787	69	1870	6
2064	8597	787	2193	83	4688	14
2065	8598	2093	1934	81	1675	10
2066	8599	1941	1938	178	4614	46
2067	8600	2193	1941	72	3972	9
2068	8602	973	1703	115	510	1
2069	8603	557	2176	94	1224	6
2070	8611	1458	2194	39	0	0
2071	8612	1552	1044	29	0	0
2072	8614	816	862	64	910	6
2073	8615	2195	2196	27	221	2
2074	8616	819	864	37	587	4
2075	8617	862	2197	15	476	3
2076	8618	864	2198	26	111	1
2077	8619	820	2199	21	0	0
2078	8620	820	2195	36	595	4
2079	8621	814	2199	56	162	1
2080	8622	2199	2200	80	1080	7
2081	8623	2201	828	72	0	0
2082	8624	2202	2203	32	111	1
2083	8625	2204	2205	34	0	0
2084	8626	807	2206	42	0	0
2085	8627	835	832	74	0	0
2086	8628	2207	793	32	0	0
2087	8629	793	2208	80	1998	13
2088	8631	823	839	93	7822	4
2089	8633	2209	2210	74	2040	3
2090	8635	1008	2211	8	0	0
2091	8636	2211	1015	37	0	0
2092	8637	1233	1723	14	0	0
2093	8638	838	992	42	7050	2
2094	8640	1093	1019	112	510	1
2095	8641	1765	2074	314	1156	5
2096	8652	2212	2213	41	0	0
2097	8653	2213	2214	34	221	2
2098	8654	2214	2215	58	757	5
2099	8655	2216	2212	90	272	2
2100	8656	2213	2217	45	272	2
2101	8657	2214	2218	120	1989	13
2102	8659	806	2219	32	162	1
2103	8660	2219	2220	67	918	6
2104	8661	2216	2221	31	2210	16
2105	8662	828	2222	125	6800	1
2106	8663	2064	2223	118	6914	3
2107	8664	1046	264	562	0	0
2108	8665	2224	1153	195	3688	47
2109	8666	1306	1048	44	0	0
2110	8667	2194	2225	46	162	1
2111	8669	2226	2227	66	434	3
2112	8670	2228	2229	23	0	0
2113	8671	2230	2229	67	434	3
2114	8672	2231	2232	36	442	4
2115	8673	2232	2204	59	655	5
2116	8674	2204	2202	47	315	2
2117	8675	805	2204	63	162	1
2118	8676	2233	2201	36	366	2
2119	8680	2235	635	156	1284	8
2120	8681	638	643	11	0	0
2121	8682	646	2236	7	0	0
2122	8686	645	369	34	204	1
2123	8687	1096	1546	449	799	5
2124	8688	2237	979	1142	111	1
2125	8690	2226	2238	106	111	1
2126	8691	2225	2239	162	1454	5
2127	8694	2241	2242	85	1020	7
2128	8695	803	2243	45	111	1
2129	8696	803	2244	93	1488	9
2130	8697	2245	2246	32	162	1
2131	8698	2212	2245	36	366	2
2132	8699	2217	1053	253	510	1
2133	8700	1053	2240	45	0	0
2134	8702	640	2247	67	111	1
2135	8703	632	1052	51	0	0
2136	8709	2248	2140	246	4860	18
2137	8710	2060	2248	13	0	0
2138	8726	2141	2249	134	528	3
2139	8728	1076	2168	52	493	4
2140	8729	1088	1076	171	2712	12
2141	8730	2168	2250	120	315	2
2142	8731	1555	2140	63	0	0
2143	8758	2251	2252	44	8132	6
2144	8759	2252	2253	33	111	1
2145	8760	2253	2254	38	757	5
2146	8761	2253	2255	65	697	5
2147	8762	598	2256	22	0	0
2148	8763	604	2256	110	1275	8
2149	8764	2256	2257	19	0	0
2150	8765	2257	597	16	162	1
2151	8766	597	2258	17	204	1
2152	8767	2259	594	63	8062	2
2153	8768	2260	2261	52	646	4
2154	8769	2262	594	66	646	4
2155	8770	2261	2262	31	162	1
2156	8771	2263	2262	10	570	3
2157	8772	2264	2261	15	587	4
2158	8773	2265	596	193	0	0
2159	8774	188	2266	148	799	5
2160	8775	2267	857	74	0	0
2161	8776	164	188	118	859	6
2162	8777	188	2268	62	366	2
2163	8778	324	200	75	1080	8
2164	8779	2269	2270	55	935	8
2165	8780	204	2271	147	493	4
2166	8781	2271	327	44	204	1
2167	8782	2272	324	36	111	1
2168	8784	97	2273	46	706	5
2169	8785	2274	2275	40	476	3
2170	8786	2276	2277	39	162	1
2171	8788	618	2278	23	0	0
2172	8789	2279	1592	54	323	2
2173	8790	2280	2279	68	0	0
2174	8791	2281	859	11	0	0
2175	8792	1607	2282	162	204	1
2176	8793	2281	2283	107	0	0
2177	8794	1590	2284	49	595	4
2178	8795	1581	2285	50	791	5
2179	8796	1907	1909	74	595	4
2180	8797	1909	1628	37	204	1
2181	8798	2286	1907	17	323	2
2182	8799	1619	2287	64	1360	2
2183	8800	1619	1616	49	0	0
2184	8803	1027	1445	3	0	0
2185	8804	1488	1222	194	0	0
2186	8805	2289	1630	35	0	0
2187	8806	1912	2290	156	1726	12
2188	8807	2291	1912	159	2049	14
2189	8808	2292	2293	104	910	6
2190	8809	2294	2295	290	3757	26
2191	8810	2289	2291	121	799	5
2192	8811	1020	1013	25	162	1
2193	8812	2296	2297	230	204	1
2194	8813	2298	1884	37	493	4
2195	8814	1884	1882	42	680	4
2196	8815	1022	2299	67	2669	21
2197	8816	1010	2209	85	0	0
2198	8817	1023	2134	72	876	7
2199	8818	2300	2301	22	1080	7
2200	8819	2302	2303	29	383	3
2201	8820	2198	2304	79	1318	8
2202	8821	2199	2198	68	366	2
2203	8822	2305	814	183	204	1
2204	8823	2306	2307	109	0	0
2205	8824	2308	1037	166	0	0
2206	8825	2309	825	207	3069	26
2207	8826	825	2310	18	162	1
2208	8827	2309	2228	46	0	0
2209	8828	2309	2230	134	893	5
2210	8829	2311	2230	137	1513	10
2211	8830	2312	2311	13	0	0
2212	8831	2312	2313	159	3995	27
2213	8834	2068	2314	145	0	0
2214	8835	2315	2068	20	0	0
2215	8836	2315	2316	52	366	2
2216	8837	2317	2316	118	2465	15
2217	8838	2318	2317	13	162	1
2218	8839	2319	2320	11	162	1
2219	8843	2321	2217	205	0	0
2220	8844	2322	2282	103	451	2
2221	8845	2235	1456	68	638	4
2222	8846	2247	2235	20	0	0
2223	8847	2247	2323	28	272	2
2224	8848	2324	2325	210	2992	17
2225	8850	2323	2324	56	0	0
2226	8851	2326	2327	163	1777	12
2227	8852	2328	2283	100	0	0
2228	8853	2329	1115	89	323	2
2229	8854	2330	2331	89	434	3
2230	8855	1455	1449	12	0	0
2231	8856	1452	1453	31	323	2
2232	8857	2332	2333	175	0	0
2233	8858	2334	2329	69	519	3
2234	8860	2335	2321	72	408	2
2235	8861	2336	2337	57	323	2
2236	8863	2316	2336	22	162	1
2237	8864	2338	2336	45	4655	37
2238	8866	2069	2063	20	0	0
2239	8867	836	807	35	0	0
2240	8868	2339	2075	42	332	3
2241	8869	2339	1721	36	519	3
2242	8870	2340	1720	49	748	5
2243	8871	1718	2084	44	867	6
2244	8872	983	990	24	0	0
2245	8873	1003	1006	38	0	0
2246	8875	1233	1007	108	0	0
2247	8894	1355	2341	75	332	3
2248	8895	2341	2342	30	221	2
2249	8898	2141	2343	55	0	0
2250	8899	2343	2344	83	655	5
2251	8904	2345	2346	75	0	0
2252	8905	2347	1037	111	0	0
2253	8907	2348	1495	34	0	0
2254	8908	1490	1492	51	0	0
2255	8911	2349	1486	65	0	0
2256	8933	922	1572	83	0	0
2257	8934	1572	2350	55	204	1
2258	8949	2351	189	408	0	0
2259	8961	1846	1845	29	0	0
2260	8962	1624	2352	33	493	4
2261	8963	1845	1635	69	0	0
2262	8964	1870	1436	68	0	0
2263	8965	1847	1870	17	0	0
2264	8966	1868	1847	51	0	0
2265	8967	1843	1868	68	111	1
2266	8968	1436	1846	38	0	0
2267	8969	1873	1871	60	1190	2
2268	8970	2353	1872	25	1190	2
2269	8971	1782	1873	34	0	0
2270	8973	1871	2288	37	4004	7
2271	8976	1620	1616	230	0	0
2272	8977	2354	1622	28	425	3
2273	8978	1622	2355	31	434	3
2274	8979	2356	1623	30	434	3
2275	8980	1623	2357	29	383	3
2276	8981	2358	1626	34	638	4
2277	8982	1626	2359	59	111	1
2278	8983	2359	2360	33	646	4
2279	8984	2361	2359	34	842	5
2280	8985	1872	1027	41	0	0
2281	8986	1677	2362	16	0	0
2282	8987	1913	2363	146	2295	15
2283	8988	49	2364	247	3630	22
2284	8989	1138	2292	88	638	4
2285	8990	1635	2289	31	0	0
2286	8991	2295	1913	107	434	3
2287	8992	2291	2365	91	910	6
2288	8993	2292	2295	80	697	5
2289	8994	1636	2366	106	1454	10
2290	8995	1692	2367	124	1904	12
2291	8996	1792	1692	40	162	1
2292	8997	1633	1410	60	689	4
2293	8998	1438	1645	84	272	2
2294	8999	1438	2368	235	842	2
2295	9000	1437	1645	88	0	0
2296	9001	1653	1650	23	111	1
2297	9002	2369	1653	44	425	3
2298	9003	1655	2369	44	383	3
2299	9004	2370	1644	46	0	0
2300	9005	2371	2370	146	493	4
2301	9006	2372	2370	60	323	2
2302	9007	2369	2373	47	961	6
2303	9008	1668	2027	73	714	6
2304	9009	1664	2027	43	0	0
2305	9010	1664	2372	23	0	0
2306	9011	2372	1657	44	111	1
2307	9012	1657	2374	35	272	2
2308	9013	1906	1663	17	0	0
2309	9014	1665	2375	51	859	6
2310	9015	1906	2376	41	680	4
2311	9016	2377	1670	145	1157	7
2312	9017	1670	1440	102	434	3
2313	9018	2378	1028	471	544	4
2314	9019	39	1678	81	612	3
2315	9156	2379	286	67	0	0
2316	9158	2379	2380	90	7786	2
2317	9159	1184	373	1026	366	2
2318	9164	544	2381	296	0	0
2319	9170	1561	2382	121	493	4
2320	9171	224	2383	55	425	3
2321	9172	1558	231	262	0	0
2322	9174	2089	2164	154	8392	2
2323	9175	2384	2095	83	204	1
2324	9298	2385	2353	85	1360	2
2325	9299	2385	1873	85	1360	2
2326	9308	2386	2378	259	451	2
2327	9312	1484	2387	35	1513	9
2328	9313	16	2388	123	162	1
2329	9314	16	2389	187	2244	14
2330	9315	2388	17	77	927	5
2331	9316	17	2390	59	366	2
2332	9378	1033	2393	7	0	0
2333	9380	2394	2395	220	527	3
2334	9381	1166	1688	208	0	0
2335	9383	175	2396	304	680	1
2336	9384	1437	1647	43	0	0
2337	9385	2035	2397	330	0	0
2338	9386	2396	2351	51	0	0
2339	9387	1389	213	22	0	0
2340	9394	1646	2377	54	0	0
2341	9395	2377	2398	62	0	0
2342	9396	2399	2400	58	0	0
2343	9397	2400	1646	55	0	0
2344	9398	2400	2377	6	0	0
2345	9399	2399	2398	11	0	0
2346	9400	2401	1791	80	0	0
2347	9401	1791	2402	79	111	1
2348	9402	2398	2401	15	0	0
2349	9403	2401	2402	12	0	0
2350	9404	2403	1788	46	0	0
2351	9405	1788	2404	45	0	0
2352	9406	2402	2403	31	0	0
2353	9407	2403	2404	12	0	0
2354	9408	2404	2399	51	0	0
2355	9414	2405	2406	29	0	0
2356	9415	2406	2407	41	0	0
2357	9428	319	855	23	0	0
2358	9440	715	2410	711	0	0
2359	9442	2409	2411	1170	0	0
2360	9443	1731	372	689	0	0
2361	9444	1678	60	80	697	5
2362	9445	40	2412	93	1505	10
2363	9446	1681	42	48	221	2
2364	9447	60	43	76	0	0
2365	9448	35	45	556	1479	7
2366	9449	46	2413	112	2202	5
2367	9450	48	2414	88	876	7
2368	9451	48	2415	68	765	6
2369	9452	49	2416	61	961	6
2370	9453	49	56	230	638	4
2371	9454	2031	2417	57	808	5
2372	9455	39	2418	177	2465	16
2373	9456	64	55	80	162	1
2374	9457	57	64	81	315	2
2375	9458	2368	2419	116	366	2
2376	9460	68	1693	38	162	1
2377	9461	2420	68	79	1233	8
2378	9462	1693	1480	37	111	1
2379	9463	1481	1671	35	162	1
2380	9464	2421	1480	62	1012	6
2381	9465	55	53	74	383	3
2382	9466	2035	1671	66	162	1
2383	9469	37	32	78	638	4
2384	9470	1384	34	643	1743	8
2385	9471	39	37	81	162	1
2386	9493	1697	212	204	0	0
2387	9494	33	2422	37	2304	20
2388	9495	2423	33	98	5338	13
2389	9496	2037	935	560	689	4
2390	9497	2424	947	526	221	2
2391	9695	591	196	31	0	0
2392	9756	886	889	31	204	1
2393	9765	1501	1569	218	162	1
2394	9766	1327	2425	463	434	3
2395	9767	1328	2426	319	1097	5
2396	9768	2426	2427	50	544	2
2397	9769	2427	1567	237	434	3
2398	9770	1517	1503	5	0	0
2399	9771	24	25	45	221	2
2400	9772	2428	426	25	204	1
2401	9774	557	786	72	162	1
2402	9797	1447	690	29	162	1
2403	9798	844	449	78	0	0
2404	9804	2430	2431	53	910	6
2405	9805	26	2430	94	927	7
2406	9806	1301	2432	54	536	4
2407	9807	2432	2433	74	910	6
2408	9809	2343	1355	9	0	0
2409	9815	2434	2297	57	111	1
2410	9816	1234	2434	75	162	1
2411	9819	1508	2435	90	757	5
2412	9820	2436	2437	36	655	5
2413	9823	2438	1537	102	4276	25
2414	9824	1536	2438	122	3400	21
2415	9827	1651	2439	58	978	7
2416	9828	1649	2439	186	2907	20
2417	9831	1179	2440	105	323	2
2418	9832	2440	2441	153	3430	7
2419	9836	2349	1145	382	0	0
2420	9837	1145	2281	518	272	2
2421	9838	2281	798	564	221	2
2422	9839	1160	2442	93	434	3
2423	9840	2381	2443	225	162	1
2424	9851	1713	842	32	0	0
2425	9852	2053	1357	23	0	0
2426	9853	842	2053	23	0	0
2427	9854	1357	1713	30	0	0
2428	9878	1538	2444	99	272	2
2429	9881	1390	1389	9	0	0
2430	9882	1391	1385	10	0	0
2431	9883	1385	1390	17	0	0
2432	9902	2445	1108	79	3550	30
2433	9903	2345	2446	129	3929	38
2434	9906	545	1738	68	1020	7
2435	9907	720	1738	56	0	0
2436	9908	543	2447	176	162	1
2437	9912	2448	2449	82	221	2
2438	9913	2448	2450	102	9291	10
2439	9914	2086	2451	7	0	0
2440	9915	2451	2452	73	3800	22
2441	9916	2451	2453	66	0	0
2442	9917	2453	2454	84	4059	26
2443	9918	1596	2455	23	111	1
2444	9919	2455	2456	85	3586	28
2445	9933	1105	485	194	0	0
2446	9934	486	478	408	204	1
2447	9935	2457	2458	658	4080	6
2448	9937	712	711	81	0	0
2449	9950	1113	1708	78	0	0
2450	9951	711	714	435	0	0
2451	9954	23	1533	673	0	0
2452	9955	2459	1682	64	162	1
2453	9956	19	2460	92	162	1
2454	9957	2461	2462	49	315	2
2455	9958	18	21	117	366	2
2456	9959	19	18	49	0	0
2457	9960	2462	2463	129	204	1
2458	9962	22	2462	132	3664	23
2459	9963	6	4	23	0	0
2460	9964	86	2428	41	757	5
2461	9965	2464	1030	81	850	5
2462	9966	1032	2465	51	408	2
2463	9967	2465	2466	55	680	1
2464	9968	7	2467	21	986	8
2465	9970	2468	1033	22	0	0
2466	9971	2455	13	57	162	1
2467	9972	2132	1976	33	204	1
2468	9973	2469	73	30	111	1
2469	9974	73	2470	138	1751	11
2470	9975	74	2471	117	1513	11
2471	9976	2045	1143	61	544	4
2472	9977	1143	82	27	0	0
2473	9978	81	2472	71	1097	9
2474	9979	480	87	849	0	0
2475	9981	2473	92	237	272	2
2476	9983	430	2474	126	544	2
2477	9984	2128	2474	398	272	2
2478	9985	2475	321	58	570	3
2479	9986	321	852	39	111	1
2480	9987	187	179	113	2185	14
2481	9988	858	2351	199	162	1
2482	9990	179	174	18	162	1
2483	9991	187	2476	42	1598	10
2484	9992	2477	2272	41	544	4
2485	9993	2269	2478	128	2627	19
2486	9994	2269	2271	50	655	5
2487	9995	2271	326	51	765	6
2488	9996	327	2479	80	1853	14
2489	9998	2272	2480	37	1063	7
2490	9999	2481	97	26	604	5
2491	10000	98	2482	143	1513	10
2492	10201	2483	170	45	876	7
2493	10226	2484	69	471	366	2
2494	10227	2485	1525	603	315	2
2495	10228	2486	1029	90	748	5
2496	10233	93	1709	661	315	2
2497	10243	943	2487	64	204	1
2498	10244	1795	2487	101	332	3
2499	10245	2488	1256	86	961	6
2500	10246	2161	2488	198	3808	23
2501	10271	2489	357	62	434	3
2502	10282	290	1237	105	680	1
2503	10285	917	1497	843	1581	12
2504	10297	2435	2436	262	1641	8
2505	10301	1072	2490	120	0	0
2506	10319	2491	459	52	434	3
2507	10320	453	2491	61	0	0
2508	10321	2491	2492	71	1658	15
2509	10322	438	1512	75	2720	8
2510	10323	2493	2494	59	774	7
2511	10324	1512	2493	51	111	1
2512	10325	2495	2496	76	0	0
2513	10326	2388	2497	184	1173	8
2514	10327	1143	2498	69	1896	13
2515	10335	2490	2499	33	3596	16
2516	10350	1387	1538	55	0	0
2517	10357	2490	2495	15	0	0
2518	10363	1748	849	225	1581	4
2519	10367	2500	2086	116	2712	21
2520	10370	2012	275	10	0	0
2521	10371	275	1753	12	204	1
2522	10372	1753	2012	9	0	0
2523	10373	1902	2162	9	0	0
2524	10374	2162	276	10	0	0
2525	10375	276	1902	12	0	0
2526	10376	452	1614	11	0	0
2527	10377	1614	1211	10	0	0
2528	10378	1211	452	10	0	0
2529	10385	2501	2502	139	5984	30
2530	10398	2495	1986	124	0	0
2531	10402	380	1740	64	0	0
2532	10408	2503	2098	81	111	1
2533	10410	2101	2503	28	0	0
2534	10414	2504	2308	145	162	1
2535	10417	2505	2506	56	383	3
2536	10422	1127	2507	18	0	0
2537	10423	2507	2508	38	476	3
2538	10424	2509	739	117	111	1
2539	10425	1111	2510	61	0	0
2540	10426	2510	2511	84	0	0
2541	10427	2511	738	5	0	0
2542	10428	738	2512	81	2389	14
2543	10429	2511	2513	178	3741	23
2544	10430	2510	2514	53	1343	7
2545	10431	1111	2515	151	3549	31
2546	10432	2453	2516	5	0	0
2547	10438	2461	2517	40	0	0
2548	10439	21	2461	15	0	0
2549	10440	2517	2518	54	842	5
2550	10441	2517	2519	33	162	1
2551	10442	2520	2521	52	1003	6
2552	10443	2520	2522	30	935	5
2553	10462	1313	733	74	162	1
2554	10479	101	2523	92	1131	8
2555	10480	102	2524	35	332	3
2556	10481	118	106	47	323	2
2557	10482	108	118	18	0	0
2558	10483	2525	113	21	434	3
2559	10484	108	116	41	527	3
2560	10485	117	119	37	0	0
2561	10486	2526	117	54	816	6
2562	10487	2527	119	55	757	5
2563	10488	2267	175	171	0	0
2564	10489	106	100	90	0	0
2565	10490	116	125	56	1122	7
2566	10491	2528	585	44	1080	7
2567	10492	2529	587	47	697	5
2568	10493	128	2267	271	0	0
2569	10494	2530	2531	41	1139	8
2570	10495	2532	2530	40	587	4
2571	10496	2277	2530	38	323	2
2572	10497	129	2533	73	969	6
2573	10498	588	587	29	323	2
2574	10499	588	2534	30	680	4
2575	10500	584	110	67	748	5
2576	10501	191	2535	89	1037	8
2577	10502	136	138	64	0	0
2578	10503	2536	142	26	493	4
2579	10504	193	147	19	111	1
2580	10505	2537	190	62	1063	7
2581	10506	192	2538	20	111	1
2582	10507	590	2539	183	0	0
2583	10508	201	203	38	162	1
2584	10509	204	156	33	162	1
2585	10510	149	2540	118	655	5
2586	10511	596	590	49	0	0
2587	10512	154	190	38	765	6
2588	10513	125	2541	48	918	6
2589	10514	199	2539	14	0	0
2590	10515	2542	585	37	323	2
2591	10516	2543	162	77	111	1
2592	10517	161	15	117	485	3
2593	10518	167	2544	96	0	0
2594	10519	2045	2483	179	1921	13
2595	10520	2252	2545	13	0	0
2596	10521	2545	2546	86	1012	7
2597	10522	2545	598	42	0	0
2598	10523	601	2257	80	1369	8
2599	10524	2547	599	8	111	1
2600	10525	599	601	13	0	0
2601	10526	604	2548	58	1020	7
2602	10527	2255	2549	46	961	6
2603	10528	2550	2255	28	7199	4
2604	10529	2551	2274	37	910	6
2605	10530	2552	2274	38	111	1
2606	10531	2552	2553	41	442	4
2607	10532	2554	2555	43	544	4
2608	10533	2556	2557	50	434	3
2609	10534	2277	2558	36	638	4
2610	10739	1466	1781	18	0	0
2611	10740	931	1466	53	689	4
2612	10741	1849	932	46	111	1
2613	10742	1463	218	63	0	0
2614	10743	1463	1461	115	808	6
2615	10747	1354	2559	232	162	1
2616	10766	2560	2489	29	4080	8
2617	10770	866	891	114	952	6
2618	10774	2561	1051	316	0	0
2619	10777	2562	2561	306	680	1
2620	10783	1732	2563	85	272	2
2621	10785	2563	1019	588	2142	11
2622	10798	2442	2443	679	0	0
2623	10808	2564	767	101	111	1
2624	10809	1561	2564	132	0	0
2625	10824	2496	2565	36	162	1
2626	10825	2496	2566	96	3505	7
2627	10826	2565	2567	44	6896	2
2628	10830	2435	2568	177	2542	15
2629	10836	2569	2570	55	1428	12
2630	10842	2571	1073	58	111	1
2631	10847	1043	2131	189	0	0
2632	10849	2493	2569	90	1377	12
2633	10850	1959	2572	19	629	4
2634	10873	2044	494	201	111	1
2635	10874	745	84	128	0	0
2636	10875	2573	745	28	0	0
2637	10877	94	1961	508	340	1
2638	10878	747	494	400	0	0
2639	10880	1342	2574	138	1224	8
2640	10881	2574	2575	37	162	1
2641	10882	2575	1930	32	527	3
2642	10883	2575	1926	154	1530	9
2643	10894	804	2576	99	1420	8
2644	10895	804	2577	80	2210	13
2645	10896	2577	2578	36	1454	8
2646	10897	2578	2579	35	799	5
2647	10908	2569	1959	51	553	5
2648	10909	2580	1046	124	0	0
2649	10910	1048	2581	47	0	0
2650	10925	1932	2094	104	3400	10
2651	10940	2582	717	31	0	0
2652	10941	1182	2582	458	272	2
2653	10944	2583	2582	30	0	0
2654	10948	2583	717	11	0	0
2655	10952	1183	2408	28	0	0
2656	10953	2584	1183	28	0	0
2657	10956	719	2584	16	0	0
2658	10957	2584	2408	11	0	0
2659	10958	1184	2585	52	0	0
2660	10960	2386	2586	19	0	0
2661	10961	2586	2587	68	111	1
2662	10962	2586	2588	61	111	1
2663	10963	1856	1857	144	0	0
2664	10975	2544	633	80	0	0
2665	10987	446	678	102	842	2
2666	10988	849	678	155	0	0
2667	10990	2411	2405	515	0	0
2668	10991	2407	2405	15	0	0
2669	10992	2306	2067	16	0	0
2670	10993	2067	1232	8	0	0
2671	10994	1232	2589	15	0	0
2672	10995	2589	1039	10	0	0
2673	10996	1039	1041	20	0	0
2674	10997	1041	2590	19	0	0
2675	10998	2590	2306	10	0	0
2676	10999	2458	478	25	0	0
2677	11000	479	2458	49	0	0
2678	11018	1673	2386	282	0	0
2679	11020	1781	1487	414	0	0
2680	11026	434	1359	834	0	0
2681	11028	2396	2397	1495	0	0
2682	11032	2591	2592	23	162	1
2683	11033	2593	2276	31	0	0
2684	11034	616	2593	13	0	0
2685	11035	2594	2591	14	689	4
2686	11036	2278	2593	40	527	3
2687	11037	2592	2278	50	434	3
2688	11038	2592	2595	26	1403	9
2689	11039	2276	129	9	0	0
2690	11040	2552	1594	42	162	1
2691	11041	2556	2554	29	272	2
2692	11042	1592	2554	38	383	3
2693	11043	2596	2283	160	2032	4
2694	11044	2597	1590	122	1020	7
2695	11045	2598	2599	39	689	4
2696	11046	2600	621	68	757	5
2697	11047	1587	1589	28	553	5
2698	11048	1589	2599	54	689	4
2699	11049	2601	2599	5	111	1
2700	11050	620	1584	134	0	0
2701	11051	1584	2602	115	204	1
2702	11052	627	624	40	706	5
2703	11053	2603	624	53	952	6
2704	11054	2279	611	33	0	0
2705	11055	624	611	42	0	0
2706	11056	2604	2556	8	434	3
2707	11057	629	1593	38	162	1
2708	11058	1607	1604	132	680	2
2709	11059	1608	2047	111	0	0
2710	11060	1714	1608	60	204	1
2711	11061	1714	2605	107	340	1
2712	11064	2605	2544	60	0	0
2713	11316	1060	1061	39	0	0
2714	11337	2606	1234	62	3400	5
2715	11340	1229	2607	168	1454	5
2716	11341	1227	1042	14	0	0
2717	11342	2608	506	10	0	0
2718	11345	1225	1239	189	0	0
2719	11346	2362	1223	24	0	0
2720	11347	2609	1220	9	111	1
2721	11348	1216	1218	55	0	0
2722	11349	1528	2610	107	162	1
2723	11350	1212	1214	69	0	0
2724	11351	2611	1838	115	408	2
2725	11352	1057	2612	13	272	2
2726	11353	1055	2613	13	1139	8
2727	11354	1052	2614	42	629	4
2728	11357	1043	1047	12	0	0
2729	11359	2307	2590	110	0	0
2730	11369	1716	2615	713	1054	6
2731	11370	2615	1095	363	901	6
2732	11382	2616	1925	152	510	1
2733	11383	1925	216	62	0	0
2734	11390	942	2617	92	162	1
2735	11391	2617	2362	8	0	0
2736	11398	2238	2618	34	0	0
2737	11399	2618	2619	90	204	1
2738	11400	2619	2066	149	204	1
2739	11403	288	1904	268	952	4
2740	11407	2620	2621	102	323	2
2741	11462	2132	2469	44	0	0
2742	11463	2469	2622	74	2185	17
2743	11465	13	2468	61	204	1
2744	11468	1050	1049	21	0	0
2745	11469	1050	2623	10	0	0
2746	11470	1306	2624	32	0	0
2747	11471	2624	2623	9	0	0
2748	11472	2625	1457	13	0	0
2749	11473	1457	2580	27	0	0
2750	11474	2580	2581	9	0	0
2751	11475	2581	2624	4	0	0
2752	11476	2623	2625	6	0	0
2753	11477	1049	2625	14	0	0
2754	11536	1524	1786	377	587	4
2755	11538	1676	2485	24	0	0
2756	11540	87	89	113	0	0
2757	11541	78	85	190	3771	29
2758	11542	85	474	79	1624	11
2759	11559	1688	2628	475	0	0
2760	11580	2385	2629	48	680	1
2761	11581	1421	1334	138	111	1
2762	11582	1334	2630	95	162	1
2763	11586	2633	846	67	0	0
2764	11587	694	2633	33	162	1
2765	11588	692	694	122	162	1
2766	11589	684	692	52	0	0
2767	11590	682	2634	209	3987	19
2768	11591	851	703	203	2389	15
2769	11592	2634	850	58	323	2
2770	11597	2635	2060	62	1998	6
2771	11619	1483	639	21	0	0
2772	11620	640	635	67	731	4
2773	11621	796	641	94	808	6
2774	11622	642	2636	42	272	2
2775	11623	643	2236	86	731	4
2776	11624	795	2236	34	111	1
2777	11626	1924	2616	91	111	1
2778	11627	2637	796	26	221	2
2779	11628	2207	792	91	485	3
2780	11629	792	2638	89	1921	10
2781	11630	2639	2327	67	1088	8
2782	11631	2327	1587	60	961	6
2783	11632	2640	2641	52	3681	10
2784	11633	1115	2642	68	570	3
2785	11635	2330	2643	287	3955	57
2786	11636	2330	1452	51	0	0
2787	11637	1115	2644	67	162	1
2788	11639	2334	2644	91	476	3
2789	11870	1854	1035	213	0	0
2790	11871	1853	1035	611	162	1
2791	11874	2346	1108	23	0	0
2792	11875	10	2645	152	655	5
2793	11876	1028	2646	37	553	5
2794	11877	41	59	48	638	4
2795	11879	1024	1026	96	0	0
2796	11880	859	861	516	0	0
2797	11882	2265	2280	17	0	0
2798	11883	2280	860	15	0	0
2799	11884	860	2602	14	0	0
2800	11885	2602	2265	17	0	0
2801	11886	195	853	15	0	0
2802	11887	319	2647	51	323	2
2803	11888	2539	195	17	0	0
2804	11889	853	199	18	0	0
2805	11890	856	2648	212	111	1
2806	11891	852	2649	45	111	1
2807	11906	683	2650	96	4080	6
2808	11908	455	700	147	7903	4
2809	11914	846	502	41	2423	15
2810	11915	845	2651	97	2720	4
2811	11916	844	2652	89	1360	2
2812	11922	1575	2653	184	272	2
2813	11923	2653	1338	482	434	3
2814	11942	1766	2654	277	315	2
2815	11943	2654	2655	43	0	0
2816	11944	2585	1715	409	697	5
2817	11945	1201	531	827	527	3
2818	11946	1206	1200	56	0	0
2819	11957	1707	214	104	0	0
2820	11966	1951	1950	82	3744	14
2821	11967	1836	2656	741	221	2
2822	11968	2656	1842	33	0	0
2823	11969	2640	2333	21	0	0
2824	11971	2211	1014	52	2550	5
2825	11972	2332	2335	19	0	0
2826	11973	2335	2062	20	0	0
2827	11974	2331	2332	20	0	0
2828	11975	2062	2331	20	0	0
2829	11976	2328	2640	19	0	0
2830	11977	2333	2642	19	0	0
2831	11978	2642	2328	20	0	0
2832	12062	751	2657	63	0	0
2833	12063	474	2658	46	2253	15
2834	12064	2657	2659	8	0	0
2835	12065	2659	2501	7	0	0
2836	12066	2501	2657	14	0	0
2837	12067	2659	476	128	4040	10
2838	12068	170	169	16	0	0
2839	12069	169	2660	37	2363	16
2840	12070	2483	1118	10	0	0
2841	12071	1118	2661	33	2958	18
2842	12073	1858	1518	12	0	0
2843	12074	1518	2662	55	162	1
2844	12075	1425	1859	156	476	3
2845	12076	1859	2663	64	272	2
2846	12077	938	1532	523	111	1
2847	12079	1392	2664	151	162	1
2848	12080	2397	1647	629	0	0
2849	12081	318	2475	84	162	1
2850	12082	2475	2665	63	638	4
2851	12083	2484	2486	228	544	4
2852	12084	2486	1837	167	0	0
2853	12086	1838	1675	107	272	2
2854	12104	2666	729	47	0	0
2855	12105	729	2667	120	3593	8
2856	12106	728	2666	59	162	1
2857	12107	2666	2668	46	859	6
2858	12108	2668	2669	52	1360	11
2859	12109	2668	2670	25	332	3
2860	12110	2307	2347	100	0	0
2861	12111	1038	2671	138	0	0
2862	12112	2347	2672	111	0	0
2863	12113	2672	2314	173	0	0
2864	12114	2314	2671	139	0	0
2865	12115	2314	1038	10	0	0
2866	12116	2672	1037	7	0	0
2867	12117	2673	320	9	204	1
2868	12118	320	2674	70	859	6
2869	12157	2675	2334	71	434	3
2870	12158	2321	2631	42	646	4
2871	12159	815	2676	77	2720	4
2872	12164	2243	799	31	162	1
2873	12165	2243	2241	26	0	0
2874	12166	2241	2240	50	204	1
2875	12167	2245	2677	173	1675	11
2876	12169	806	2216	43	162	1
2877	12170	2219	2678	85	1012	6
2878	12171	808	836	18	0	0
2879	12172	2171	2679	23	0	0
2880	12173	1459	2620	81	162	1
2881	12175	2225	1458	42	0	0
2882	12176	1459	1550	119	0	0
2883	12177	1552	2226	107	0	0
2884	12178	2066	2194	47	476	3
2885	12180	810	813	44	0	0
2886	12182	1554	1040	13	0	0
2887	12183	2589	1554	476	0	0
2888	12184	1554	1146	87	0	0
2889	12185	2195	816	39	544	4
2890	12186	2680	2228	88	2635	18
2891	12187	2311	2069	44	476	3
2892	12188	2229	2312	56	0	0
2893	12189	2232	1057	30	111	1
2894	12190	805	2201	94	544	4
2895	12192	2681	2206	116	434	3
2896	12193	2201	2206	86	408	2
2897	12194	2202	1055	30	272	2
2898	12195	828	2682	38	6800	1
2899	12196	2681	831	47	0	0
2900	12197	833	2681	115	485	3
2901	12198	831	2207	41	0	0
2902	12200	823	1038	32	0	0
2903	12201	2671	834	185	0	0
2904	12203	2319	2337	125	2856	18
2905	12206	2063	2315	20	0	0
2906	12207	2683	2072	102	8522	4
2907	12208	2171	2073	127	791	3
2908	12209	2073	1471	348	2202	4
2909	12457	843	2684	94	1182	3
2910	12458	448	2685	54	502	2
2911	12459	449	2686	284	3734	10
2912	12495	669	2687	26	340	1
2913	12496	1182	2688	94	162	1
2914	12497	315	2689	73	2788	6
2915	12498	961	1768	123	0	0
2916	12499	658	660	205	0	0
2917	12525	2690	2691	115	2720	4
2918	12526	2691	127	135	0	0
2919	12527	2088	2090	43	799	5
2920	12528	1865	2692	271	111	1
2921	12529	2692	1430	127	0	0
2922	12530	1952	1946	13	0	0
2923	12550	1350	1352	10	0	0
2924	12554	854	856	83	0	0
2925	12555	689	690	71	0	0
2926	12556	689	2693	241	162	1
2927	12557	1613	2694	8	0	0
2928	12558	2694	2695	5	0	0
2929	12559	2695	699	7	0	0
2930	12560	681	1612	56	2040	4
2931	12561	1612	2696	19	0	0
2932	12562	699	2696	6	0	0
2933	12564	2696	1613	5	0	0
2934	12565	1615	2695	14	0	0
2935	12566	1615	2694	15	340	1
2936	12567	454	2697	7	0	0
2937	12568	1611	2697	12	0	0
2938	12569	1611	2698	12	0	0
2939	12570	2697	2698	4	0	0
2940	12571	1610	2699	18	0	0
2941	12572	1610	2700	17	1020	2
2942	12573	2698	2700	11	0	0
2943	12574	2700	2699	5	0	0
2944	12575	2699	454	5	0	0
2945	12580	1963	2457	29	0	0
2946	12581	1967	1962	11	0	0
2947	12582	1967	1961	40	0	0
2948	12583	1964	1966	11	0	0
2949	12586	2573	1921	70	0	0
2950	12587	1922	2042	110	0	0
2951	12588	2042	1979	111	0	0
2952	12589	1922	1979	15	0	0
2953	12590	1496	1981	104	0	0
2954	12591	2573	1982	70	0	0
2955	12592	1982	1921	14	0	0
2956	12593	1496	1984	103	0	0
2957	12594	2460	1983	22	0	0
2958	12595	2460	1980	22	0	0
2959	12596	1980	1983	14	0	0
2960	12597	1984	1981	14	0	0
2961	12599	834	978	58	0	0
2962	12669	2407	2628	147	0	0
2963	12672	2	2464	23	0	0
2964	12673	2	2459	24	0	0
2965	12674	2464	2459	21	0	0
2966	12675	2040	2038	67	0	0
2967	12677	2562	2608	84	0	0
2968	12678	984	2562	9	0	0
2969	12679	1227	2608	315	0	0
2970	12680	91	1920	204	0	0
2971	12681	1920	2701	225	3732	12
2972	12682	1494	461	107	0	0
2973	12683	2507	70	57	0	0
2974	12684	2237	469	204	162	1
2975	12685	492	70	104	272	2
2976	12691	2608	980	21	0	0
2977	12693	2410	2409	113	0	0
2978	12706	810	2702	366	680	2
2979	12707	1044	2703	364	0	0
2980	12709	2702	797	13	0	0
2981	12710	2703	1228	14	0	0
2982	12711	2702	2703	13	0	0
2983	12712	797	1228	14	0	0
2984	12740	2704	2339	20	544	4
2985	12741	2705	984	107	4159	151
2986	12742	1146	2077	72	204	1
2987	12743	2079	1717	66	553	5
2988	12744	1718	1719	62	799	5
2989	12745	1720	2706	51	434	3
2990	12746	2084	2707	77	1896	14
2991	12749	1723	1474	80	7156	4
2992	12750	1007	1001	105	0	0
2993	12751	1094	2708	106	7598	2
2994	12753	1235	1226	83	0	0
2995	12755	423	2074	137	0	0
2996	12756	665	961	17	0	0
2997	12758	2298	2297	167	731	4
2998	12759	2298	1020	68	0	0
2999	12760	1882	2709	115	2091	15
3000	12761	1021	1885	42	544	4
3001	12762	1885	2710	112	2278	17
3002	12763	1177	1175	48	995	9
3003	12764	1175	2136	10	0	0
3004	12765	2711	2712	34	493	4
3005	12766	2711	2136	15	0	0
3006	12767	2711	2300	45	332	3
3007	12768	2300	2713	29	587	4
3008	12769	2714	2303	52	1029	8
3009	12770	1174	2303	42	272	2
3010	12772	2138	2715	91	1394	9
3011	12774	526	2716	99	1564	10
3012	12775	2138	1888	36	425	3
3013	12776	1896	2717	151	2015	12
3014	12787	2189	2718	36	111	1
3015	12789	249	2142	113	2559	17
3016	12790	1243	2144	57	799	5
3017	12791	2148	2150	73	323	2
3018	12792	2146	2148	34	323	2
3019	12793	2146	2144	36	162	1
3020	12829	2719	2720	829	1632	8
3021	12831	1144	2721	20	553	5
3022	12832	2722	1144	24	222	2
3023	12833	750	78	115	0	0
3024	12834	1494	1543	228	0	0
3025	12835	92	2723	244	204	1
3026	12837	2720	318	404	1054	5
3027	12839	126	2690	24	0	0
3028	12840	613	2724	169	4276	12
3029	12950	2038	4	62	0	0
3030	12982	2725	2166	62	425	3
3031	12983	419	649	227	0	0
3032	12984	1702	1704	49	272	2
3033	12986	416	2726	37	0	0
3034	12987	2726	2193	150	3538	41
3035	12995	411	1171	53	0	0
3036	12996	410	1171	53	0	0
3037	12997	413	415	208	680	1
3038	13000	1242	399	49	0	0
3039	13001	408	1081	34	162	1
3040	13002	402	406	51	323	2
3041	13003	1081	404	67	383	3
3042	13004	402	404	25	0	0
3043	13006	400	2727	60	1292	7
3044	13007	399	1241	7	0	0
3045	13008	398	1750	13	0	0
3046	13009	250	2143	16	0	0
3047	13010	396	1248	50	434	3
3048	13014	392	2008	73	791	5
3049	13015	390	963	25	0	0
3050	13018	1264	2728	62	706	5
3051	13020	2729	2064	107	0	0
3052	13021	2679	2729	107	0	0
3053	13022	1812	2100	7	0	0
3054	13023	1823	366	53	0	0
3055	13025	2655	2730	555	757	5
3056	13026	2731	284	79	0	0
3057	13027	1106	2732	37	0	0
3058	13028	2732	2731	57	680	1
3059	13029	2732	2163	10	0	0
3060	13030	1240	333	71	0	0
3061	13031	284	285	11	0	0
3062	13032	657	2733	77	3565	4
3063	13033	541	655	23	0	0
3064	13034	652	2734	104	3448	4
3065	13035	650	652	20	0	0
3066	13036	1152	2735	140	3721	8
3067	13037	1558	381	11	0	0
3068	13039	227	384	11	0	0
3069	13040	387	648	13	0	0
3070	13041	548	649	12	0	0
3071	13042	1705	2725	65	646	4
3072	13043	376	377	105	0	0
3073	13044	232	377	13	0	0
3074	13046	374	2736	81	510	1
3075	13047	1731	2737	72	434	3
3076	13048	370	2738	39	995	3
3077	13049	2188	2739	149	204	1
3078	13050	368	2740	40	816	6
3079	13051	1095	2741	710	340	1
3080	13053	367	303	63	0	0
3081	13057	948	2742	231	1479	9
3082	13058	360	2743	285	2176	16
3083	13059	2744	359	74	162	1
3084	13060	355	2745	99	1284	9
3085	13061	353	2746	76	927	7
3086	13062	352	2747	66	748	5
3087	13063	351	2748	54	765	6
3088	13064	349	2749	53	765	6
3089	13065	350	2750	45	604	5
3090	13066	347	2751	53	1037	8
3091	13067	256	346	56	0	0
3092	13068	1899	342	12	0	0
3093	13069	266	339	396	0	0
3094	13070	1728	1106	10	0	0
3095	13071	265	337	12	0	0
3096	13073	287	2731	10	0	0
3097	13074	2752	2655	138	434	3
3098	13076	216	2753	559	111	1
3099	13077	1823	2754	54	791	5
3100	13078	1812	2755	69	204	1
3101	13079	2679	2756	119	7634	4
3102	13080	2729	2757	118	8112	3
3103	13081	1264	2758	61	442	4
3104	13090	2107	2106	22	323	2
3105	13091	2759	1498	196	315	2
3106	13093	1860	2760	104	587	4
3107	13101	999	2761	141	7594	2
3108	13126	2205	1229	40	0	0
3109	13127	1011	2762	113	2380	5
3110	13138	2390	2391	52	204	1
3111	13139	2390	2626	50	272	2
3112	13140	2346	2763	49	0	0
3113	13141	2763	2764	109	1658	10
3114	13142	2763	2765	100	1054	6
3115	13230	2720	428	106	0	0
3116	13231	428	2766	46	3604	6
3117	13234	2393	2345	129	162	1
3118	13243	2574	928	104	204	1
3119	13244	928	2767	86	731	4
3120	13245	2767	2768	63	162	1
3121	13246	2768	2769	22	519	3
3122	13247	2768	2770	138	689	4
3123	13248	2767	2771	276	3757	21
3124	13249	18	757	73	0	0
3125	13250	758	2520	158	2635	16
3126	13251	2772	2773	127	1615	9
3127	13256	1077	1074	227	2125	13
3128	13257	1074	2774	49	757	5
3129	13258	757	2772	45	323	2
3130	13259	2772	2775	38	408	2
3131	13260	2508	2776	82	1649	10
3132	13261	2508	2777	83	0	0
3133	13262	2777	2778	49	1012	6
3134	13263	2779	2505	25	315	2
3135	13264	2779	2780	33	272	2
3136	13265	2781	2779	26	162	1
3137	13266	2782	2781	28	221	2
3138	13268	2516	2782	31	111	1
3139	13269	2505	2783	32	323	2
3140	13270	2782	2784	33	323	2
3141	13271	2781	2785	29	323	2
3142	13272	2514	2786	50	1590	8
3143	13273	2514	2787	23	204	1
3144	13275	531	979	471	111	1
3145	13276	740	2788	51	3103	21
3146	-17	417	2726	1	0	0
3147	-18	431	429	1	0	0
3148	-19	503	504	1	0	0
3149	-25	1476	1477	1	0	0
3150	-26	1927	1928	1	0	0
3151	-29	2325	2323	1	0	0
3152	-32	2607	2205	1	0	0
3153	-35	2648	854	1	0	0
3154	-36	2776	2777	1	0	0
3155	-37	91	94	731	0	0
3156	-38	7	2040	122	0	0
3157	-39	218	1134	415	0	0
3158	-40	366	1824	129	0	0
3159	-43	494	495	378	0	0
3160	-44	506	1226	291	0	0
3161	-45	507	1471	516	0	0
3162	-47	510	1225	76	0	0
3163	-49	1777	523	243	0	0
3164	-50	196	596	75	0	0
3165	-51	648	649	371	0	0
3166	-53	708	470	121	0	0
3167	-54	710	711	434	0	0
3168	-55	716	2348	607	0	0
3169	-58	838	839	134	0	0
3170	-59	840	841	71	0	0
3171	-60	841	838	112	0	0
3172	-61	925	927	148	0	0
3173	-62	947	2037	483	0	0
3174	-63	986	983	229	0	0
3175	-64	1235	509	297	0	0
3176	-65	716	1492	650	0	0
3177	-66	1234	1000	144	0	0
3178	-69	1316	1318	84	0	0
3179	-73	1317	1325	259	0	0
3180	-75	927	1360	47	0	0
3181	-76	491	1925	498	0	0
3182	-77	1403	1402	14	0	0
3183	-79	861	1486	383	0	0
3184	-81	1491	1486	208	0	0
3185	-82	1531	1525	340	0	0
3186	-83	1557	753	223	0	0
3187	-84	1009	1012	82	0	0
3188	-85	1092	1876	81	0	0
3189	-86	497	1965	594	0	0
3190	-87	790	1945	143	0	0
3191	-88	1991	1992	73	0	0
3192	-90	88	494	776	0	0
3193	-91	2113	1557	1531	0	0
3194	-92	1499	1783	1266	0	0
3195	-94	2448	855	52	0	0
3196	-95	667	511	515	0	0
3197	-96	739	93	397	0	0
3198	-97	522	1778	158	0	0
3199	-99	1392	94	220	0	0
3200	-100	2240	1456	201	0	0
3201	-102	740	462	355	0	0
3202	-103	1025	2288	64	0	0
3203	-104	2349	1495	52	0	0
3204	-105	1874	1848	59	0	0
3205	-106	2395	2406	436	0	0
3206	-107	2408	2409	513	0	0
3207	-108	2410	2583	348	0	0
3208	-112	1045	2131	194	0	0
3209	-113	789	781	441	0	0
3210	-114	718	719	149	0	0
3211	-116	2348	633	174	0	0
3212	-117	2411	2628	478	0	0
3213	-118	2047	631	39	0	0
3214	-120	797	2676	245	0	0
3215	-149	2631	2804	1	0	0
3216	11585	2804	2632	280	1828	13
3217	-133	2631	2632	2	0	0
3218	1397	2793	754	187	3497	1
3219	-138	753	2793	1	0	0
3220	-125	753	754	2	0	0
3221	-137	394	2792	1	0	0
3222	632	2792	395	46	1003	6
3223	-121	394	395	11	0	0
3224	-136	183	2791	1	0	0
3225	158	2791	184	96	1496	9
3226	-124	183	184	2	0	0
3227	-135	134	2790	1	0	0
3228	95	2790	135	203	655	5
3229	-123	134	135	2	0	0
3230	-134	75	2789	1	0	0
3231	56	2789	76	159	1020	7
3232	-122	75	76	2	0	0
3233	-126	1134	1135	2	0	0
3234	2314	2794	1135	868	663	3
3235	-139	1134	2794	1	0	0
3236	-89	540	1155	182	0	0
3237	2339	2795	1155	235	510	1
3238	-140	540	2795	1	0	0
3239	-127	1410	1411	2	0	0
3240	3248	2796	1411	55	595	4
3241	-141	1410	2796	1	0	0
3242	-128	1445	1446	2	0	0
3243	3401	2797	1446	164	7530	3
3244	-142	1445	2797	1	0	0
3245	-129	1447	1448	2	0	0
3246	3413	2798	1448	272	1292	8
3247	-143	1447	2798	1	0	0
3248	-130	2123	2124	2	0	0
3249	7720	2799	2124	74	527	3
3250	-144	2123	2799	1	0	0
3251	-98	2233	2234	73	0	0
3252	8677	2800	2234	205	2542	16
3253	-145	2233	2800	1	0	0
3254	-131	2391	2392	2	0	0
3255	9317	2801	2392	67	799	5
3256	-146	2391	2801	1	0	0
3257	-111	79	2429	117	0	0
3258	9800	2802	2429	158	7174	4
3259	-147	79	2802	1	0	0
3260	-132	2626	2627	2	0	0
3261	11484	2803	2627	63	893	5
3262	-148	2626	2803	1	0	0
END
-----------------------------------------
InputUsedToGenerateTheGraph:
County:	Odense
CenterNodeId:	2803
Radius:	8000
HouseTypes:	Normal	Summer	Apartment
NumberOfWasteFractions: 1
IntervalsForWasteFraction:	general	3.5	7.0	14.0
-----------------------------------------


