ProblemType:	CARP
NumberNodes:	3111
NumberEdges:	3358
DepotNodeNumber:	3088
NumberOfFractions:	1
NumberOfIntervalsForFraction	General_Glass_Metal_Plastic_Organic	1	14
GRAPH
EdgeNumber	EdgeId	StartNodeNumber	EndNodeNumber	Cost	Demand_0	Bins_0
START
0	0	0	1	77	0	0
1	2	2	3	39	162	1
2	3	1	4	22	0	0
3	4	5	6	81	162	1
4	5	7	5	8	0	0
5	18	9	10	13	0	0
6	19	11	12	223	0	0
7	20	11	13	457	374	3
8	21	13	14	515	1684	4
9	22	15	16	1567	502	2
10	46	17	18	296	0	0
11	49	19	17	13	0	0
12	51	20	21	266	162	1
13	52	17	22	424	0	0
14	67	23	24	291	12037	45
15	68	24	25	63	2006	5
16	85	26	27	631	0	0
17	88	28	29	7	0	0
18	92	30	31	55	0	0
19	93	30	32	130	0	0
20	94	33	32	18	0	0
21	95	34	35	142	0	0
22	96	33	34	12	0	0
23	97	36	37	133	0	0
24	98	37	38	172	485	3
25	99	39	40	38	485	3
26	108	41	42	44	323	2
27	109	43	41	87	485	3
28	111	44	45	68	969	6
29	112	46	47	65	3111	19
30	113	48	49	126	1496	9
31	118	50	51	140	935	5
32	119	52	53	91	485	3
33	120	54	55	51	570	3
34	123	56	57	16	0	0
35	135	58	59	114	323	2
36	138	60	61	20	0	0
37	139	62	63	59	680	1
38	146	64	65	126	12344	5
39	147	65	66	61	0	0
40	149	67	68	11	570	3
41	150	68	69	103	1853	9
42	155	70	71	185	162	1
43	179	72	73	12	376	2
44	180	73	74	55	936	5
45	181	75	76	39	485	3
46	183	78	77	16	0	0
47	184	79	80	35	485	3
48	185	81	82	38	646	4
49	186	81	83	20	2907	18
50	187	84	85	33	162	1
51	195	86	87	28	162	1
52	196	88	89	81	646	4
53	197	89	90	44	323	2
54	198	90	91	15	0	0
55	199	92	93	102	1054	6
56	200	93	26	48	162	1
57	201	94	95	132	0	0
58	202	96	76	57	0	0
59	203	76	97	142	808	5
60	204	96	98	25	0	0
61	205	99	80	78	485	3
62	206	80	100	21	162	1
63	207	101	85	13	0	0
64	208	85	99	141	1318	9
65	209	102	103	156	485	3
66	210	104	105	185	162	1
67	211	105	102	149	0	0
68	212	106	107	61	323	2
69	213	108	109	22	281	2
70	214	109	110	91	1165	4
71	215	111	112	424	0	0
72	216	113	114	403	4268	4
73	217	115	116	56	969	6
74	218	116	117	4	0	0
75	219	118	119	31	527	3
76	220	118	120	42	808	5
77	221	121	122	56	1335	8
78	222	121	123	33	485	3
79	223	124	125	84	0	0
80	224	126	127	18	0	0
81	225	128	129	64	0	0
82	226	130	131	28	646	4
83	227	130	132	33	255	2
84	228	133	134	72	162	1
85	229	135	136	198	1981	12
86	230	136	137	187	0	0
87	231	138	139	260	3298	3
88	232	139	140	209	0	0
89	233	141	142	13	0	0
90	234	141	143	110	323	2
91	235	144	145	77	2941	4
92	236	145	146	85	808	5
93	237	147	144	19	0	0
94	238	148	147	61	1310	1
95	239	149	148	39	2618	2
96	240	149	150	69	1310	1
97	241	74	151	21	374	2
98	242	152	153	16	188	1
99	244	154	155	50	731	3
100	245	156	157	4	0	0
101	246	158	159	86	689	4
102	247	158	95	14	0	0
103	248	160	161	91	646	4
104	249	162	163	91	119	1
105	250	164	165	14	94	1
106	251	165	166	68	162	1
107	252	167	164	52	323	2
108	253	168	169	15	0	0
109	254	170	171	94	0	0
110	255	172	173	76	1012	6
111	256	173	174	73	646	4
112	257	173	175	15	1709	11
113	258	176	177	83	1182	4
114	259	176	178	24	527	3
115	260	179	180	17	323	2
116	261	179	181	26	2244	2
117	262	182	183	194	204	1
118	279	184	185	105	986	5
119	280	184	186	11	0	0
120	281	187	188	34	527	3
121	282	189	190	39	162	1
122	284	191	192	398	0	0
123	285	193	194	280	162	1
124	286	195	186	86	647	3
125	287	186	194	161	808	5
126	288	196	197	132	986	5
127	289	189	187	89	969	6
128	290	187	198	58	527	3
129	333	199	200	145	255	2
130	334	201	202	426	162	1
131	350	203	204	49	323	2
132	351	204	205	57	0	0
133	354	206	207	90	1293	7
134	355	208	209	48	969	6
135	459	210	211	259	94	1
136	461	212	213	13	162	1
137	466	214	215	74	366	2
138	467	214	216	100	1267	8
139	576	217	218	404	162	1
140	577	219	220	58	689	4
141	578	220	221	55	0	0
142	579	220	222	212	162	1
143	591	223	224	88	1054	6
144	601	225	226	39	162	1
145	602	226	227	56	969	6
146	620	228	229	40	646	4
147	622	230	231	14	162	1
148	631	233	234	110	485	3
149	652	235	236	718	162	1
150	653	237	238	300	0	0
151	660	239	240	64	969	6
152	678	241	242	64	0	0
153	680	243	244	92	901	6
154	698	246	247	107	1131	7
155	699	248	249	176	0	0
156	701	250	251	110	0	0
157	702	252	253	49	0	0
158	757	254	255	142	527	3
159	758	255	256	122	366	2
160	759	257	15	401	0	0
161	760	15	217	32	162	1
162	761	258	259	65	850	5
163	762	260	258	96	740	5
164	769	261	262	86	1513	8
165	770	14	262	155	0	0
166	771	257	263	718	910	3
167	785	264	179	15	0	0
168	786	265	264	61	162	1
169	792	266	267	585	323	2
170	793	267	268	264	0	0
171	806	269	270	480	485	3
172	807	271	272	120	0	0
173	808	272	273	179	604	4
174	810	274	275	344	1624	11
175	811	275	276	145	0	0
176	812	276	277	250	323	2
177	829	277	278	232	1284	2
178	830	254	279	22	0	0
179	831	279	256	113	646	4
180	832	256	280	115	0	0
181	834	281	282	105	162	1
182	835	282	255	51	408	2
183	836	283	284	50	162	1
184	837	284	285	136	162	1
185	841	287	288	205	0	0
186	849	289	290	60	850	5
187	857	291	292	90	0	0
188	858	292	293	14	0	0
189	859	293	294	187	0	0
190	860	293	295	90	0	0
191	861	292	294	188	0	0
192	863	296	297	15	0	0
193	864	297	298	116	162	1
194	880	299	300	155	324	1
195	912	301	302	299	0	0
196	913	301	303	185	0	0
197	914	302	304	130	162	1
198	915	305	306	383	0	0
199	938	307	308	356	340	1
200	954	309	310	207	0	0
201	955	311	312	67	0	0
202	956	313	314	350	162	1
203	957	209	315	31	162	1
204	958	316	317	92	1633	8
205	961	318	319	32	162	1
206	964	320	321	125	1454	9
207	965	321	322	103	1292	8
208	966	323	239	138	1659	9
209	990	324	325	46	323	2
210	991	325	326	8	0	0
211	992	326	327	39	323	2
212	993	320	323	83	0	0
213	994	323	324	41	0	0
214	995	324	328	43	0	0
215	996	328	232	55	0	0
216	1001	321	329	76	969	6
217	1003	239	330	30	647	3
218	1004	328	246	106	1513	9
219	1005	325	331	52	901	6
220	1023	332	333	958	10049	20
221	1024	334	335	303	162	1
222	1025	336	337	142	0	0
223	1026	338	339	153	162	1
224	1027	340	341	240	0	0
225	1028	342	343	220	1105	7
226	1029	344	342	335	340	1
227	1030	344	340	201	323	2
228	1031	340	345	470	0	0
229	1032	346	347	81	1131	7
230	1033	347	343	78	1141	3
231	1034	347	348	143	851	5
232	1037	351	352	1412	1820	10
233	1038	352	353	45	0	0
234	1039	353	354	264	0	0
235	1040	355	356	120	1403	9
236	1041	357	358	151	162	1
237	1042	359	299	388	0	0
238	1059	360	361	99	162	1
239	1136	362	363	338	0	0
240	1137	364	365	453	323	2
241	1138	366	367	31	0	0
242	1139	368	369	99	1250	8
243	1140	248	370	197	162	1
244	1141	371	368	66	0	0
245	1142	368	372	58	0	0
246	1143	372	373	17	0	0
247	1144	244	374	23	94	1
248	1145	243	375	30	323	2
249	1146	376	377	84	485	3
250	1148	378	365	476	162	1
251	1149	365	379	488	459	3
252	1150	380	381	156	0	0
253	1156	382	383	75	485	3
254	1157	383	384	101	162	1
255	1170	385	386	14	0	0
256	1171	387	388	146	0	0
257	1172	388	389	212	0	0
258	1173	388	390	65	0	0
259	1174	390	391	157	1862	11
260	1175	390	392	95	0	0
261	1176	392	393	205	2355	13
262	1178	394	167	118	2941	4
263	1179	169	395	6	0	0
264	1180	395	396	35	0	0
265	1183	287	18	164	0	0
266	1185	18	397	13	0	0
267	1186	397	19	297	0	0
268	1209	398	399	230	162	1
269	1277	400	401	292	323	2
270	1279	402	403	175	1335	8
271	1280	403	404	11	0	0
272	1281	404	405	94	485	3
273	1282	405	406	81	323	2
274	1283	406	407	104	94	1
275	1285	408	409	1296	162	1
276	1286	403	410	43	527	3
277	1287	404	411	33	323	2
278	1288	405	412	48	366	2
279	1289	363	413	344	0	0
280	1290	363	250	59	0	0
281	1291	409	414	27	0	0
282	1292	414	415	248	0	0
283	1293	416	417	39	0	0
284	1295	418	419	832	323	2
285	1296	419	420	317	366	2
286	1297	418	421	169	0	0
287	1298	422	423	437	0	0
288	1299	424	422	127	204	1
289	1300	422	425	83	0	0
290	1301	426	313	283	162	1
291	1302	427	212	98	204	1
292	1303	301	427	135	604	4
293	1304	427	416	51	94	1
294	1311	428	429	143	162	1
295	1319	429	430	153	0	0
296	1323	431	432	134	162	1
297	1330	433	434	337	0	0
298	1331	435	436	62	0	0
299	1332	437	435	64	0	0
300	1334	420	431	17	0	0
301	1335	431	438	378	0	0
302	1336	401	439	21	0	0
303	1344	354	430	285	544	2
304	1345	440	441	276	0	0
305	1346	402	442	13	0	0
306	1350	350	443	109	281	2
307	1351	443	351	152	1097	5
308	1352	444	351	110	1012	6
309	1353	445	446	291	646	4
310	1354	447	305	294	366	2
311	1355	367	447	90	162	1
312	1357	379	448	320	0	0
313	1358	449	450	246	94	1
314	1369	451	440	212	204	1
315	1370	452	453	541	162	1
316	1371	454	455	11	0	0
317	1372	456	307	247	0	0
318	1401	319	317	82	0	0
319	1402	317	315	127	0	0
320	1403	315	207	77	0	0
321	1421	457	458	35	867	4
322	1422	459	460	74	808	5
323	1423	461	462	37	366	2
324	1432	462	435	94	1012	6
325	1433	463	464	54	255	2
326	1435	465	326	66	1173	7
327	1436	466	327	52	1173	7
328	1437	327	467	58	1675	9
329	1438	246	468	69	1088	7
330	1443	469	470	375	646	4
331	1449	469	471	121	119	1
332	1450	471	472	326	0	0
333	1472	473	474	359	0	0
334	1473	475	476	136	0	0
335	1474	477	478	143	0	0
336	1475	479	480	71	646	4
337	1476	446	479	26	0	0
338	1477	479	481	241	2219	14
339	1478	481	482	40	485	3
340	1479	482	356	41	485	3
341	1480	357	445	31	0	0
342	1481	446	483	276	0	0
343	1482	483	236	66	0	0
344	1483	482	445	88	0	0
345	1484	484	485	167	0	0
346	1485	485	446	31	0	0
347	1486	337	486	169	0	0
348	1492	487	352	339	408	2
349	1497	349	488	237	0	0
350	1498	489	490	34	323	2
351	1499	490	443	28	0	0
352	1500	444	490	230	298	2
353	1501	473	438	99	162	1
354	1502	491	489	17	0	0
355	1503	491	492	326	646	4
356	1509	493	494	401	255	2
357	1513	496	497	61	723	2
358	1514	497	498	53	162	1
359	1515	499	500	101	646	4
360	1518	501	502	107	94	1
361	1519	502	503	101	0	0
362	1524	504	505	255	0	0
363	1525	504	506	538	442	3
364	1526	507	508	110	0	0
365	1527	508	509	247	417	3
366	1528	510	511	167	0	0
367	1529	511	512	59	0	0
368	1530	513	514	72	0	0
369	1531	514	450	343	0	0
370	1532	380	515	172	162	1
371	1533	515	516	569	0	0
372	1534	517	518	50	1072	4
373	1535	518	519	39	162	1
374	1536	520	521	38	0	0
375	1537	521	522	36	621	4
376	1553	523	524	5	162	1
377	1554	524	525	206	2788	17
378	1566	526	62	134	1709	11
379	1567	62	527	17	162	1
380	1568	528	529	40	1445	3
381	1571	530	531	7	0	0
382	1572	531	532	169	935	4
383	1575	362	533	148	162	1
384	1576	533	534	236	0	0
385	1577	535	304	161	485	3
386	1578	304	536	513	0	0
387	1579	535	302	75	162	1
388	1612	537	538	16	0	0
389	1613	539	540	43	162	1
390	1614	540	541	27	162	1
391	1621	542	543	136	0	0
392	1622	492	444	90	1224	8
393	1623	438	489	164	808	5
394	1624	488	544	828	894	4
395	1625	544	545	66	0	0
396	1626	546	547	351	0	0
397	1627	547	545	93	0	0
398	1628	548	549	559	94	1
399	1629	550	551	135	3086	18
400	1630	551	552	52	485	3
401	1633	553	138	342	0	0
402	1635	140	554	275	0	0
403	1636	554	499	287	561	1
404	1637	555	556	112	1743	10
405	1638	549	557	93	0	0
406	1639	558	360	18	0	0
407	1640	360	487	399	162	1
408	1641	559	560	7	0	0
409	1642	560	430	84	0	0
410	1643	353	561	32	0	0
411	1644	561	559	133	204	1
412	1647	492	562	726	119	1
413	1648	562	563	93	0	0
414	1654	312	314	237	162	1
415	1655	314	345	238	204	1
416	1657	564	565	233	486	2
417	1658	566	567	40	323	2
418	1659	566	568	764	323	2
419	1660	311	564	86	162	1
420	1661	345	569	345	0	0
421	1662	570	532	65	0	0
422	1663	570	571	309	162	1
423	1664	572	573	106	527	3
424	1665	573	530	54	527	3
425	1666	572	574	126	646	4
426	1667	574	575	31	162	1
427	1668	576	577	165	323	2
428	1669	577	578	29	408	1
429	1670	579	576	510	527	3
430	1671	576	580	35	646	4
431	1672	572	581	84	459	3
432	1673	581	530	70	162	1
433	1674	532	582	20	162	1
434	1676	573	583	165	1012	6
435	1677	581	573	30	0	0
436	1678	584	582	40	0	0
437	1679	581	585	34	527	3
438	1681	574	577	78	0	0
439	1682	546	471	148	204	1
440	1683	586	587	84	162	1
441	1685	588	589	151	0	0
442	1686	589	586	578	162	1
443	1687	575	590	13	162	1
444	1688	590	454	74	204	1
445	1689	454	578	25	0	0
446	1690	591	592	122	1658	10
447	1691	590	233	24	0	0
448	1692	452	593	648	162	1
449	1693	233	592	146	646	4
450	1694	592	453	663	162	1
451	1695	594	595	47	0	0
452	1696	584	570	55	0	0
453	1698	596	597	35	162	1
454	1699	597	598	55	476	2
455	1702	599	600	205	0	0
456	1713	601	354	396	0	0
457	1731	529	602	37	0	0
458	1893	603	604	73	119	1
459	1894	605	606	328	204	1
460	1895	234	607	97	323	2
461	1896	607	452	551	0	0
462	1897	608	609	5	0	0
463	1898	609	610	118	323	2
464	1899	611	612	128	323	2
465	1900	456	455	168	0	0
466	1901	613	614	130	204	1
467	1902	615	616	102	0	0
468	1903	616	617	374	0	0
469	1905	618	619	235	162	1
470	1906	620	424	232	0	0
471	1909	621	622	300	0	0
472	1910	622	423	176	162	1
473	1911	623	624	443	723	2
474	1912	624	625	101	94	1
475	1918	626	627	45	162	1
476	1919	628	629	101	646	4
477	1920	630	631	433	162	1
478	1921	536	632	172	0	0
479	1922	633	634	69	0	0
480	1923	635	636	40	417	3
481	1924	637	638	79	119	1
482	1926	639	640	27	162	1
483	1927	641	642	59	7854	6
484	1928	643	644	108	162	1
485	1929	505	645	53	162	1
486	1930	646	647	549	2244	2
487	1931	648	649	27	527	3
488	1932	650	651	633	0	0
489	1933	386	652	85	6862	11
490	1934	1	653	41	502	2
491	1936	497	654	29	366	2
492	1937	655	656	86	162	1
493	1938	657	658	42	0	0
494	1939	658	659	35	204	1
495	1940	659	660	48	162	1
496	1941	660	661	25	0	0
497	1942	662	663	9	0	0
498	1943	663	664	19	3366	3
499	1944	665	666	63	162	1
500	1949	667	668	370	0	0
501	1964	669	670	333	94	1
502	1970	671	672	11	0	0
503	1971	565	673	309	0	0
504	1972	673	674	10	0	0
505	1973	672	675	30	162	1
506	1974	676	677	1374	0	0
507	1975	675	678	89	1046	7
508	1976	678	679	26	808	5
509	1979	661	680	34	0	0
510	1980	659	681	30	204	1
511	1981	681	682	18	162	1
512	1987	683	684	15	0	0
513	1988	291	295	15	0	0
514	1989	685	288	31	0	0
515	1990	34	686	236	0	0
516	2002	687	688	35	485	3
517	2003	689	690	125	366	2
518	2005	20	691	73	0	0
519	2007	217	692	450	842	6
520	2016	693	694	26	162	1
521	2025	383	695	99	366	2
522	2032	696	697	67	162	1
523	2033	698	699	688	162	1
524	2034	700	701	148	162	1
525	2035	33	30	129	0	0
526	2045	668	618	215	0	0
527	2046	271	702	194	0	0
528	2052	705	706	229	0	0
529	2053	706	707	130	0	0
530	2054	708	709	154	0	0
531	2055	710	201	263	0	0
532	2056	711	710	299	0	0
533	2057	712	713	379	0	0
534	2058	712	714	1034	621	4
535	2079	715	716	143	442	3
536	2080	717	718	105	162	1
537	2084	719	19	424	0	0
538	2085	397	287	163	0	0
539	2086	22	719	13	0	0
540	2087	719	720	224	323	2
541	2088	721	22	564	0	0
542	2089	722	719	557	0	0
543	2095	723	724	146	187	2
544	2110	725	726	41	323	2
545	2127	660	727	45	1029	5
546	2128	728	658	51	850	5
547	2129	661	729	47	816	4
548	2130	730	731	24	970	5
549	2156	732	733	72	323	2
550	2157	734	735	50	281	2
551	2162	268	736	150	680	2
552	2163	736	737	90	0	0
553	2164	737	738	152	119	1
554	2168	739	740	65	578	4
555	2171	741	742	5	0	0
556	2172	742	743	20	162	1
557	2175	702	269	328	0	0
558	2177	744	745	475	162	1
559	2178	744	746	434	0	0
560	2183	562	747	153	204	1
561	2184	748	749	82	485	3
562	2185	750	751	37	119	1
563	2198	419	752	71	0	0
564	2200	753	37	170	0	0
565	2201	754	755	254	0	0
566	2202	755	713	583	0	0
567	2203	756	757	88	94	1
568	2204	754	756	508	0	0
569	2205	756	758	75	204	1
570	2208	759	268	176	204	1
571	2211	762	763	90	204	1
572	2212	764	765	278	204	1
573	2231	54	766	7	204	1
574	2232	721	10	198	0	0
575	2238	379	696	9	0	0
576	2240	9	722	196	0	0
577	2242	767	534	1031	0	0
578	2246	768	769	336	0	0
579	2251	771	772	232	0	0
580	2253	296	683	176	0	0
581	2254	683	291	13	0	0
582	2255	295	684	12	0	0
583	2256	684	297	177	0	0
584	2264	709	191	112	94	1
585	2274	773	774	67	2618	4
586	2275	552	775	42	0	0
587	2276	775	773	85	0	0
588	2277	774	775	18	0	0
589	2279	776	777	8	0	0
590	2280	778	776	9	0	0
591	2281	779	189	86	646	4
592	2289	236	780	720	162	1
593	2290	780	589	431	0	0
594	2291	235	781	226	162	1
595	2292	781	586	92	162	1
596	2294	238	782	275	162	1
597	2295	782	783	141	561	1
598	2296	434	784	424	527	3
599	2301	785	786	199	0	0
600	2302	786	787	108	0	0
601	2303	788	584	470	1242	7
602	2304	605	677	209	94	1
603	2305	677	788	67	162	1
604	2306	789	790	141	0	0
605	2307	790	791	40	0	0
606	2328	792	232	151	0	0
607	2330	793	794	86	1054	6
608	2331	794	792	119	1377	8
609	2338	795	796	64	1437	7
610	2339	797	798	43	621	3
611	2340	798	795	37	366	2
612	2341	799	800	110	867	4
613	2342	800	797	73	0	0
614	2343	801	799	157	0	0
615	2345	802	803	41	0	0
616	2346	803	804	66	0	0
617	2347	805	806	32	2244	2
618	2349	802	807	23	0	0
619	2350	807	805	20	162	1
620	2351	808	809	8	0	0
621	2352	809	810	46	663	3
622	2353	811	812	21	162	1
623	2354	812	86	24	884	3
624	2355	811	813	71	0	0
625	2356	813	814	80	204	1
626	2357	815	816	246	0	0
627	2358	703	623	468	0	0
628	2385	753	817	125	0	0
629	2386	817	683	430	0	0
630	2397	818	819	133	162	1
631	2400	820	821	16	0	0
632	2411	822	823	33	4862	4
633	2414	680	730	60	774	3
634	2419	824	825	36	323	2
635	2420	825	826	27	323	2
636	2421	826	827	96	646	4
637	2422	827	828	7	323	2
638	2434	829	830	78	1046	7
639	2442	831	832	39	366	2
640	2467	142	834	627	1122	1
641	2498	830	555	122	1913	12
642	2499	835	836	192	162	1
643	2501	836	670	216	0	0
644	2502	618	837	173	0	0
645	2503	838	839	309	162	1
646	2504	840	841	179	323	2
647	2505	837	842	894	0	0
648	2510	817	843	13	0	0
649	2511	843	291	426	0	0
650	2512	843	753	126	0	0
651	2513	843	844	136	0	0
652	2515	845	817	214	0	0
653	2516	845	846	144	238	2
654	2517	847	846	36	0	0
655	2518	846	848	85	1666	11
656	2519	753	849	88	0	0
657	2545	851	852	44	323	2
658	2546	852	853	21	1173	7
659	2562	777	854	7	0	0
660	2571	855	857	35	323	2
661	2572	392	858	92	0	0
662	2573	858	859	49	408	2
663	2574	859	860	128	1965	8
664	2575	859	861	140	1454	9
665	2576	858	862	206	0	0
666	2577	862	863	246	366	2
667	2580	864	865	21	1224	6
668	2581	770	866	165	5317	44
669	2595	867	868	71	8270	7
670	2598	869	870	168	7678	16
671	2600	871	872	31	3366	3
672	2605	37	873	63	0	0
673	2606	873	36	69	119	1
674	2618	866	874	22	1020	5
675	2619	874	865	26	1173	7
676	2620	872	875	54	527	3
677	2623	875	876	23	0	0
678	2631	877	878	48	646	4
679	2632	878	688	50	527	3
680	2633	879	880	53	94	1
681	2634	880	881	85	808	5
682	2685	509	882	174	561	1
683	2720	854	778	7	0	0
684	2731	883	884	95	808	5
685	2738	885	886	30	366	2
686	2740	167	887	57	485	3
687	2741	888	889	48	485	3
688	2814	890	891	45	366	2
689	2825	892	893	39	893	5
690	2834	894	895	83	731	4
691	2835	895	896	57	0	0
692	2836	894	897	59	527	3
693	2846	898	899	28	502	2
694	2847	899	108	57	1957	4
695	2848	900	901	89	162	1
696	2849	901	902	25	366	2
697	2850	129	903	56	119	1
698	2851	903	904	82	0	0
699	2852	820	905	23	408	1
700	2853	905	129	36	0	0
701	2854	821	906	18	2432	2
702	2858	907	908	84	119	1
703	2859	909	910	123	238	2
704	2860	911	912	103	680	1
705	2861	786	913	84	162	1
706	2862	415	914	179	162	1
707	2863	915	916	76	119	1
708	2865	917	918	677	0	0
709	2871	724	919	29	0	0
710	2872	920	921	75	162	1
711	2873	920	922	62	162	1
712	2874	833	923	190	204	1
713	2878	417	924	136	162	1
714	2879	925	926	99	408	2
715	2881	632	927	294	162	1
716	2882	634	928	112	94	1
717	2883	634	929	176	323	2
718	2885	930	931	111	162	1
719	2886	932	933	71	204	1
720	2887	934	935	74	340	1
721	2890	761	936	166	927	3
722	2891	627	937	67	340	1
723	2892	938	939	83	162	1
724	2893	199	940	94	162	1
725	2894	629	941	72	323	2
726	2900	168	942	106	646	4
727	2901	395	943	93	162	1
728	2904	494	944	78	94	1
729	2910	769	945	156	1122	1
730	2911	946	947	35	94	1
731	2912	747	948	104	204	1
732	2940	514	949	121	162	1
733	2941	950	951	142	162	1
734	2942	952	953	90	94	1
735	2944	954	955	67	162	1
736	2945	956	954	236	162	1
737	2946	957	958	95	162	1
738	2947	954	957	192	0	0
739	2948	957	959	122	0	0
740	2949	960	961	63	162	1
741	2950	962	960	179	162	1
742	2951	963	964	119	204	1
743	2953	965	966	54	162	1
744	2954	967	968	139	162	1
745	2955	960	969	161	0	0
746	2957	970	971	363	162	1
747	2959	972	973	226	162	1
748	2961	743	974	115	162	1
749	2962	515	975	98	119	1
750	2964	976	977	53	0	0
751	2967	978	950	136	0	0
752	2968	950	952	39	0	0
753	2969	253	842	26	0	0
754	2970	979	980	302	0	0
755	2971	979	981	281	0	0
756	2972	842	982	254	663	3
757	2973	977	983	71	162	1
758	2974	977	984	288	204	1
759	2976	985	448	549	94	1
760	2977	986	987	14	0	0
761	2978	987	988	277	323	2
762	2980	837	989	154	162	1
763	2986	990	991	31	0	0
764	2987	991	992	46	3179	3
765	2989	751	993	371	255	2
766	2990	474	994	83	323	2
767	2991	474	995	70	162	1
768	2999	752	996	220	340	1
769	3000	784	997	312	502	2
770	3001	998	999	102	162	1
771	3002	999	1000	282	162	1
772	3004	644	693	57	0	0
773	3005	645	1001	88	340	1
774	3006	1002	1003	98	162	1
775	3007	1004	1002	119	0	0
776	3008	666	1005	103	0	0
777	3009	1006	1007	64	323	2
778	3010	413	1008	68	162	1
779	3011	650	1009	138	655	1
780	3012	650	1010	131	0	0
781	3027	547	1011	69	323	2
782	3030	1012	1013	164	162	1
783	3062	27	1014	65	323	2
784	3063	549	1015	98	655	1
785	3066	560	1016	91	204	1
786	3067	781	1017	80	119	1
787	3068	299	1018	258	94	1
788	3070	782	1019	88	323	2
789	3072	780	1020	70	204	1
790	3073	563	1021	243	340	1
791	3075	764	1022	200	162	1
792	3085	1023	1024	35	162	1
793	3089	744	1025	39	349	3
794	3096	1026	1027	91	323	2
795	3098	1028	1029	135	94	1
796	3101	504	1030	68	162	1
797	3102	1031	1032	247	340	1
798	3103	1033	1034	132	323	2
799	3105	1035	1036	56	94	1
800	3121	988	1037	88	94	1
801	3125	1038	1039	67	162	1
802	3128	668	1040	337	162	1
803	3129	1041	1042	85	162	1
804	3130	511	1043	68	94	1
805	3131	508	1044	167	162	1
806	3132	1037	1038	81	162	1
807	3133	1038	1045	181	162	1
808	3141	1046	1023	134	0	0
809	3143	1047	1048	78	0	0
810	3144	1049	1050	61	0	0
811	3150	1051	1052	273	204	1
812	3151	1053	1054	454	162	1
813	3153	1055	1056	80	1063	7
814	3154	56	1057	180	0	0
815	3177	1058	1059	358	0	0
816	3178	1060	1061	69	646	4
817	3179	1061	1062	87	1131	7
818	3180	31	1063	9	0	0
819	3181	1063	1064	58	2406	3
820	3183	1065	1066	129	485	3
821	3184	686	1067	161	1472	2
822	3185	1067	9	20	0	0
823	3186	1068	1069	21	162	1
824	3187	1069	1070	14	323	2
825	3188	1071	1070	51	162	1
826	3189	722	721	15	0	0
827	3190	721	1072	268	0	0
828	3191	766	722	51	162	1
829	3192	1073	1074	91	0	0
830	3202	1057	1075	233	162	1
831	3205	56	1076	209	0	0
832	3206	1077	1078	37	0	0
833	3207	1078	717	430	0	0
834	3210	1081	1082	145	162	1
835	3211	1082	1083	32	0	0
836	3214	1084	257	60	0	0
837	3215	1085	1084	210	162	1
838	3216	280	1086	629	0	0
839	3217	1086	1085	163	255	2
840	3218	218	1087	161	808	5
841	3219	1087	1088	139	162	1
842	3221	453	1089	108	0	0
843	3222	1089	451	29	0	0
844	3259	1090	527	74	255	2
845	3265	1091	965	192	0	0
846	3266	965	1092	50	0	0
847	3272	1093	1094	183	366	2
848	3274	25	1095	145	4718	24
849	3275	1096	1097	159	2737	14
850	3276	1097	1098	140	1836	10
851	3277	1099	1100	150	0	0
852	3278	1100	1101	213	621	4
853	3279	1049	1102	216	4234	19
854	3280	1102	1047	237	3706	18
855	3281	1103	1104	126	2432	2
856	3282	1104	1105	50	0	0
857	3285	1106	1107	13	162	1
858	3286	1107	1108	80	1097	6
859	3287	1109	1110	22	0	0
860	3288	1110	116	43	162	1
861	3289	1111	1112	65	0	0
862	3295	1114	1115	64	1258	6
863	3297	1116	1117	209	162	1
864	3300	1118	1119	180	162	1
865	3301	1076	1120	415	162	1
866	3303	1077	1121	108	408	2
867	3308	506	1122	495	188	1
868	3309	1123	1124	287	162	1
869	3310	1125	1126	310	162	1
870	3311	1127	1128	176	162	1
871	3312	1129	1130	140	204	1
872	3315	1131	1132	163	162	1
873	3318	1133	1134	369	162	1
874	3343	1135	1136	228	162	1
875	3344	1137	1138	289	162	1
876	3346	1139	1140	283	94	1
877	3347	1141	1142	336	204	1
878	3358	1143	1144	171	340	1
879	3389	1145	1146	174	162	1
880	3391	1147	569	32	0	0
881	3392	569	1145	170	0	0
882	3393	1148	1149	118	15175	19
883	3394	1149	1150	56	5229	8
884	3404	1151	1152	210	323	2
885	3405	1153	1154	223	162	1
886	3423	1054	1155	84	162	1
887	3424	1082	1156	96	204	1
888	3435	1157	1158	146	162	1
889	3436	1158	1159	428	485	3
890	3472	1158	1160	82	204	1
891	3477	1161	1162	32	366	2
892	3478	539	639	46	485	3
893	3479	639	1163	12	366	2
894	3480	1164	646	47	1122	1
895	3481	1165	647	152	162	1
896	3482	647	1166	40	0	0
897	3488	657	1167	45	0	0
898	3489	1167	851	14	0	0
899	3490	1167	1168	60	1292	8
900	3491	1169	1170	94	1217	6
901	3501	1171	1172	118	8232	8
902	3503	1173	1174	91	485	3
903	3505	1175	1176	77	655	1
904	3506	1177	1178	24	1310	1
905	3512	1179	1180	60	876	4
906	3513	1181	1182	132	4067	26
907	3514	1050	1183	147	5916	28
908	3515	1048	1184	127	5653	27
909	3516	1185	1186	138	7854	6
910	3517	1187	36	132	162	1
911	3524	1188	1189	44	536	4
912	3525	1190	1191	35	893	5
913	3526	1192	1193	45	833	6
914	3529	1194	1195	27	527	3
915	3530	1196	1197	96	1428	9
916	3533	1198	1199	43	485	3
917	3534	1200	1179	85	1054	5
918	3535	1179	1201	33	757	4
919	3545	1203	1204	22	281	2
920	3547	109	902	42	0	0
921	3549	1205	541	36	689	4
922	3550	1206	864	88	612	3
923	3551	1207	1208	101	2210	8
924	3553	1209	1210	34	323	2
925	3566	1211	682	23	612	3
926	3575	1214	1215	140	3298	3
927	3594	1216	1198	23	0	0
928	3595	1198	1058	101	323	2
929	3602	1217	1218	69	162	1
930	3605	1219	1220	37	162	1
931	3606	1220	1221	91	0	0
932	3617	1052	1222	103	0	0
933	3618	1222	1223	215	1633	3
934	3619	1224	1217	83	0	0
935	3620	1217	1225	85	0	0
936	3621	1226	1209	89	808	5
937	3622	1209	1227	35	0	0
938	3627	1228	1229	222	731	3
939	3630	1230	1231	78	1012	6
940	3631	1232	1233	37	204	1
941	3632	1233	1234	80	1301	7
942	3633	1233	1230	8	0	0
943	3634	1230	1235	96	1217	6
944	3641	1236	1237	240	323	2
945	3645	1240	160	108	689	4
946	3646	1241	1242	52	162	1
947	3647	1242	162	175	646	4
948	3648	1236	1243	72	0	0
949	3649	1240	1244	119	162	1
950	3650	162	1238	300	4183	5
951	3651	103	1240	22	162	1
952	3652	1245	1241	36	485	3
953	3653	1246	676	232	0	0
954	3654	338	907	60	0	0
955	3655	907	336	347	366	2
956	3656	1247	1248	132	162	1
957	3657	1249	1250	541	323	2
958	3658	1251	911	445	323	2
959	3659	911	484	422	0	0
960	3660	787	909	734	0	0
961	3661	909	485	335	162	1
962	3662	414	932	456	0	0
963	3663	932	478	27	0	0
964	3664	1252	477	485	204	1
965	3665	478	1253	609	366	2
966	3666	1253	930	280	162	1
967	3669	1255	1256	95	0	0
968	3670	1256	1257	43	94	1
969	3671	359	637	434	323	2
970	3672	1258	1259	1244	2126	9
971	3673	1259	938	302	162	1
972	3674	938	1260	68	162	1
973	3675	1261	1262	303	0	0
974	3676	1262	1263	72	0	0
975	3677	1264	1265	694	340	1
976	3678	1265	1266	7	0	0
977	3679	1267	340	1233	1939	9
978	3680	1268	1269	670	1132	6
979	3681	1270	1268	615	0	0
980	3705	1271	1272	33	0	0
981	3707	1273	1274	38	0	0
982	3740	616	1275	64	162	1
983	3741	624	1276	136	162	1
984	3742	622	1277	98	162	1
985	3743	275	1278	790	323	2
986	3745	1279	1280	75	162	1
987	3747	708	1281	80	204	1
988	3748	710	1282	212	162	1
989	3749	1087	1283	73	162	1
990	3811	779	1284	90	323	2
991	3812	706	1285	86	162	1
992	3813	269	1286	61	162	1
993	3815	712	1287	209	1122	1
994	3816	702	1288	56	162	1
995	3820	1289	708	539	162	1
996	3821	708	1290	141	162	1
997	3822	690	1291	64	162	1
998	3823	691	1292	83	162	1
999	3870	1279	192	178	162	1
1000	3871	1293	1294	120	204	1
1001	3872	1262	1295	84	119	1
1002	3873	1296	1297	64	204	1
1003	3874	1298	1299	151	162	1
1004	3875	423	1300	76	162	1
1005	3876	620	1301	111	162	1
1006	3877	755	1302	93	162	1
1007	3878	1268	1303	447	417	3
1008	3879	631	1304	187	1310	1
1009	3880	1305	1306	97	162	1
1010	3882	1307	1308	126	323	2
1011	3883	1309	1310	60	94	1
1012	3884	676	1311	33	204	1
1013	3885	674	1312	104	204	1
1014	3886	673	1313	75	119	1
1015	3887	1253	1314	302	162	1
1016	3888	638	1255	185	0	0
1017	3889	1315	1316	99	162	1
1018	3890	1317	1318	80	204	1
1019	3908	1320	1321	29	0	0
1020	3917	1152	1322	119	0	0
1021	3918	1322	1323	122	162	1
1022	3919	1320	1324	424	0	0
1023	3923	1321	1322	632	0	0
1024	3925	1325	838	414	740	5
1025	3968	1326	1327	272	0	0
1026	3972	1141	1328	300	0	0
1027	3974	204	1329	36	0	0
1028	3976	704	1330	103	0	0
1029	3983	1331	1099	28	0	0
1030	3984	1099	1332	26	0	0
1031	3986	306	1333	117	162	1
1032	3993	1334	1335	139	0	0
1033	3994	741	1334	304	162	1
1034	3995	1336	741	176	340	1
1035	3996	1335	1337	114	0	0
1036	3997	1337	516	363	162	1
1037	4021	1339	221	118	1139	4
1038	4022	1340	1331	28	0	0
1039	4028	1341	1270	3	0	0
1040	4039	1342	1343	187	119	1
1041	4041	1051	1342	55	0	0
1042	4052	1344	1345	135	655	1
1043	4054	1346	1344	183	1122	1
1044	4090	1347	1348	1020	0	0
1045	4091	1349	768	373	1310	1
1046	4092	1350	1351	60	1632	4
1047	4130	520	1353	105	1836	10
1048	4145	1354	1355	25	323	2
1049	4146	538	1356	31	323	2
1050	4147	538	1354	27	0	0
1051	4149	1357	1358	33	485	3
1052	4157	1359	1360	47	663	3
1053	4158	1359	1361	46	204	1
1054	4159	1362	1359	82	689	4
1055	4160	1362	1363	45	417	3
1056	4161	1364	1362	44	485	3
1057	4162	810	1365	134	646	4
1058	4163	498	1366	165	1224	8
1059	4165	805	1365	40	162	1
1060	4167	1367	823	70	0	0
1061	4168	823	1368	93	0	0
1062	4188	1369	1370	65	162	1
1063	4189	1371	1372	50	884	6
1064	4190	1373	1374	27	485	3
1065	4191	1375	1373	3	0	0
1066	4192	1376	1377	13	663	3
1067	4193	1105	289	80	0	0
1068	4194	1105	1378	59	1284	2
1069	4195	1378	1331	191	0	0
1070	4197	1379	1103	70	162	1
1071	4204	1340	16	228	0	0
1072	4205	1380	1375	33	162	1
1073	4206	1375	1381	198	2729	12
1074	4207	1382	1369	44	0	0
1075	4208	1369	1383	84	417	3
1076	4209	1384	1371	41	528	3
1077	4210	1371	1385	58	323	2
1078	4211	1386	1370	48	204	1
1079	4212	1370	1387	50	0	0
1080	4215	598	1388	37	162	1
1081	4216	1389	1390	29	485	3
1082	4217	1390	1391	7	0	0
1083	4241	1392	1393	794	0	0
1084	4242	1394	1392	253	162	1
1085	4267	1357	824	9	0	0
1086	4268	826	537	15	0	0
1087	4269	1395	1396	25	850	5
1088	4270	1395	1397	37	527	3
1089	4271	541	1395	59	366	2
1090	4272	1398	539	13	0	0
1091	4273	1398	1399	67	850	5
1092	4275	1400	1401	17	0	0
1093	4276	1400	1402	86	0	0
1094	4280	1354	1403	29	808	5
1095	4281	538	1404	37	323	2
1096	4284	1400	1357	36	969	6
1097	4285	1108	1401	69	323	2
1098	4286	1106	1405	92	1173	7
1099	4287	657	1401	170	0	0
1100	4291	1364	1406	171	204	1
1101	4292	1407	1408	87	1454	9
1102	4293	1408	1106	13	0	0
1103	4294	537	1409	52	323	2
1104	4295	1409	641	6	0	0
1105	4298	1410	1411	34	0	0
1106	4361	1413	595	52	323	2
1107	4362	1414	1415	83	1284	2
1108	4366	1416	1417	74	442	3
1109	4371	627	1418	93	323	2
1110	4375	1419	1420	257	0	0
1111	4391	1154	1151	62	0	0
1112	4417	1421	1422	9	689	4
1113	4418	1422	1423	25	1802	2
1114	4419	1421	1424	18	0	0
1115	4420	1424	1425	19	162	1
1116	4421	1426	1427	50	1122	1
1117	4424	1428	1429	16	0	0
1118	4425	1429	1430	100	5984	5
1119	4427	1431	1426	59	0	0
1120	4433	1432	1433	20	7854	6
1121	4438	1434	1435	57	323	2
1122	4439	1436	1437	46	18326	50
1123	4448	1428	1226	65	0	0
1124	4451	1438	1439	18	162	1
1125	4456	1440	1441	16	0	0
1126	4457	1435	1440	23	162	1
1127	4458	1427	1442	36	0	0
1128	4459	1442	1443	36	6942	13
1129	4461	1387	1444	16	0	0
1130	4462	1444	1445	37	0	0
1131	4463	1444	1446	78	7856	3
1132	4469	1447	1448	130	0	0
1133	4470	1448	1449	235	255	2
1134	4479	1450	1451	58	570	3
1135	4481	1452	990	62	0	0
1136	4500	1453	385	60	1795	4
1137	4501	656	1454	54	0	0
1138	4505	1455	652	61	323	2
1139	4511	652	1456	65	970	6
1140	4512	146	1457	118	646	4
1141	4513	1457	1458	36	1990	2
1142	4514	1045	656	315	94	1
1143	4549	1459	1460	416	0	0
1144	4550	999	1461	73	0	0
1145	4551	1461	998	46	0	0
1146	4552	998	970	170	0	0
1147	4553	963	364	320	0	0
1148	4554	963	967	268	0	0
1149	4556	447	371	47	162	1
1150	4557	1462	1305	860	1760	12
1151	4558	1305	1463	137	510	4
1152	4559	1463	1464	657	162	1
1153	4560	1463	1465	216	0	0
1154	4561	1465	946	274	0	0
1155	4562	946	767	105	0	0
1156	4563	767	1466	198	0	0
1157	4564	1467	413	450	0	0
1158	4566	1468	1309	60	0	0
1159	4567	1309	1469	86	0	0
1160	4568	1470	1471	19	162	1
1161	4569	745	746	256	162	1
1162	4570	611	745	174	0	0
1163	4571	91	603	319	485	3
1164	4572	1472	1473	18	0	0
1165	4573	603	611	120	0	0
1166	4574	1473	1474	42	162	1
1167	4575	87	1475	110	1097	4
1168	4576	1475	1476	4	0	0
1169	4580	1477	1478	55	340	1
1170	4581	1479	1477	82	680	2
1171	4582	1480	1479	41	162	1
1172	4583	1479	1481	34	0	0
1173	4585	1296	1480	112	162	1
1174	4586	925	1482	244	0	0
1175	4587	303	925	157	0	0
1176	4588	303	915	425	0	0
1177	4589	915	1483	496	162	1
1178	4590	1483	1317	267	162	1
1179	4591	333	344	792	255	2
1180	4594	1484	1485	25	0	0
1181	4595	1485	1486	66	2941	4
1182	4596	1487	1488	149	1463	6
1183	4597	1488	1489	83	969	6
1184	4600	777	1490	48	0	0
1185	4603	1491	1271	37	119	1
1186	4605	1272	1492	21	5236	4
1187	4606	29	1273	19	2618	2
1188	4608	1274	1493	3	5236	4
1189	4609	107	1494	5	162	1
1190	4610	1494	1470	20	0	0
1191	4612	1495	1477	45	0	0
1192	4613	1496	1497	190	366	2
1193	4614	1497	1498	30	0	0
1194	4615	1499	1315	126	0	0
1195	4616	1315	1500	526	0	0
1196	4643	685	1501	77	612	2
1197	4645	12	1502	121	323	2
1198	4646	13	1503	135	366	2
1199	4647	692	1504	212	162	1
1200	4648	1085	1505	92	162	1
1201	4649	1506	1507	56	162	1
1202	4651	606	1508	80	162	1
1203	4652	1509	456	141	0	0
1204	4653	1057	1510	95	162	1
1205	4654	218	1511	66	162	1
1206	4655	1084	1512	114	340	1
1207	4656	772	1513	1042	647	4
1208	4657	1089	1514	56	162	1
1209	4681	1086	1515	86	204	1
1210	4682	279	1516	63	502	2
1211	4683	282	1517	125	162	1
1212	4684	789	1518	169	162	1
1213	4685	790	1519	74	162	1
1214	4687	1520	1521	87	187	2
1215	4708	1522	1523	37	323	2
1216	4709	1523	1524	28	119	1
1217	4710	1525	1526	117	0	0
1218	4714	1527	1528	205	1564	4
1219	4715	1528	1529	306	3077	13
1220	4716	1530	1531	131	1029	5
1221	4717	1531	1532	40	8302	14
1222	4718	1533	1484	36	2432	2
1223	4740	1534	1535	35	808	5
1224	4741	1536	1537	88	8144	16
1225	4742	1538	1539	21	485	3
1226	4745	1540	1541	27	0	0
1227	4746	1541	1542	35	2244	2
1228	4747	1540	1380	54	238	1
1229	4749	1074	1543	55	5610	5
1230	4750	1544	1545	33	485	3
1231	4751	1546	1547	39	1284	2
1232	4752	1548	1549	96	119	1
1233	4753	1550	1551	105	3273	3
1234	4754	1384	1552	47	1148	7
1235	4798	849	844	90	323	2
1236	4809	1554	1555	35	323	2
1237	4810	1074	1556	3	0	0
1238	4811	1556	1557	150	680	1
1239	4813	1387	1384	28	366	2
1240	4814	1445	46	58	1122	1
1241	4815	1558	1559	4	0	0
1242	4816	1559	871	29	2618	2
1243	4817	1560	1561	75	1258	7
1244	4818	1561	1562	28	647	3
1245	4819	1562	1563	54	1454	9
1246	4820	602	1538	256	10464	30
1247	4821	1538	69	75	162	1
1248	4822	1564	1565	47	417	3
1249	4823	1566	1567	146	9624	24
1250	4824	1567	1568	133	9361	19
1251	4825	1569	1570	50	1853	4
1252	4826	1570	1571	62	646	4
1253	4827	1572	1223	514	4481	6
1254	4828	1223	1573	55	0	0
1255	4829	1574	1575	137	162	1
1256	4830	1575	1576	352	162	1
1257	4831	1577	1575	169	204	1
1258	4840	1578	1579	63	162	1
1259	4842	1579	1580	80	162	1
1260	4867	1582	1583	46	3366	3
1261	4868	1584	1585	28	527	3
1262	4869	1586	1584	36	0	0
1263	4870	1584	1587	9	0	0
1264	4871	1587	1588	21	323	2
1265	4872	1588	1068	8	0	0
1266	4873	1588	1589	28	527	3
1267	4875	1590	1175	85	1225	3
1268	4876	1175	1550	26	0	0
1269	4880	1591	1592	69	0	0
1270	4881	1592	1593	60	2457	6
1271	4883	1594	1534	23	0	0
1272	4884	1534	596	28	0	0
1273	4885	1595	1207	21	1063	2
1274	4933	1597	1598	85	0	0
1275	4934	1598	1075	75	162	1
1276	4935	1599	1196	95	1335	8
1277	4936	1083	1600	99	162	1
1278	4937	1083	1601	205	162	1
1279	4938	1601	1602	163	94	1
1280	4939	1603	1604	165	162	1
1281	4940	1605	1225	115	0	0
1282	4941	1225	1606	117	323	2
1283	4942	1607	1608	739	255	2
1284	4943	1608	1609	291	162	1
1285	4944	1608	1610	67	0	0
1286	4945	1610	588	199	0	0
1287	4946	1611	1610	159	94	1
1288	4947	1612	1613	102	0	0
1289	4948	1613	1614	83	0	0
1290	4949	1615	1613	117	162	1
1291	4955	1616	286	318	162	1
1292	4956	1617	1618	28	0	0
1293	4957	1617	1619	105	162	1
1294	4958	1620	1621	126	0	0
1295	4959	1621	1617	157	162	1
1296	4960	1621	1116	80	0	0
1297	4988	1622	1623	783	0	0
1298	5001	791	311	255	0	0
1299	5002	791	1624	111	340	1
1300	5003	789	1625	502	162	1
1301	5004	1625	1626	69	204	1
1302	5011	1627	1628	10	0	0
1303	5012	1628	43	67	162	1
1304	5024	298	1629	229	1122	1
1305	5025	1630	1631	229	162	1
1306	5026	918	1632	57	162	1
1307	5027	919	1633	42	162	1
1308	5030	1614	70	648	366	2
1309	5031	1634	1635	34	646	4
1310	5039	1636	1637	154	162	1
1311	5065	1638	1639	73	162	1
1312	5066	1640	1638	45	528	2
1313	5069	768	1641	62	0	0
1314	5092	1330	202	600	0	0
1315	5093	623	1642	251	0	0
1316	5094	1642	617	334	323	2
1317	5095	617	621	335	0	0
1318	5096	1643	1644	103	0	0
1319	5097	266	1643	112	0	0
1320	5098	1645	816	160	0	0
1321	5108	1646	1261	231	0	0
1322	5109	1647	1131	740	0	0
1323	5110	1131	1646	6	0	0
1324	5116	1460	1637	1003	740	5
1325	5117	1637	1648	278	340	1
1326	5119	1623	1649	385	187	2
1327	5120	1333	1650	114	0	0
1328	5121	1651	1652	288	332	3
1329	5122	1652	1336	239	442	3
1330	5127	959	962	205	162	1
1331	5133	1341	1653	534	0	0
1332	5138	1654	1655	322	323	2
1333	5140	1656	1046	129	162	1
1334	5142	1657	1658	177	162	1
1335	5153	1659	1660	180	162	1
1336	5154	1661	1092	134	162	1
1337	5155	1328	1662	106	162	1
1338	5159	516	1663	748	204	1
1339	5165	1664	1665	107	162	1
1340	5173	1666	1667	393	340	1
1341	5174	1668	1669	151	162	1
1342	5176	271	1670	133	162	1
1343	5177	1671	1672	124	655	1
1344	5186	270	1673	479	162	1
1345	5187	1674	1675	253	162	1
1346	5188	689	1676	82	162	1
1347	5189	1677	1678	629	655	1
1348	5200	1333	1679	102	323	2
1349	5201	1622	1680	112	162	1
1350	5203	1681	1650	348	162	1
1351	5228	1641	1326	29	0	0
1352	5229	1682	1683	27	0	0
1353	5230	1682	1684	115	0	0
1354	5262	517	1685	39	0	0
1355	5264	40	1686	34	0	0
1356	5265	1686	1687	21	6732	6
1357	5266	1688	1689	123	2041	9
1358	5269	917	199	1052	366	2
1359	5281	285	608	550	0	0
1360	5282	1690	608	761	0	0
1361	5283	1691	1692	343	0	0
1362	5284	1691	1690	121	0	0
1363	5285	1693	1694	124	570	3
1364	5286	1695	1696	52	366	2
1365	5287	1691	1694	468	0	0
1366	5288	1694	1696	158	0	0
1367	5289	594	1697	170	0	0
1368	5290	594	1698	27	0	0
1369	5291	1641	1682	26	0	0
1370	5354	848	1699	57	366	2
1371	5356	1700	1701	21	323	2
1372	5357	1701	1702	122	808	5
1373	5359	1689	1703	9	0	0
1374	5360	36	1704	222	1394	6
1375	5361	1704	1216	78	647	3
1376	5362	1705	1706	200	4199	24
1377	5363	1707	1708	89	646	4
1378	5364	1708	1709	127	2074	13
1379	5365	1586	1710	175	0	0
1380	5367	1710	1711	28	2015	3
1381	5368	1712	1713	55	527	3
1382	5369	1546	1714	38	0	0
1383	5370	1714	1715	140	944	6
1384	5373	1713	1716	43	1122	1
1385	5374	1716	528	48	323	2
1386	5380	1717	1718	59	3928	3
1387	5394	1702	1687	105	0	0
1388	5396	40	1719	16	162	1
1389	5398	1555	1720	28	0	0
1390	5399	1720	1721	42	417	3
1391	5400	1722	1723	70	3656	13
1392	5401	1723	1724	51	4488	4
1393	5402	1706	1725	63	3767	11
1394	5403	1725	1726	31	2618	2
1395	5426	1227	1727	41	1369	5
1396	5427	1727	1728	43	1292	6
1397	5428	1729	1730	33	323	2
1398	5429	1730	1731	29	485	3
1399	5444	1732	1733	20	204	1
1400	5445	1733	1734	38	0	0
1401	5459	1432	1441	101	0	0
1402	5462	1736	1737	101	2015	10
1403	5463	1737	1738	17	0	0
1404	5484	1739	1740	39	162	1
1405	5485	1741	1742	23	162	1
1406	5486	1742	1743	86	647	3
1407	5492	57	1744	639	502	2
1408	5493	1745	1746	135	1310	1
1409	5502	262	1088	136	485	3
1410	5529	1747	1748	100	1250	8
1411	5530	1749	1750	101	1292	8
1412	5544	1751	1752	60	1105	7
1413	5545	1753	1754	66	1216	7
1414	5546	1755	1756	56	944	6
1415	5547	1756	1757	28	0	0
1416	5548	1757	1758	28	162	1
1417	5549	1758	1759	19	486	2
1418	5550	1760	1761	133	1658	10
1419	5570	1762	1763	66	0	0
1420	5571	1763	1764	10	0	0
1421	5572	1764	117	70	323	2
1422	5573	135	176	29	0	0
1423	5582	1765	847	186	1377	8
1424	5605	1766	1767	79	0	0
1425	5615	1768	1769	34	655	1
1426	5632	1770	1771	74	4488	4
1427	5633	1548	1550	20	0	0
1428	5634	1772	1773	59	0	0
1429	5635	1774	64	85	0	0
1430	5677	161	1775	128	944	6
1431	5678	1775	1776	13	0	0
1432	5679	1776	1777	105	1063	7
1433	5680	1778	1779	50	366	2
1434	5681	1779	1780	58	323	2
1435	5682	1780	1781	88	561	4
1436	5684	146	1782	19	162	1
1437	5685	1782	1783	92	162	1
1438	5686	1784	1785	109	0	0
1439	5688	1756	1786	22	162	1
1440	5689	1755	1787	34	485	3
1441	5690	1788	1789	62	808	5
1442	5691	1790	1791	68	969	6
1443	5692	1792	1793	63	485	3
1444	5693	1794	1795	63	1131	7
1445	5694	1796	1797	63	1258	6
1446	5695	1798	1799	60	808	5
1447	5696	1800	1801	63	969	6
1448	5697	1802	1803	63	1105	6
1449	5698	1804	1805	62	969	6
1450	5699	1806	1807	65	969	6
1451	5700	1808	1809	62	969	6
1452	5701	1810	1811	67	927	6
1453	5702	1812	118	31	323	2
1454	5703	1751	1813	92	1224	8
1455	5704	1814	1815	95	1335	8
1456	5705	1816	121	39	485	3
1457	5706	1817	1818	50	485	3
1458	5707	1819	1820	77	1615	10
1459	5708	1819	1821	84	1658	10
1460	5709	127	1822	49	3964	32
1461	5711	1823	1824	46	468	4
1462	5712	1825	1826	93	1794	10
1463	5713	1827	1828	47	485	3
1464	5714	1829	1830	93	1292	8
1465	5715	1831	1832	93	1173	7
1466	5716	1833	1834	35	646	4
1467	5717	1835	1836	34	485	3
1468	5718	1837	1838	34	646	4
1469	5719	1839	130	36	162	1
1470	5720	1367	1840	25	0	0
1471	5721	1840	1841	24	162	1
1472	5722	1841	1842	35	0	0
1473	5723	1842	1843	28	0	0
1474	5724	1843	1844	30	0	0
1475	5725	1844	1839	33	340	1
1476	5726	1844	1845	38	867	4
1477	5727	1846	1847	65	1224	8
1478	5728	1848	1849	55	1012	6
1479	5729	1762	1850	32	808	5
1480	5730	1763	1851	27	162	1
1481	5731	1764	1852	58	1292	8
1482	5732	117	1853	55	646	4
1483	5733	135	1854	104	323	2
1484	5734	1854	134	293	485	3
1485	5736	1855	1792	48	0	0
1486	5737	1792	1794	26	162	1
1487	5738	1794	1796	45	0	0
1488	5739	1796	1798	31	0	0
1489	5740	1798	1800	40	162	1
1490	5741	1800	1802	32	0	0
1491	5742	1802	1804	36	0	0
1492	5743	1804	1806	31	0	0
1493	5744	1806	1808	37	0	0
1494	5745	1808	1810	29	0	0
1495	5746	1810	1812	39	0	0
1496	5747	1812	1856	95	969	6
1497	5748	1857	1858	92	1292	8
1498	5749	124	1817	50	0	0
1499	5750	1817	1816	21	0	0
1500	5751	1816	1753	81	323	2
1501	5752	1753	1814	5	0	0
1502	5753	1814	1857	82	485	3
1503	5754	1857	1751	86	485	3
1504	5755	1751	1846	81	731	3
1505	5756	1859	1819	52	162	1
1506	5757	1819	1757	84	443	2
1507	5758	904	1823	30	0	0
1508	5759	1823	1825	22	0	0
1509	5760	1825	1827	38	0	0
1510	5761	1827	1829	27	0	0
1511	5762	1829	1831	66	255	2
1512	5763	1860	1861	48	323	2
1513	5764	1861	1862	55	442	3
1514	5765	1862	135	180	969	6
1515	5766	1368	1833	27	0	0
1516	5767	1833	1788	22	162	1
1517	5768	1788	1837	43	0	0
1518	5769	1837	1863	14	0	0
1519	5770	1863	1835	52	0	0
1520	5771	1835	1790	7	0	0
1521	5772	1857	1864	66	1131	7
1522	5773	1865	1760	39	0	0
1523	5774	1760	1848	27	0	0
1524	5775	1848	1762	16	0	0
1525	5780	1865	1866	91	0	0
1526	5781	1867	1855	78	689	4
1527	5782	1855	1868	78	323	2
1528	5783	110	124	57	162	1
1529	5784	1859	1869	165	323	2
1530	5785	1869	126	69	0	0
1531	5786	127	128	8	0	0
1532	5787	904	111	50	0	0
1533	5788	1870	1871	182	187	2
1534	5792	1872	1873	49	646	4
1535	5793	1874	1875	46	646	4
1536	5794	1486	1876	97	808	5
1537	5795	1877	1878	42	646	4
1538	5796	1879	1880	46	689	4
1539	5797	1881	1882	416	646	4
1540	5798	1882	169	171	536	4
1541	5799	1883	1884	18	323	2
1542	5800	1885	1877	13	162	1
1543	5801	1877	1872	44	323	2
1544	5802	1872	1879	45	485	3
1545	5803	1879	1886	30	119	1
1546	5804	164	1887	170	1981	12
1547	5805	1887	1777	37	0	0
1548	5806	1888	1889	88	2160	6
1549	5807	1890	1891	40	646	4
1550	5808	1892	1890	31	162	1
1551	5809	1890	1893	37	646	4
1552	5810	8	1894	489	0	0
1553	5811	1895	1896	63	162	1
1554	5812	1897	1898	79	969	6
1555	5813	1899	1900	31	646	4
1556	5814	1901	1902	38	731	4
1557	5815	1901	1903	76	162	1
1558	5816	1903	1897	63	162	1
1559	5817	1899	1904	75	323	2
1560	5818	1905	1895	57	162	1
1561	5819	1895	1906	92	655	1
1562	5820	1907	1892	93	1131	7
1563	5821	1892	389	42	0	0
1564	5822	1894	387	182	204	1
1565	5862	1033	1027	131	0	0
1566	5863	1908	1909	18	323	2
1567	5864	1909	1910	31	162	1
1568	5865	1911	1912	152	1292	8
1569	5898	1913	1914	13	0	0
1570	5899	1915	1916	34	323	2
1571	5900	1917	1916	23	323	2
1572	5902	1918	1919	129	1335	8
1573	5915	512	1920	163	162	1
1574	5916	1921	1922	260	969	6
1575	5917	1923	669	299	0	0
1576	5918	1923	1924	402	816	3
1577	5919	3	1925	57	646	4
1578	5920	984	986	94	323	2
1579	5921	1454	1926	107	2244	2
1580	5922	94	97	73	0	0
1581	5923	94	1927	333	0	0
1582	5924	1927	1928	324	0	0
1583	5925	1924	986	332	162	1
1584	5933	125	1929	81	162	1
1585	5934	1930	1931	37	8300	8
1586	5961	1932	93	32	162	1
1587	5969	1933	1934	161	323	2
1588	5970	1935	1936	26	0	0
1589	5971	1936	1748	35	0	0
1590	5972	160	1937	143	162	1
1591	5976	110	1868	81	0	0
1592	5977	1938	1939	31	323	2
1593	5979	1841	1940	58	893	5
1594	5980	125	1859	14	0	0
1595	5981	1840	1941	38	731	4
1596	5982	1942	1943	8	6851	7
1597	5983	1943	1930	48	281	2
1598	5986	1944	1945	51	935	5
1599	5988	1897	1946	69	689	4
1600	5989	1946	1944	22	366	2
1601	5990	1903	1947	36	323	2
1602	5991	1947	1948	37	689	4
1603	5992	1949	1901	64	927	6
1604	5993	1903	1950	69	808	5
1605	5994	1904	1951	31	646	4
1606	5995	389	1865	220	0	0
1607	5997	1033	850	122	323	2
1608	6000	1952	1953	67	162	1
1609	6002	1954	1955	25	162	1
1610	6005	1956	1957	42	0	0
1611	6008	1958	1959	62	1284	2
1612	6010	1960	1961	94	1173	7
1613	6011	1962	1524	116	1131	7
1614	6012	1963	1964	79	1615	10
1615	6013	1965	1966	11	323	2
1616	6018	1967	1968	14	1012	6
1617	6020	1969	934	281	0	0
1618	6024	1970	1971	37	1003	7
1619	6025	1970	1972	16	162	1
1620	6026	384	1213	227	0	0
1621	6027	111	137	165	0	0
1622	6028	1973	1974	17	204	1
1623	6029	1974	1975	45	323	2
1624	6034	1976	1977	30	94	1
1625	6035	1978	1979	44	527	3
1626	6036	1980	1908	38	0	0
1627	6037	1919	1981	12	204	1
1628	6038	1982	1983	96	1131	7
1629	6039	1984	1920	174	162	1
1630	6040	1985	507	109	94	1
1631	6041	1239	1027	36	0	0
1632	6042	1983	1986	27	527	3
1633	6043	1987	1983	29	162	1
1634	6044	265	1979	56	0	0
1635	6045	1979	1988	104	0	0
1636	6048	1989	1908	80	969	6
1637	6049	1922	1243	74	485	3
1638	6050	509	665	51	162	1
1639	6051	1402	1990	92	2381	15
1640	6052	1991	776	252	0	0
1641	6053	1991	1992	167	0	0
1642	6054	507	1920	6	0	0
1643	6055	1993	1914	5	0	0
1644	6056	1994	1995	36	485	3
1645	6057	1996	1997	286	417	3
1646	6058	1998	1967	28	323	2
1647	6060	1410	1999	36	646	4
1648	6061	2000	1410	20	162	1
1649	6062	2001	2002	9	0	0
1650	6063	2003	2004	276	0	0
1651	6064	2005	113	165	323	2
1652	6066	152	2006	21	188	1
1653	6067	550	552	90	808	5
1654	6068	1525	2007	93	969	6
1655	6069	552	1525	26	0	0
1656	6070	2007	550	27	323	2
1657	6072	2008	2009	572	349	3
1658	6073	74	2006	39	374	2
1659	6074	1936	2010	34	485	3
1660	6075	148	2011	31	2618	2
1661	6076	147	145	96	0	0
1662	6077	1215	671	81	0	0
1663	6078	671	1784	40	0	0
1664	6079	2012	2013	52	485	3
1665	6080	153	2014	30	562	3
1666	6081	2015	152	16	374	2
1667	6082	170	2016	31	323	2
1668	6083	171	2017	42	323	2
1669	6084	1785	2018	152	238	2
1670	6085	2019	2020	65	1455	8
1671	6086	2021	2022	101	1454	9
1672	6087	778	2023	54	0	0
1673	6088	2024	2019	93	1292	8
1674	6090	1974	2025	92	1216	7
1675	6091	2026	136	51	0	0
1676	6092	1990	2027	11	0	0
1677	6093	2028	2029	9	0	0
1678	6095	2027	2030	16	4335	9
1679	6096	1931	1112	12	0	0
1680	6098	2031	2025	124	1190	6
1681	6099	2025	2032	14	323	2
1682	6100	904	2028	46	0	0
1683	6101	2028	2033	29	2041	5
1684	6102	137	662	44	0	0
1685	6103	662	2031	9	0	0
1686	6104	2031	2034	64	570	3
1687	6105	1113	2035	15	119	1
1688	6107	394	2036	51	527	3
1689	6108	165	2037	46	910	3
1690	6116	1984	2038	227	0	0
1691	6125	1469	2039	119	162	1
1692	6143	1254	2040	357	162	1
1693	6144	2041	1996	107	757	4
1694	6145	1996	2042	80	0	0
1695	6146	2042	2043	371	255	2
1696	6147	2044	2041	3	0	0
1697	6148	2044	2045	38	323	2
1698	6149	2046	1994	31	162	1
1699	6150	1994	2047	150	1734	11
1700	6151	1468	2048	41	0	0
1701	6152	2048	801	119	0	0
1702	6153	2048	2049	69	1182	5
1703	6154	2039	2050	348	0	0
1704	6155	2051	1785	178	0	0
1705	6157	2052	2053	48	527	3
1706	6158	2052	2054	20	298	2
1707	6159	2053	2055	35	0	0
1708	6160	2053	2056	10	527	3
1709	6161	2055	2057	49	561	1
1710	6162	2055	2058	16	485	3
1711	6163	2059	2060	18	0	0
1712	6164	2059	2061	16	646	4
1713	6165	2060	2062	7	527	3
1714	6166	2063	2064	32	485	3
1715	6167	2065	2064	36	0	0
1716	6168	2063	2065	26	204	1
1717	6169	1166	113	56	0	0
1718	6170	2066	2067	20	119	1
1719	6171	2067	2068	783	1216	7
1720	6176	2069	2070	28	162	1
1721	6177	2070	2071	26	689	4
1722	6182	2072	134	49	323	2
1723	6183	1921	2073	29	162	1
1724	6184	2074	2075	73	1292	8
1725	6186	1254	2001	126	255	2
1726	6191	2076	2077	43	1012	6
1727	6192	1916	2078	17	485	3
1728	6193	2079	2080	50	808	5
1729	6194	2077	2081	43	323	2
1730	6195	2078	1917	18	162	1
1731	6196	2082	2083	3	376	2
1732	6197	2083	2084	7	748	4
1733	6198	210	2085	544	0	0
1734	6199	2086	2046	79	850	5
1735	6200	2087	637	173	323	2
1736	6201	2088	2089	165	94	1
1737	6203	2090	2091	10	162	1
1738	6204	2080	2092	33	323	2
1739	6205	1955	2093	24	485	3
1740	6206	2026	2094	62	323	2
1741	6212	2064	2095	254	323	2
1742	6213	2095	2096	201	94	1
1743	6215	2098	1954	86	485	3
1744	6216	1954	818	46	0	0
1745	6217	556	2099	11	408	2
1746	6220	2100	1869	84	0	0
1747	6222	2101	2063	93	162	1
1748	6223	2102	2101	125	0	0
1749	6224	810	2103	11	0	0
1750	6240	2104	496	373	162	1
1751	6241	2104	1031	238	0	0
1752	6264	253	978	724	0	0
1753	6273	2105	2106	12	162	1
1754	6274	1956	2060	29	162	1
1755	6275	2085	2107	55	162	1
1756	6276	2100	906	118	0	0
1757	6278	2108	2109	15	323	2
1758	6279	2110	2111	18	0	0
1759	6280	1778	854	270	0	0
1760	6282	2112	2113	97	2432	2
1761	6284	2114	2115	188	2628	15
1762	6285	2020	2116	28	808	5
1763	6290	2022	2117	87	1190	6
1764	6291	1933	1031	93	0	0
1765	6302	139	503	177	655	1
1766	6305	2023	2117	7	0	0
1767	6306	2114	2024	69	0	0
1768	6307	2117	2024	66	0	0
1769	6308	2023	1526	23	0	0
1770	6309	1526	2007	37	162	1
1771	6311	2118	2119	38	2618	2
1772	6312	1883	1887	143	1479	10
1773	6313	2120	2121	7	0	0
1774	6314	2121	2122	65	323	2
1775	6315	2121	2123	31	485	3
1776	6316	75	2105	26	0	0
1777	6317	2124	2105	194	3868	25
1778	6318	75	2125	58	969	6
1779	6320	978	969	142	0	0
1780	6321	2126	2127	118	646	4
1781	6322	2127	2128	75	485	3
1782	6323	1980	2129	74	893	5
1783	6329	2130	2131	46	0	0
1784	6336	2132	2130	26	442	3
1785	6353	2066	2133	24	204	1
1786	6354	2133	398	120	417	3
1787	6355	2133	2067	29	0	0
1788	6356	2134	2066	41	162	1
1789	6414	739	200	151	740	5
1790	6415	2135	2136	13	0	0
1791	6421	1353	2137	61	323	2
1792	6422	2138	2137	39	323	2
1793	6423	2137	2139	55	825	4
1794	6424	2140	2141	65	782	4
1795	6425	2142	520	13	162	1
1796	6426	1353	2140	48	486	2
1797	6427	2143	2144	88	1717	9
1798	6428	2143	2145	97	1615	10
1799	6429	2145	733	29	162	1
1800	6430	2146	2147	35	485	3
1801	6431	1153	2148	655	485	3
1802	6444	2149	2150	39	485	3
1803	6451	2151	894	90	825	4
1804	6452	2152	2153	62	4046	4
1805	6455	2154	2155	100	969	6
1806	6456	2152	2151	15	0	0
1807	6458	2156	2157	36	162	1
1808	6464	734	2158	67	808	5
1809	6465	2158	2159	28	0	0
1810	6466	2160	2149	36	162	1
1811	6467	2149	2161	15	680	1
1812	6469	2162	2163	61	323	2
1813	6474	1352	2164	105	485	3
1814	6475	2164	1638	277	485	3
1815	6476	2165	1452	159	1683	4
1816	6477	1452	2166	126	646	4
1817	6478	2167	2156	53	281	2
1818	6483	2155	896	85	162	1
1819	6485	2168	2158	70	0	0
1820	6486	2168	2169	108	1428	9
1821	6517	2170	1091	448	366	2
1822	6518	2142	1685	56	893	5
1823	6523	203	517	49	672	5
1824	6539	2171	1258	119	323	2
1825	6540	2172	1393	133	162	1
1826	6541	2173	620	860	0	0
1827	6553	2174	2175	53	162	1
1828	6559	1651	1346	154	0	0
1829	6581	2174	1159	98	162	1
1830	6582	1159	723	82	162	1
1831	6583	723	917	256	162	1
1832	6604	2176	2136	271	0	0
1833	6605	628	2177	76	927	6
1834	6606	1459	628	52	323	2
1835	6617	1348	626	73	595	3
1836	6618	626	1258	28	162	1
1837	6619	1269	739	8	0	0
1838	6622	2172	1266	29	0	0
1839	6623	1692	2134	273	689	4
1840	6624	733	2146	79	204	1
1841	6648	956	2178	630	570	3
1842	6651	270	705	297	0	0
1843	6652	194	1675	49	0	0
1844	6653	1675	689	809	1216	7
1845	6654	625	1677	113	0	0
1846	6655	1677	1667	652	323	2
1847	6672	2179	2180	142	162	1
1848	6673	615	2181	259	162	1
1849	6674	2182	2183	169	162	1
1850	6675	2184	2185	151	162	1
1851	6676	2186	1394	98	94	1
1852	6677	2187	2188	98	204	1
1853	6678	2189	2190	169	162	1
1854	6680	2191	2192	292	162	1
1855	6688	2193	2194	171	162	1
1856	6694	630	2195	160	119	1
1857	6700	623	2196	290	162	1
1858	6701	704	2197	219	94	1
1859	6702	1330	2198	184	162	1
1860	6703	1642	2199	313	162	1
1861	6704	621	2200	215	162	1
1862	6705	1644	2201	270	162	1
1863	6706	1643	2202	87	162	1
1864	6707	266	2203	540	561	1
1865	6714	1646	2204	129	119	1
1866	6716	1460	2205	342	204	1
1867	6724	959	2206	261	162	1
1868	6733	1270	2207	132	162	1
1869	6734	838	2208	77	162	1
1870	6740	2209	2210	120	1505	10
1871	6741	2211	2212	421	0	0
1872	6742	2211	2213	556	162	1
1873	6743	1650	2212	64	0	0
1874	6751	2161	2160	181	1989	13
1875	6754	2214	202	453	323	2
1876	6760	2215	705	750	459	3
1877	6784	200	2135	251	2678	17
1878	6786	1992	2216	10	0	0
1879	6787	2216	1749	32	162	1
1880	6788	1906	2217	64	1122	1
1881	6789	2217	1239	17	0	0
1882	6790	1905	2218	11	0	0
1883	6791	2218	2219	46	162	1
1884	6794	879	2220	22	0	0
1885	6795	2220	2132	129	2474	12
1886	6796	1698	1414	213	808	5
1887	6807	1347	2189	515	485	3
1888	6808	2173	1267	381	0	0
1889	6814	242	601	20	0	0
1890	6815	599	214	44	0	0
1891	6816	2222	2223	421	323	2
1892	6820	199	1459	154	0	0
1893	6842	1298	630	189	0	0
1894	6843	2135	1630	794	1131	7
1895	6875	1672	2224	328	94	1
1896	6876	956	1335	57	162	1
1897	6909	1644	713	149	0	0
1898	6911	202	193	435	0	0
1899	6912	193	711	183	0	0
1900	6923	1645	754	237	162	1
1901	6924	2214	1647	414	646	4
1902	6925	2225	2173	155	0	0
1903	6940	2226	1296	2120	0	0
1904	6946	2227	463	45	485	3
1905	6947	2228	98	39	323	2
1906	6948	2229	2230	35	323	2
1907	6964	2231	599	142	2958	3
1908	6971	601	2221	21	0	0
1909	6972	600	2221	94	323	2
1910	6974	2232	2233	45	366	2
1911	6975	2233	2234	82	1216	7
1912	6976	2233	600	46	162	1
1913	6982	2235	2232	62	527	3
1914	7001	214	2236	56	1190	6
1915	7022	1350	1349	251	0	0
1916	7029	1411	2237	40	731	4
1917	7058	2238	2239	80	94	1
1918	7062	2240	2241	113	1615	10
1919	7063	2241	2242	76	969	6
1920	7066	1774	2243	68	23870	16
1921	7075	1066	2244	143	2746	17
1922	7084	2245	1194	36	323	2
1923	7085	1194	2246	95	1836	10
1924	7090	224	2247	75	969	6
1925	7091	2247	2248	78	1012	6
1926	7100	372	2249	91	850	5
1927	7101	2249	2250	39	1012	6
1928	7102	1906	1901	54	0	0
1929	7104	2006	2251	25	374	2
1930	7105	2251	1453	76	0	0
1931	7106	2228	2252	142	1981	12
1932	7107	1866	1867	161	0	0
1933	7109	2253	1491	85	1054	6
1934	7111	1991	2254	11	0	0
1935	7112	2254	2255	161	1292	8
1936	7113	2256	2257	442	162	1
1937	7114	2256	2258	197	2244	2
1938	7115	2225	2226	480	162	1
1939	7126	797	2259	62	867	4
1940	7127	2260	2261	93	1105	7
1941	7129	2262	2263	56	893	5
1942	7130	1639	2264	176	0	0
1943	7131	2264	2260	43	162	1
1944	7132	2260	2262	13	0	0
1945	7133	2262	1450	64	0	0
1946	7141	2238	2265	44	0	0
1947	7142	2266	2238	45	0	0
1948	7143	2267	2268	55	0	0
1949	7144	2269	2267	57	0	0
1950	7145	2270	2271	38	162	1
1951	7146	2272	2270	38	0	0
1952	7147	2273	553	54	0	0
1953	7148	553	2274	55	0	0
1954	7150	2270	1778	100	969	6
1955	7151	2271	2272	15	0	0
1956	7152	2273	2274	16	0	0
1957	7153	2268	2271	9	0	0
1958	7154	2269	2268	18	0	0
1959	7155	2266	2269	6	0	0
1960	7156	2265	2266	21	0	0
1961	7157	2274	2265	10	0	0
1962	7158	2272	2273	12	0	0
1963	7174	2275	157	72	655	1
1964	7193	714	2276	75	119	1
1965	7194	714	2277	120	825	4
1966	7195	580	715	29	502	2
1967	7196	715	572	71	323	2
1968	7199	1711	44	91	323	2
1969	7200	2278	2279	120	0	0
1970	7201	2280	2281	139	162	1
1971	7204	95	1412	104	0	0
1972	7205	1412	655	69	0	0
1973	7206	2282	2283	166	1046	4
1974	7207	643	2282	9	0	0
1975	7208	2282	2284	31	0	0
1976	7210	657	2285	141	0	0
1977	7211	2285	2286	79	1496	6
1978	7212	2285	1114	68	0	0
1979	7213	1114	1398	166	0	0
1980	7216	2256	1236	267	0	0
1981	7259	2287	2288	391	162	1
1982	7261	2289	740	321	646	4
1983	7265	421	2290	1020	94	1
1984	7282	2291	2292	65	485	3
1985	7283	2293	2291	314	485	3
1986	7288	2294	2295	39	162	1
1987	7294	2296	2288	332	0	0
1988	7296	688	272	255	442	3
1989	7303	1367	1232	12	0	0
1990	7304	1232	1006	140	0	0
1991	7315	689	595	109	323	2
1992	7318	816	201	63	0	0
1993	7339	567	1416	29	485	3
1994	7340	1416	346	33	162	1
1995	7362	1169	1228	40	0	0
1996	7373	2068	2297	241	0	0
1997	7374	699	2297	570	0	0
1998	7375	2297	2298	1249	204	1
1999	7382	1136	2175	62	0	0
2000	7383	1138	2299	195	0	0
2001	7384	1324	1138	293	340	1
2002	7385	1144	1622	84	0	0
2003	7386	2212	1144	94	0	0
2004	7392	379	2300	199	162	1
2005	7402	2301	1327	785	162	1
2006	7403	10	686	179	2244	2
2007	7404	686	33	237	0	0
2008	7410	157	2302	73	1216	6
2009	7411	154	156	127	281	2
2010	7412	2302	2303	61	2032	9
2011	7413	386	1457	76	1990	2
2012	7414	2304	2305	39	0	0
2013	7415	385	1455	10	0	0
2014	7416	2306	2159	35	485	3
2015	7417	2155	886	45	323	2
2016	7418	886	2152	73	1190	6
2017	7425	2307	883	178	3061	12
2018	7426	883	92	8	0	0
2019	7427	87	890	34	162	1
2020	7428	890	498	38	485	3
2021	7429	2308	888	63	2202	7
2022	7430	888	2309	40	1326	6
2023	7437	1006	133	16	0	0
2024	7456	2310	1768	28	0	0
2025	7457	2311	2310	213	9954	6
2026	7460	16	1088	9	0	0
2027	7461	1185	1047	19	0	0
2028	7467	876	1560	105	689	4
2029	7470	2312	2275	191	0	0
2030	7472	2275	2302	117	0	0
2031	7474	1125	1041	118	0	0
2032	7475	1041	667	370	162	1
2033	7477	358	763	9	0	0
2034	7478	763	359	305	162	1
2035	7479	355	700	342	689	4
2036	7482	1221	2245	193	2848	15
2037	7483	2246	2313	139	1029	5
2038	7484	2313	1729	18	485	3
2039	7485	1729	1227	69	646	4
2040	7486	2314	1226	156	1488	10
2041	7487	1728	2315	113	2313	12
2042	7488	2315	1736	22	162	1
2043	7489	1738	2316	172	2304	14
2044	7490	525	2317	80	561	4
2045	7493	2246	2318	49	0	0
2046	7494	2318	2319	144	689	4
2047	7495	2319	2320	58	323	2
2048	7496	2320	2321	138	1700	10
2049	7497	2321	1599	87	1336	7
2050	7498	2322	2320	48	485	3
2051	7499	2320	2323	50	1054	5
2052	7504	2324	1599	309	3771	26
2053	7505	2321	2325	80	646	4
2054	7506	2325	2326	143	1445	8
2055	7507	2325	2327	45	826	3
2056	7508	1738	1731	294	1335	8
2057	7514	2328	2329	37	0	0
2058	7552	2330	2331	129	8018	4
2059	7572	2332	2333	416	3222	19
2060	7599	2334	2335	43	1122	1
2061	7600	1591	2336	26	119	1
2062	7602	2338	48	40	0	0
2063	7603	2339	2240	53	323	2
2064	7634	2340	425	395	323	2
2065	7704	2341	2342	56	646	4
2066	7705	2342	2343	4	0	0
2067	7706	2343	2344	137	1292	8
2068	7707	2345	2343	35	485	3
2069	7708	1721	2346	90	2618	4
2070	7709	2346	2347	35	0	0
2071	7710	2348	1382	77	1513	8
2072	7711	1382	1386	63	485	3
2073	7712	2349	67	63	527	3
2074	7713	526	2350	50	485	3
2075	7714	1595	526	50	2244	2
2076	7715	2351	2352	50	11408	6
2077	7716	1724	2351	83	6207	7
2078	7717	2351	1766	34	323	2
2079	7719	832	2353	13	0	0
2080	7720	2353	2354	37	604	3
2081	7721	2355	1573	398	4115	4
2082	7723	2356	2357	140	0	0
2083	7725	2246	2358	42	0	0
2084	7726	2359	2360	19	162	1
2085	7727	1741	258	56	485	3
2086	7735	2361	2362	137	1777	2
2087	7744	294	2363	63	0	0
2088	7746	2363	867	49	0	0
2089	7748	2364	2365	71	1819	11
2090	7749	2365	1700	143	2584	9
2091	7751	35	36	225	485	3
2092	7752	1731	2315	129	1871	8
2093	7756	2329	2366	123	204	1
2094	7762	2357	1576	490	0	0
2095	7768	1717	2354	25	0	0
2096	7769	525	1430	18	0	0
2097	7770	2368	1597	19	0	0
2098	7798	2369	12	35	162	1
2099	7799	2370	1586	22	986	5
2100	7800	10	2371	23	1122	1
2101	7801	2371	2370	49	1207	5
2102	7802	1560	45	109	1455	8
2103	7803	45	2372	24	162	1
2104	7804	44	2373	200	4073	23
2105	7805	46	876	69	1768	3
2106	7806	66	2374	58	10812	6
2107	7834	48	2339	32	0	0
2108	7835	2347	1389	87	1292	8
2109	7836	1072	50	17	0	0
2110	7837	50	2375	120	808	5
2111	7845	1746	2376	50	0	0
2112	7846	2376	2377	49	0	0
2113	7847	2376	1597	140	0	0
2114	7848	43	1554	84	1131	7
2115	7849	21	52	89	162	1
2116	7850	52	2378	59	366	2
2117	7859	2373	2379	137	3868	11
2118	7860	2311	1566	29	2244	1
2119	7861	1726	2352	35	2161	12
2120	7862	57	1603	10	0	0
2121	7864	1173	1148	75	485	3
2122	7872	2380	1607	234	162	1
2123	7873	920	1605	218	0	0
2124	7874	2381	1221	50	162	1
2125	7875	1734	2355	106	408	1
2126	7876	2381	2355	48	0	0
2127	7877	1735	2357	119	0	0
2128	7878	1735	2381	225	0	0
2129	7884	2379	2382	290	7875	29
2130	7886	441	588	341	162	1
2131	7889	1772	596	183	2261	14
2132	7892	1711	2383	52	0	0
2133	7931	1224	1053	29	0	0
2134	7950	2356	2384	520	527	3
2135	7951	2359	1430	23	0	0
2136	7953	2346	2385	66	162	1
2137	7956	2342	2386	43	162	1
2138	7957	1571	1376	116	646	4
2139	8015	2378	2387	53	646	4
2140	8016	2387	2388	9	0	0
2141	8017	2387	2389	73	417	3
2142	8054	2293	2390	126	443	3
2143	8055	2390	2332	134	851	5
2144	8056	2131	2291	57	0	0
2145	8057	2210	2132	93	1173	7
2146	8058	2391	2392	9	0	0
2147	8059	2391	2393	30	323	2
2148	8060	2394	2395	12	162	1
2149	8061	2395	2391	24	162	1
2150	8161	2396	2397	145	94	1
2151	8162	2398	2399	261	323	2
2152	8169	2340	2400	435	527	3
2153	8170	2400	2401	264	323	2
2154	8171	2400	2402	420	94	1
2155	8180	2403	2395	26	323	2
2156	8184	2404	2405	26	1632	8
2157	8186	2131	2404	70	485	3
2158	8188	2130	274	34	0	0
2159	8189	273	879	38	162	1
2160	8190	185	857	32	0	0
2161	8191	1698	2222	96	162	1
2162	8192	1697	703	46	0	0
2163	8200	990	2167	124	0	0
2164	8201	2143	2406	50	323	2
2165	8202	2406	2142	33	0	0
2166	8203	2407	2408	68	689	4
2167	8204	2407	1352	62	162	1
2168	8210	2176	2409	61	324	2
2169	8222	1696	2223	47	0	0
2170	8223	2223	1697	534	0	0
2171	8224	285	286	277	0	0
2172	8228	2390	2410	39	281	2
2173	8229	2293	2163	91	0	0
2174	8230	2392	2411	41	323	2
2175	8231	274	2412	49	442	3
2176	8232	2222	2413	73	1871	2
2177	8233	2414	2415	297	162	1
2178	8266	1391	2328	66	1122	1
2179	8293	2242	2417	69	808	5
2180	8294	2417	1712	10	0	0
2181	8295	1544	2418	36	0	0
2182	8296	2418	1546	37	4650	5
2183	8297	2419	1548	99	7386	9
2184	8308	1773	1537	102	162	1
2185	8311	1722	2420	49	0	0
2186	8312	2420	2421	13	655	1
2187	8313	2422	1596	49	1445	3
2188	8315	1571	2423	92	1148	6
2189	8316	2423	30	8	0	0
2190	8317	36	32	352	0	0
2191	8318	2424	2425	46	689	4
2192	8319	2426	2427	39	689	4
2193	8320	2428	2429	20	0	0
2194	8321	2429	2430	84	969	6
2195	8322	2431	2432	21	0	0
2196	8323	2432	2081	18	0	0
2197	8324	2433	2434	35	867	4
2198	8325	2434	1524	36	323	2
2199	8326	1962	2435	94	1292	8
2200	8327	2435	101	74	765	5
2201	8328	161	1889	47	323	2
2202	8329	2436	2437	89	1131	7
2203	8330	265	1522	70	1267	8
2204	8332	1777	2438	46	578	4
2205	8333	2438	180	73	969	6
2206	8334	2439	2440	66	885	4
2207	8335	2440	1060	67	485	3
2208	8336	2441	2440	71	646	4
2209	8348	699	254	159	646	4
2210	8349	1728	2442	57	323	2
2211	8350	1734	2443	48	366	2
2212	8358	2444	2445	96	1335	8
2213	8359	1884	2446	123	850	5
2214	8360	1884	2447	42	808	5
2215	8361	2447	2448	60	1804	11
2216	8362	2448	2449	75	4208	10
2217	8363	2449	155	70	1607	4
2218	8364	155	2012	8	0	0
2219	8367	1076	718	348	646	4
2220	8368	718	1601	333	162	1
2221	8369	2450	2451	82	808	5
2222	8370	2451	2452	13	0	0
2223	8371	2452	2453	134	485	3
2224	8372	2453	2296	762	0	0
2225	8373	2454	2455	87	323	2
2226	8374	2456	2457	704	578	4
2227	8375	498	2458	67	0	0
2228	8376	2458	493	258	0	0
2229	8377	88	2459	55	162	1
2230	8378	2459	2460	25	162	1
2231	8379	2461	382	135	162	1
2232	8380	2462	2463	57	808	5
2233	8381	2463	2464	40	323	2
2234	8382	2464	2465	35	0	0
2235	8383	2465	2466	57	808	5
2236	8384	2051	2467	72	162	1
2237	8385	2467	2468	75	0	0
2238	8386	2081	2428	9	0	0
2239	8387	2428	2469	46	808	5
2240	8388	2470	2471	24	366	2
2241	8389	2472	2473	37	1292	8
2242	8390	1962	2436	83	366	2
2243	8391	2474	2475	148	1615	10
2244	8392	2476	2477	127	1131	7
2245	8393	2478	1527	185	3851	14
2246	8394	1529	1781	84	0	0
2247	8395	2309	2479	59	442	3
2248	8396	2480	2481	69	850	5
2249	8397	2481	2482	96	1267	8
2250	8398	2483	2444	64	808	5
2251	8399	1875	2484	55	323	2
2252	8400	2484	2485	108	1938	12
2253	8401	2433	2486	125	1251	7
2254	8402	2486	2487	79	1131	7
2255	8403	2487	2488	153	2100	13
2256	8404	1776	1886	37	366	2
2257	8405	1780	2489	122	2586	15
2258	8406	2435	2490	165	1982	11
2259	8407	100	2491	189	1590	10
2260	8408	2492	2493	178	1836	10
2261	8409	2494	2495	46	2432	2
2262	8410	2496	2497	40	408	2
2263	8411	2498	2497	8	0	0
2264	8412	2497	2499	15	0	0
2265	8413	3	2500	41	162	1
2266	8414	2501	3	115	646	4
2267	8415	2069	2502	27	366	2
2268	8418	2308	0	49	162	1
2269	8419	2503	2474	36	0	0
2270	8420	2474	2504	37	485	3
2271	8421	2504	101	42	0	0
2272	8422	2505	2506	13	0	0
2273	8423	2506	2507	69	485	3
2274	8424	2508	2509	28	0	0
2275	8425	2510	2511	116	1666	11
2276	8426	2092	2512	72	1573	10
2277	8427	2513	2514	69	1173	7
2278	8428	2229	2515	79	1335	8
2279	8429	2504	2508	54	459	2
2280	8430	2516	2517	105	1250	8
2281	8431	2447	2484	78	646	4
2282	8432	265	2518	53	2127	3
2283	8433	1782	2519	93	808	5
2284	8434	2519	2478	84	527	3
2285	8435	2519	2520	175	1743	10
2286	8436	2521	2522	183	2261	14
2287	8437	1961	2513	81	485	3
2288	8438	2513	2229	73	485	3
2289	8439	100	2523	22	162	1
2290	8440	2523	2492	50	366	2
2291	8441	2492	1532	89	323	2
2292	8444	1527	2524	75	323	2
2293	8445	2496	2494	28	0	0
2294	8446	2432	2429	47	0	0
2295	8447	2525	2496	42	0	0
2296	8448	2526	2527	87	689	4
2297	8449	2488	2528	9	0	0
2298	8450	2528	1911	27	0	0
2299	8451	1911	2526	31	162	1
2300	8452	2526	2529	39	323	2
2301	8453	103	2488	75	366	2
2302	8455	1928	1882	464	0	0
2303	8456	1928	2424	37	0	0
2304	8457	2424	2530	24	0	0
2305	8458	2530	2426	24	0	0
2306	8459	2426	892	44	162	1
2307	8460	892	2531	66	969	6
2308	8461	2431	2525	13	0	0
2309	8462	2532	2533	44	0	0
2310	8463	2533	2312	70	162	1
2311	8464	2092	2510	52	442	3
2312	8465	2510	96	33	281	2
2313	8466	2532	2470	56	485	3
2314	8467	2470	2534	41	323	2
2315	8468	2533	2535	46	366	2
2316	8469	2535	2536	232	3460	21
2317	8470	2537	2538	148	1862	11
2318	8471	2538	2539	99	1496	9
2319	8472	2538	2481	59	0	0
2320	8473	2481	2444	59	323	2
2321	8474	2119	144	43	0	0
2322	8475	2540	2541	87	2618	2
2323	8476	2541	1215	112	0	0
2324	8477	2309	1453	6	0	0
2325	8478	1783	2476	153	1131	7
2326	8479	2535	2537	77	417	3
2327	8480	2472	2449	123	485	3
2328	8481	2448	2446	55	1131	7
2329	8482	2446	2542	6	0	0
2330	8483	2542	180	60	646	4
2331	8484	2543	2516	88	1573	10
2332	8485	2544	2517	102	2823	10
2333	8486	1455	2517	84	0	0
2334	8487	2517	2545	87	485	3
2335	8488	2546	2545	97	1454	9
2336	8489	1926	2257	442	4310	17
2337	8490	2257	2547	115	808	5
2338	8491	2548	2549	58	689	4
2339	8492	138	1976	263	187	2
2340	8493	1779	2550	55	1131	7
2341	8494	2548	2551	28	0	0
2342	8495	2551	106	71	646	4
2343	8496	2552	2553	14	162	1
2344	8497	2553	2554	8	162	1
2345	8498	2555	2556	15	323	2
2346	8499	2556	2557	8	162	1
2347	8500	2558	2556	44	162	1
2348	8501	2559	2560	37	323	2
2349	8502	106	1918	20	0	0
2350	8503	1918	2561	139	969	6
2351	8505	1992	104	72	0	0
2352	8506	1749	2562	26	0	0
2353	8507	2562	1748	37	0	0
2354	8508	1935	2563	61	323	2
2355	8509	1215	2052	36	0	0
2356	8510	675	2564	38	808	5
2357	8511	1784	2559	69	646	4
2358	8512	2559	2558	60	808	5
2359	8513	2565	2566	12	323	2
2360	8514	2566	2467	42	485	3
2361	8515	2467	2567	34	502	2
2362	8516	2468	2568	34	646	4
2363	8517	2569	2563	78	850	5
2364	8518	2563	2570	47	1012	6
2365	8519	2571	1904	55	850	5
2366	8520	2572	1899	55	485	3
2367	8521	1935	2573	77	1233	6
2368	8522	2574	2575	26	1335	8
2369	8523	98	2576	109	1862	11
2370	8524	2576	2577	20	969	6
2371	8525	105	2578	50	323	2
2372	8526	2578	81	7	0	0
2373	8531	2396	2398	31	0	0
2374	8532	2398	1614	144	0	0
2375	8544	298	2579	196	1284	2
2376	8550	1368	1111	36	0	0
2377	8551	1111	2100	76	0	0
2378	8555	2580	844	74	204	1
2379	8557	2581	1059	93	238	1
2380	8565	2367	2582	105	7250	9
2381	8566	2087	2583	129	162	1
2382	8567	2584	934	124	0	0
2383	8568	475	2088	429	0	0
2384	8569	2287	2585	47	0	0
2385	8570	2584	2586	497	0	0
2386	8572	26	2587	77	204	1
2387	8573	2587	1364	109	162	1
2388	8574	2588	2454	93	1624	7
2389	8575	2450	2044	31	646	4
2390	8578	2589	2590	104	1173	7
2391	8579	159	2126	18	119	1
2392	8580	2128	2589	34	366	2
2393	8581	174	1965	20	323	2
2394	8582	2455	2591	89	204	1
2395	8583	2591	2592	82	0	0
2396	8584	2592	1447	32	162	1
2397	8585	1447	183	841	0	0
2398	8586	2593	2594	87	927	6
2399	8587	2594	2000	183	2559	15
2400	8588	2594	1998	92	969	6
2401	8589	804	2593	49	646	4
2402	8590	2593	2587	318	3978	23
2403	8591	2595	808	29	0	0
2404	8592	2103	2307	61	1947	5
2405	8593	2596	2086	134	2227	12
2406	8594	803	2046	160	1938	12
2407	8595	1972	2597	32	162	1
2408	8596	808	2598	61	808	5
2409	8597	2588	1970	79	1641	4
2410	8598	2592	2599	168	2304	14
2411	8599	2591	2600	125	2142	13
2412	8600	2455	2601	119	2143	12
2413	8601	2602	1307	231	1335	8
2414	8602	2603	2452	78	0	0
2415	8603	2453	2603	166	162	1
2416	8604	2603	2041	100	765	5
2417	8605	2103	2451	134	1615	10
2418	8608	2296	2583	700	0	0
2419	8609	2009	2604	287	0	0
2420	8610	2604	1487	489	0	0
2421	8611	1487	811	54	417	3
2422	8612	651	2605	215	0	0
2423	8613	651	2604	742	0	0
2424	8614	1489	91	138	969	6
2425	8615	2588	2595	22	1472	2
2426	8616	1775	2433	73	527	3
2427	8617	8	1109	225	162	1
2428	8618	2606	1883	6	0	0
2429	8619	1486	2606	69	1131	7
2430	8620	2460	1472	41	162	1
2431	8621	1474	2607	5	0	0
2432	8622	2607	1476	28	323	2
2433	8623	496	2458	31	0	0
2434	8624	2607	2608	81	808	5
2435	8625	1474	2609	41	485	3
2436	8626	1472	2610	80	765	5
2437	8627	2460	2611	41	1003	3
2438	8628	2459	2612	80	850	5
2439	8629	89	2613	68	1012	6
2440	8630	2004	1035	567	94	1
2441	8631	1406	2003	258	0	0
2442	8632	2003	2614	5	0	0
2443	8633	799	2615	60	162	1
2444	8634	1933	2616	521	0	0
2445	8635	2617	2618	49	808	5
2446	8636	1758	2619	44	323	2
2447	8637	1786	2620	16	323	2
2448	8638	2466	2621	35	646	4
2449	8639	2622	2465	34	527	3
2450	8640	2463	2623	36	366	2
2451	8641	2624	2462	36	485	3
2452	8642	2098	1161	75	119	1
2453	8643	2101	2625	46	281	2
2454	8644	2626	2627	30	485	3
2455	8645	1759	2617	36	323	2
2456	8646	2628	2629	41	162	1
2457	8647	2629	2630	81	485	3
2458	8648	2629	1938	24	162	1
2459	8649	2629	2108	50	527	3
2460	8650	2631	2632	93	1377	8
2461	8651	2633	2634	93	1454	9
2462	8652	2630	2635	29	349	3
2463	8653	2630	2636	31	323	2
2464	8654	382	2637	93	1344	5
2465	8655	2567	2638	38	689	4
2466	8656	2566	2553	36	0	0
2467	8657	2639	2640	74	969	6
2468	8658	2102	2641	140	162	1
2469	8659	2641	2642	34	0	0
2470	8660	2642	2051	152	0	0
2471	8661	2643	2098	31	0	0
2472	8662	1212	2102	54	0	0
2473	8663	2643	2626	43	281	2
2474	8664	2626	2644	27	281	2
2475	8665	1831	2628	22	0	0
2476	8666	2628	2631	44	0	0
2477	8667	2631	2633	65	0	0
2478	8668	2633	2645	23	162	1
2479	8669	1213	1952	110	0	0
2480	8670	2641	2464	70	0	0
2481	8671	2464	2646	76	323	2
2482	8672	2646	829	75	162	1
2483	8673	2647	2648	29	0	0
2484	8674	2648	2649	46	1131	7
2485	8675	2650	829	96	1615	10
2486	8676	2651	2646	97	1267	8
2487	8677	2646	2652	91	1428	9
2488	8678	818	2653	83	0	0
2489	8679	2461	114	53	0	0
2490	8680	114	1165	96	2244	2
2491	8682	384	1165	200	680	2
2492	8683	2096	2461	88	0	0
2493	8684	2654	2642	21	0	0
2494	8685	2654	2655	99	1182	4
2495	8687	1522	2656	75	646	4
2496	8688	2433	2657	31	323	2
2497	8689	2528	2658	46	646	4
2498	8690	1529	2659	71	119	1
2499	8693	2660	2498	42	731	4
2500	8694	2499	2661	42	774	4
2501	8695	2662	2663	65	1012	6
2502	8696	2663	2304	10	0	0
2503	8697	2304	2074	19	0	0
2504	8698	2664	1913	18	162	1
2505	8699	1915	2665	68	740	5
2506	8700	2666	2468	52	485	3
2507	8701	2667	107	46	162	1
2508	8702	1490	2668	96	1012	6
2509	8703	2668	2669	78	3264	6
2510	8704	1781	2110	72	162	1
2511	8705	2111	2670	115	2142	13
2512	8706	2507	2671	35	2756	3
2513	8709	2521	2672	39	672	5
2514	8710	2672	2505	39	162	1
2515	8711	2562	2673	33	646	4
2516	8712	2255	1910	48	324	1
2517	8713	2674	2675	40	3928	3
2518	8715	77	2676	30	374	2
2519	8716	2676	2677	31	374	2
2520	8717	72	2082	17	562	3
2521	8718	804	801	71	0	0
2522	8720	2595	2678	105	323	2
2523	8721	2678	802	36	0	0
2524	8722	1468	2679	71	1310	1
2525	8723	1778	170	75	0	0
2526	8726	2527	2680	78	1131	7
2527	8727	2680	2681	6	323	2
2528	8728	2486	2682	31	0	0
2529	8729	2682	2683	53	646	4
2530	8730	2547	2684	831	833	6
2531	8731	2684	2267	108	663	3
2532	8732	2494	2574	66	1547	10
2533	8733	2647	2685	35	162	1
2534	8734	2685	2686	22	808	5
2535	8735	2648	1957	34	0	0
2536	8737	1912	2487	35	0	0
2537	8738	2106	2687	22	0	0
2538	8739	1863	2688	71	969	6
2539	8740	1843	2689	65	969	6
2540	8741	1842	2690	39	646	4
2541	8742	1839	2691	63	646	4
2542	8746	2692	2284	100	655	1
2543	8747	2692	534	1905	0	0
2544	8748	2693	2694	36	119	1
2545	8749	2695	2694	78	323	2
2546	8750	2477	2696	39	485	3
2547	8751	2509	2697	77	1071	9
2548	8752	2698	2699	77	2244	2
2549	8753	2700	2701	68	3928	3
2550	8754	2702	6	131	0	0
2551	8755	140	2097	128	0	0
2552	8756	2703	2702	117	723	2
2553	8757	2303	2704	55	1998	6
2554	8758	4	1988	40	1326	2
2555	8759	166	2705	70	969	6
2556	8763	166	1245	102	527	3
2557	8764	1533	394	20	0	0
2558	8765	102	2706	43	485	3
2559	8766	2706	2707	55	808	5
2560	8767	2706	2708	54	646	4
2561	8768	2707	2709	53	646	4
2562	8769	2707	2710	53	646	4
2563	8770	2477	2478	8	0	0
2564	8771	2699	2700	47	0	0
2565	8772	2509	2699	31	0	0
2566	8773	2303	2308	27	664	3
2567	8774	2012	156	12	0	0
2568	8775	1988	2503	72	0	0
2569	8776	0	2677	23	0	0
2570	8779	2097	2703	73	0	0
2571	8780	2711	505	126	969	6
2572	8781	2284	1921	72	706	3
2573	8788	2586	2712	167	0	0
2574	8789	1255	2713	20	94	1
2575	8790	2714	396	98	1225	4
2576	8791	2687	2715	42	646	4
2577	8792	2687	2120	60	663	3
2578	8793	2120	2716	45	1114	5
2579	8794	2122	2717	78	1454	9
2580	8795	2122	2718	36	485	3
2581	8796	396	1958	51	0	0
2582	8797	1958	2714	50	162	1
2583	8798	2714	1533	55	485	3
2584	8799	82	2719	19	162	1
2585	8800	2719	172	19	162	1
2586	8801	2720	2721	34	1522	3
2587	8802	2720	1963	49	162	1
2588	8803	1963	2722	77	1012	6
2589	8804	2719	2723	60	323	2
2590	8805	2723	1987	35	323	2
2591	8807	2	2305	8	0	0
2592	8808	2305	2431	171	646	4
2593	8809	2091	2663	18	162	1
2594	8811	2073	1002	24	162	1
2595	8816	1921	2711	65	162	1
2596	8817	1927	2	84	162	1
2597	8818	104	1905	75	162	1
2598	8819	1867	2643	63	323	2
2599	8820	1870	112	154	255	2
2600	8825	2307	2450	17	0	0
2601	8826	2724	2616	189	162	1
2602	8827	2725	2724	286	162	1
2603	8828	500	2063	344	1777	11
2604	8829	2726	500	58	162	1
2605	8833	2693	2711	55	162	1
2606	8834	2590	2727	40	527	3
2607	8835	2728	2729	28	646	4
2608	8836	2728	1915	53	366	2
2609	8837	2664	2728	16	0	0
2610	8838	2530	2728	30	0	0
2611	8839	1914	2730	25	323	2
2612	8841	2069	1993	42	323	2
2613	8842	2128	2731	63	485	3
2614	8843	1490	2732	94	1292	8
2615	8844	2253	1490	55	0	0
2616	8845	172	2720	53	323	2
2617	8846	2723	2733	80	646	4
2618	8847	814	2734	57	808	5
2619	8848	90	814	103	162	1
2620	8849	2219	2735	32	808	5
2621	8850	2736	2219	57	850	5
2622	8851	1899	2219	79	323	2
2623	8854	2737	1125	105	0	0
2624	8855	1005	2738	74	561	1
2625	8857	2640	2739	47	1173	7
2626	8858	2545	2740	33	162	1
2627	8859	2740	2640	92	969	6
2628	8860	1456	1783	6	0	0
2629	8861	73	2741	22	0	0
2630	8862	2741	78	14	188	1
2631	8863	2677	2503	50	323	2
2632	8864	2537	2742	53	689	4
2633	8865	2742	2472	100	1292	8
2634	8866	2508	2743	83	323	2
2635	8867	2743	149	15	0	0
2636	8868	2119	2744	45	8364	14
2637	8870	2534	2745	11	323	2
2638	8871	1961	2746	40	323	2
2639	8872	2746	2521	37	323	2
2640	8873	2506	2747	93	969	6
2641	8874	2747	2748	68	1530	9
2642	8875	1471	28	10	162	1
2643	8876	2561	2749	17	162	1
2644	8877	2749	2674	32	0	0
2645	8878	171	7	284	986	5
2646	8883	1910	1980	4	0	0
2647	8884	2525	2532	114	0	0
2648	8886	2476	2750	35	162	1
2649	8887	2750	2547	71	655	1
2650	8888	2436	2751	79	646	4
2651	8889	2751	2752	85	1292	8
2652	8890	99	2753	35	323	2
2653	8895	2753	2754	164	1896	12
2654	8896	2754	2505	29	0	0
2655	8897	1781	1530	171	1828	9
2656	8898	835	669	187	0	0
2657	8899	2755	2756	160	94	1
2658	8900	835	2757	109	162	1
2659	8901	2454	2758	88	969	6
2660	8902	2758	2602	51	731	4
2661	8904	818	1212	453	0	0
2662	8906	1161	2759	36	442	3
2663	8907	2759	900	62	323	2
2664	8908	2630	648	76	527	3
2665	8909	648	2760	31	323	2
2666	8910	900	898	78	162	1
2667	8911	2653	2761	69	978	3
2668	8912	2761	2762	46	825	4
2669	8913	2468	2763	41	162	1
2670	8914	2763	2647	2	0	0
2671	8916	1166	2764	21	0	0
2672	8917	2764	2765	77	162	1
2673	8925	1957	2766	18	323	2
2674	8926	2766	2767	16	731	4
2675	8927	1866	1402	23	0	0
2676	8928	128	2768	13	1122	1
2677	8929	2768	126	101	162	1
2678	8933	2029	2769	58	1309	7
2679	8934	2089	2584	94	0	0
2680	8939	2585	2087	232	0	0
2681	8940	2040	2770	238	0	0
2682	8953	2771	2772	130	0	0
2683	8956	112	2773	232	162	1
2684	8957	2438	2774	63	323	2
2685	8958	2542	2518	132	1131	7
2686	8959	154	2518	7	0	0
2687	8960	2253	2548	21	0	0
2688	8961	1868	902	91	646	4
2689	8963	1846	2775	96	1539	9
2690	8971	665	643	156	765	5
2691	8972	976	1923	194	0	0
2692	8976	2776	2777	72	94	1
2693	8979	200	1649	37	0	0
2694	8984	2585	1256	190	0	0
2695	8985	2712	2778	97	94	1
2696	8986	2770	1449	114	0	0
2697	8987	2770	2779	337	162	1
2698	8988	2050	2780	47	204	1
2699	8989	2043	2290	82	0	0
2700	8990	2290	2781	225	162	1
2701	8991	2288	2782	400	323	2
2702	8992	2002	2783	124	255	2
2703	8993	439	2784	241	162	1
2704	8994	2784	2785	172	162	1
2705	8995	2586	2786	188	94	1
2706	8996	495	2777	640	706	3
2707	8997	495	2787	394	94	1
2708	8998	2614	2788	194	0	0
2709	8999	2788	2789	452	162	1
2710	9000	2788	2790	158	162	1
2711	9001	1028	2791	189	94	1
2712	9002	746	2792	619	0	0
2713	9003	2792	2615	213	0	0
2714	9004	2792	2793	194	162	1
2715	9005	1010	2794	16	162	1
2716	9006	1489	2795	53	162	1
2717	9007	2795	2457	900	1888	5
2718	9008	2795	2796	71	162	1
2719	9009	1004	2797	38	204	1
2720	9010	1003	2798	25	162	1
2721	9015	2616	2799	93	94	1
2722	9016	2065	2724	55	0	0
2723	9021	2605	2800	595	204	1
2724	9022	2800	2801	343	162	1
2725	9024	2008	2802	77	340	1
2726	9025	1934	2803	462	162	1
2727	9030	2804	168	238	689	4
2728	9031	2804	2805	111	323	2
2729	9032	142	2806	316	162	1
2730	9033	2806	387	59	0	0
2731	9034	2806	2807	109	162	1
2732	9044	370	2737	214	0	0
2733	9045	2737	2808	402	119	1
2734	9046	667	510	155	0	0
2735	9047	510	2809	171	94	1
2736	9048	2038	2810	178	162	1
2737	9120	969	2755	287	655	1
2738	9121	2755	976	310	621	4
2739	9127	1924	2811	266	162	1
2740	9130	988	2812	210	162	1
2741	9131	984	2813	439	255	2
2742	9138	2089	2814	259	655	1
2743	9139	2784	2107	107	204	1
2744	9140	2602	2085	458	1862	6
2745	9141	2800	506	96	0	0
2746	9143	2038	2815	90	162	1
2747	9147	2614	2816	69	0	0
2748	9148	2816	1028	30	0	0
2749	9149	2817	2816	85	94	1
2750	9152	183	1969	241	162	1
2751	9205	2818	2772	1516	0	0
2752	9206	1293	2771	35	162	1
2753	9224	2136	2819	249	1598	11
2754	9292	1653	967	250	323	2
2755	9311	1684	758	1229	850	5
2756	9312	2214	2820	96	0	0
2757	9313	711	2276	23	0	0
2758	9314	2276	198	125	485	3
2759	9315	198	196	22	0	0
2760	9316	196	195	29	0	0
2761	9317	195	857	26	0	0
2762	9318	185	707	151	417	3
2763	9319	2214	2182	723	0	0
2764	9320	1647	815	197	0	0
2765	9321	2820	1264	1166	1182	4
2766	9416	1263	2821	248	162	1
2767	9417	1260	1261	518	1310	1
2768	9418	2818	1260	851	204	1
2769	9419	1266	2225	106	680	2
2770	9439	838	1324	51	0	0
2771	9448	2191	1664	103	162	1
2772	9449	1664	815	93	0	0
2773	9454	2822	1341	234	0	0
2774	9455	1667	2134	9	0	0
2775	9456	1668	2209	107	119	1
2776	9458	1672	1668	448	0	0
2777	9479	2179	615	114	0	0
2778	9481	2182	2179	152	162	1
2779	9482	617	2184	176	94	1
2780	9483	2184	1394	160	0	0
2781	9484	2189	2187	110	0	0
2782	9485	191	2215	148	647	4
2783	9486	2187	2191	238	340	1
2784	9492	1261	2193	475	0	0
2785	9493	2193	1264	702	1071	5
2786	9496	1630	1298	114	0	0
2787	9500	1141	2822	81	0	0
2788	9501	1660	2148	94	0	0
2789	9502	1092	1660	262	162	1
2790	9503	2170	1328	38	0	0
2791	9520	2409	1654	106	0	0
2792	9534	2220	2823	33	655	1
2793	9535	278	2414	188	162	1
2794	9536	2414	1690	40	0	0
2795	9537	2409	2772	470	689	4
2796	9538	1269	2824	20	527	3
2797	9541	1683	760	53	0	0
2798	9561	2825	2209	269	162	1
2799	9566	1091	1658	23	0	0
2800	9567	1658	1046	327	0	0
2801	9568	2822	972	143	0	0
2802	9569	967	1139	210	0	0
2803	9570	972	1653	175	0	0
2804	9576	2151	1329	23	323	2
2805	9587	2408	2826	36	528	2
2806	9588	2826	517	224	561	4
2807	9589	2164	2827	113	442	3
2808	9590	2827	2165	143	162	1
2809	9607	206	2828	60	731	4
2810	9608	2829	206	120	1454	9
2811	9622	1482	2830	48	0	0
2812	9623	2831	2832	132	0	0
2813	9624	2833	415	296	0	0
2814	9625	519	734	39	578	4
2815	9626	205	2834	19	4488	4
2816	9628	2140	2835	14	323	2
2817	9637	2159	2836	50	578	4
2818	9638	2836	2160	25	255	2
2819	9669	1683	1326	29	0	0
2820	9687	2837	2838	73	408	2
2821	9688	314	2839	222	0	0
2822	9718	377	2840	12	162	1
2823	9719	375	2841	33	162	1
2824	9720	2841	376	109	502	2
2825	9738	2842	248	658	502	2
2826	9741	587	750	533	323	2
2827	9742	209	2843	41	485	3
2828	9747	434	2844	163	281	2
2829	9752	400	2845	578	281	2
2830	9754	2846	535	63	323	2
2831	9755	2846	2847	114	646	4
2832	9756	2846	1481	73	850	5
2833	9757	245	1012	155	0	0
2834	9758	1012	2848	94	162	1
2835	9760	378	1461	177	0	0
2836	9761	448	2849	164	0	0
2837	9767	1129	251	20	0	0
2838	9768	2830	633	379	0	0
2839	9769	2850	1467	43	162	1
2840	9770	1466	2851	21	323	2
2841	9771	332	2852	655	204	1
2842	9772	1127	2456	708	0	0
2843	9773	463	2853	75	969	6
2844	9785	320	457	29	646	4
2845	9786	459	793	65	527	3
2846	9787	457	459	62	1616	10
2847	9788	2854	793	62	935	5
2848	9795	241	2855	104	969	6
2849	9798	2856	464	84	0	0
2850	9799	436	464	44	0	0
2851	9802	536	250	702	0	0
2852	9803	2857	426	121	0	0
2853	9813	2858	2859	30	366	2
2854	9814	2860	2861	32	646	4
2855	9815	241	2862	52	0	0
2856	9816	2860	2863	36	485	3
2857	9817	2862	2860	26	0	0
2858	9818	2860	2858	21	0	0
2859	9819	2864	2855	13	0	0
2860	9820	2864	228	8	0	0
2861	9821	2855	228	14	162	1
2862	9822	2858	2865	35	485	3
2863	9825	2866	2867	62	2244	2
2864	9826	2868	2869	75	3928	3
2865	9827	2870	635	66	527	3
2866	9828	341	2870	69	366	2
2867	9829	2870	2871	222	2848	15
2868	9830	2872	1500	492	323	2
2869	9834	2248	2873	60	646	4
2870	9835	437	2874	82	1131	7
2871	9837	2856	2248	41	408	2
2872	9839	571	2875	495	204	1
2873	9840	2876	2877	153	323	2
2874	9841	2878	542	32	0	0
2875	9842	542	349	384	0	0
2876	9843	442	2879	150	1615	10
2877	9844	2880	2881	56	646	4
2878	9845	2882	2883	40	162	1
2879	9846	373	2884	84	1454	9
2880	9847	2885	2886	64	0	0
2881	9848	2840	2887	476	0	0
2882	9849	2300	2849	197	162	1
2883	9850	2841	2849	82	204	1
2884	9851	2888	2889	29	323	2
2885	9852	2890	2842	155	0	0
2886	9854	377	375	294	1658	10
2887	9855	2891	2892	117	204	1
2888	9859	224	2893	94	1173	7
2889	9860	2862	2867	19	0	0
2890	9862	2894	2895	213	94	1
2891	9863	1079	2896	106	162	1
2892	9864	263	2897	369	0	0
2893	9865	2897	1079	227	0	0
2894	9866	2882	366	27	162	1
2895	9867	374	2883	20	162	1
2896	9868	366	374	53	323	2
2897	9869	2889	243	77	646	4
2898	9870	371	2889	10	0	0
2899	9871	447	2891	61	459	3
2900	9872	2891	2885	137	1921	5
2901	9873	2885	1462	82	646	4
2902	9874	373	225	10	0	0
2903	9875	2868	1464	511	0	0
2904	9876	2868	1495	229	0	0
2905	9877	1495	1480	3	0	0
2906	9878	442	407	258	1131	7
2907	9879	408	2832	259	485	3
2908	9880	407	2880	87	485	3
2909	9881	2880	408	23	0	0
2910	9882	2872	476	504	162	1
2911	9883	565	2839	69	162	1
2912	9884	2839	1147	291	740	5
2913	9885	2837	566	33	162	1
2914	9886	341	342	16	0	0
2915	9887	346	2898	53	2406	5
2916	9888	2898	2871	52	162	1
2917	9889	2899	605	606	723	2
2918	9890	568	2899	280	0	0
2919	9892	1520	613	68	0	0
2920	9893	1520	580	219	323	2
2921	9894	2876	484	160	0	0
2922	9895	2876	2900	69	0	0
2923	9897	483	748	34	0	0
2924	9898	1420	481	365	323	2
2925	9900	2901	2902	128	162	1
2926	9901	2903	1118	251	0	0
2927	9902	1118	1498	519	323	2
2928	9930	2864	230	43	485	3
2929	9931	230	2904	32	646	4
2930	9935	436	2905	101	1046	6
2931	9936	2905	462	67	366	2
2932	9937	2905	2906	18	323	2
2933	9938	792	2856	235	0	0
2934	9942	361	245	285	162	1
2935	9943	2907	2908	81	162	1
2936	9944	2909	2910	446	604	4
2937	9945	2909	2911	696	94	1
2938	9946	418	2912	572	544	2
2939	9947	2912	300	150	0	0
2940	9950	339	2913	71	162	1
2941	9952	2886	2914	229	561	1
2942	9953	2915	1509	240	204	1
2943	9957	2916	2917	456	94	1
2944	9958	2917	558	207	162	1
2945	9959	2917	2918	81	162	1
2946	9962	563	2919	325	1122	1
2947	9963	2847	2920	25	323	2
2948	9964	2921	970	239	162	1
2949	9966	381	840	53	162	1
2950	9967	2922	381	134	162	1
2951	9976	2923	1078	235	1122	1
2952	9977	783	469	485	527	3
2953	9978	783	2924	250	162	1
2954	9979	238	2925	165	323	2
2955	9980	1506	2926	153	162	1
2956	9981	451	2927	110	0	0
2957	9982	2927	1506	118	0	0
2958	9983	2927	2928	128	340	1
2959	9985	2929	310	331	162	1
2960	9987	309	2930	279	162	1
2961	9988	310	2931	213	0	0
2962	9989	2931	571	263	0	0
2963	9990	2931	2932	87	204	1
2964	9992	613	2933	701	0	0
2965	9993	2933	2396	209	0	0
2966	9995	2934	2933	66	502	2
2967	9996	309	1250	265	162	1
2968	9997	2935	1249	191	94	1
2969	9998	1249	1247	37	0	0
2970	9999	1247	336	348	323	2
2971	10000	486	2936	48	485	3
2972	10001	2831	2937	169	323	2
2973	10002	363	1129	72	0	0
2974	10003	1771	2335	34	0	0
2975	10004	980	2938	42	162	1
2976	10005	981	2939	22	204	1
2977	10006	249	979	162	162	1
2978	10007	1465	2940	140	94	1
2979	10008	840	513	186	0	0
2980	10009	2941	513	250	162	1
2981	10010	633	2852	96	0	0
2982	10011	2852	2942	183	340	1
2983	10018	2848	2943	237	162	1
2984	10019	472	1133	267	323	2
2985	10020	1133	2944	698	162	1
2986	10021	2944	558	44	0	0
2987	10022	2945	2944	171	204	1
2988	10023	351	2946	452	2057	11
2989	10024	2946	2916	312	162	1
2990	10027	2947	559	365	485	3
2991	10028	2948	2947	88	340	1
2992	10029	432	2949	236	162	1
2993	10037	2857	2950	371	162	1
2994	10038	422	2951	309	0	0
2995	10039	2951	2857	44	0	0
2996	10040	2951	2952	143	204	1
2997	10041	449	2953	180	0	0
2998	10042	2954	2953	189	162	1
2999	10043	2953	252	49	0	0
3000	10044	2955	252	176	162	1
3001	10045	335	1499	40	0	0
3002	10046	1499	2956	159	162	1
3003	10047	335	2957	344	340	1
3004	10048	2957	2872	517	204	1
3005	10049	2957	2958	218	162	1
3006	10050	1500	1246	26	0	0
3007	10051	1246	2959	234	408	2
3008	10052	2959	338	183	0	0
3009	10053	2959	2960	260	323	2
3010	10064	433	2961	119	1472	2
3011	10065	320	2962	140	323	2
3012	10066	2962	434	170	162	1
3013	10067	2962	2963	56	162	1
3014	10075	2875	2964	292	323	2
3015	10076	2875	2965	18	0	0
3016	10077	2965	785	485	723	2
3017	10078	2965	2966	276	204	1
3018	10079	1147	2837	173	1105	7
3019	10080	2967	2878	216	162	1
3020	10081	2968	2967	201	340	1
3021	10082	543	1419	285	340	1
3022	10083	2969	543	104	204	1
3023	10084	2970	2971	270	162	1
3024	10085	1251	2972	265	162	1
3025	10086	548	2967	494	162	1
3026	10088	787	2973	435	162	1
3027	10089	2971	2974	173	162	1
3028	10090	2974	1251	200	0	0
3029	10091	2974	2975	182	162	1
3030	10092	337	2976	68	0	0
3031	10093	2976	2971	12	0	0
3032	10094	2976	2977	134	162	1
3033	10095	251	1123	309	0	0
3034	10096	1123	2978	446	0	0
3035	10097	2978	402	214	0	0
3036	10098	2978	2979	160	119	1
3037	10099	2840	2980	315	646	4
3038	10100	2980	450	812	162	1
3039	10101	2980	2981	240	323	2
3040	10102	1462	2894	148	323	2
3041	10103	2894	2842	295	281	2
3042	10104	67	2416	212	2788	14
3043	10105	2416	528	126	1131	7
3044	10106	2982	1544	81	1446	8
3045	10107	1590	1564	29	366	2
3046	10108	2897	2983	79	162	1
3047	10109	1080	579	223	0	0
3048	10110	2984	1080	220	204	1
3049	10112	248	2985	204	340	1
3050	10113	448	2882	131	0	0
3051	10114	1481	2986	66	323	2
3052	10117	2987	2988	264	162	1
3053	10118	2299	2988	92	162	1
3054	10119	2989	2299	235	162	1
3055	10120	2988	2990	44	0	0
3056	10121	2990	378	543	663	3
3057	10122	2991	2990	251	408	2
3058	10123	476	1252	806	0	0
3059	10124	1252	2992	337	655	1
3060	10125	2833	332	209	162	1
3061	10126	2993	2994	32	0	0
3062	10127	2993	2995	196	162	1
3063	10128	1498	2996	446	0	0
3064	10129	2996	334	72	0	0
3065	10130	2996	2997	187	323	2
3066	10131	343	1496	23	0	0
3067	10132	1496	2998	60	366	2
3068	10133	477	2901	307	0	0
3069	10134	2901	2994	324	162	1
3070	10140	2903	2999	197	323	2
3071	10141	2999	2993	159	0	0
3072	10142	2999	3000	249	162	1
3073	10143	3001	546	233	0	0
3074	10144	3001	3002	240	162	1
3075	10145	470	3003	107	0	0
3076	10146	3003	433	144	0	0
3077	10147	3003	3004	98	162	1
3078	10148	471	3005	149	0	0
3079	10149	3005	470	122	0	0
3080	10150	3005	3006	79	204	1
3081	10151	3007	3001	364	0	0
3082	10152	3007	3008	259	162	1
3083	10153	235	3009	83	162	1
3084	10154	557	3007	81	0	0
3085	10155	557	3010	63	1310	1
3086	10156	358	725	38	281	2
3087	10157	725	355	31	323	2
3088	10158	2900	3011	646	323	2
3089	10159	3011	475	999	0	0
3090	10160	3011	3012	243	162	1
3091	10161	2910	400	82	119	1
3092	10162	2910	3013	196	94	1
3093	10163	2830	3014	426	0	0
3094	10164	3014	409	678	323	2
3095	10165	3014	3015	202	162	1
3096	10166	1482	3016	174	94	1
3097	10168	2832	2909	96	0	0
3098	10172	2912	3017	24	162	1
3099	10173	1127	406	101	162	1
3100	10174	548	3018	135	816	2
3101	10175	3019	1483	381	655	1
3102	10178	3020	545	73	162	1
3103	10179	545	3021	102	366	2
3104	10180	1250	3022	124	162	1
3105	10181	249	3023	84	162	1
3106	10182	249	3024	124	162	1
3107	10183	2890	3025	335	162	1
3108	10184	2890	3026	245	94	1
3109	10185	2833	3027	119	204	1
3110	10186	2833	3028	196	561	1
3111	10187	2887	2907	154	162	1
3112	10199	771	455	68	162	1
3113	10206	2244	1703	129	2176	13
3114	10207	1703	1216	142	1174	4
3115	10208	2244	3029	61	119	1
3116	10209	3029	1688	136	1173	7
3117	10233	2319	2326	202	2278	14
3118	10234	2326	2324	123	1998	12
3119	10235	2324	3030	84	1156	8
3120	10237	1090	3031	9	0	0
3121	10239	1150	3031	73	374	2
3122	10290	3032	3033	40	323	2
3123	10291	3033	3034	86	340	1
3124	10292	3033	3035	50	680	1
3125	10294	3036	3037	18	528	2
3126	10295	2341	1634	5	0	0
3127	10296	3038	1386	56	0	0
3128	10297	3039	2341	45	944	6
3129	10298	1386	3040	220	6630	23
3130	10299	3040	3041	43	646	4
3131	10300	3041	1594	27	1514	2
3132	10301	1388	2349	44	485	3
3133	10302	69	2982	68	1989	9
3134	10303	2982	2279	69	646	4
3135	10304	2279	2419	53	3528	4
3136	10305	2419	1566	112	4763	8
3137	10306	3042	1739	52	6732	6
3138	10307	3043	3038	211	2934	8
3139	10308	3038	2339	304	3001	15
3140	10309	1565	3044	65	3026	13
3141	10310	3044	3045	46	2194	4
3142	10311	2366	2338	21	2125	4
3143	10312	3046	2347	152	6741	10
3144	10313	1596	3047	101	162	1
3145	10314	3047	1627	162	0	0
3146	10315	1721	3043	93	808	5
3147	10316	3043	3042	60	0	0
3148	10317	3042	2348	94	646	4
3149	10318	1627	3032	86	1173	7
3150	10319	3032	3048	41	646	4
3151	10351	3049	1171	44	0	0
3152	10352	3050	2278	107	1973	9
3153	10353	2278	3051	97	2865	10
3154	10354	3051	3052	236	3885	22
3155	10356	3051	69	73	0	0
3156	10358	3053	3054	94	8264	12
3157	10359	3054	3049	48	0	0
3158	10360	3049	2337	107	2618	2
3159	10362	2337	870	48	0	0
3160	10363	3041	2240	203	2423	15
3161	10364	1772	3055	27	527	3
3162	10368	3045	2334	45	842	2
3163	10369	1568	1595	82	162	1
3164	10370	1567	1768	86	0	0
3165	10371	1767	2362	27	7971	12
3166	10372	2362	2382	59	4548	8
3167	10373	2382	3050	58	7336	16
3168	10374	3050	2311	139	17232	37
3169	10375	1568	1148	48	6936	7
3170	10376	3040	1558	57	162	1
3171	10377	2373	3052	96	2057	12
3172	10378	3052	1388	42	281	2
3173	10379	1711	1722	95	6224	18
3174	10380	1563	2373	99	969	6
3175	10472	3056	3057	156	1309	2
3176	10476	3036	2344	74	850	5
3177	10477	2344	2388	181	2049	12
3178	10478	2388	3058	109	1547	10
3179	10479	3058	1073	46	0	0
3180	10480	2378	3059	54	1190	6
3181	10481	1618	2369	180	323	2
3182	10482	3029	3060	30	323	2
3183	10483	1101	3061	61	0	0
3184	10484	3061	3062	85	646	4
3185	10485	3063	1688	36	646	4
3186	10486	847	3064	115	1292	8
3187	10487	1064	3065	84	970	6
3188	10488	2580	60	26	162	1
3189	10489	61	58	11	0	0
3190	10490	61	3066	72	2543	7
3191	10491	3067	1700	89	485	3
3192	10492	2580	2330	22	0	0
3193	10493	1060	3067	61	162	1
3194	10494	3067	844	223	2865	18
3195	10495	1702	849	75	485	3
3196	10498	2370	3068	83	323	2
3197	10499	3068	1569	75	1930	6
3198	10500	1569	1709	83	323	2
3199	10501	1709	3069	101	850	5
3200	10502	1711	3069	116	2372	14
3201	10503	3069	1705	136	4677	26
3202	10504	1064	1705	11	1122	1
3203	10505	2372	2383	30	485	3
3204	10506	3061	3070	80	417	3
3205	10507	1101	1093	39	0	0
3206	10508	1070	1560	129	1131	7
3207	10509	1563	596	125	3851	6
3208	10537	3071	3072	87	502	2
3209	10538	3072	3073	74	1131	7
3210	10539	2317	260	61	485	3
3211	10540	260	1743	75	808	5
3212	10541	1743	3071	38	612	2
3213	10542	3071	1736	112	970	5
3214	10543	2358	3074	44	323	2
3215	10544	3074	3075	181	969	6
3216	10547	1423	3076	67	162	1
3217	10548	1423	3074	153	1615	10
3218	10549	3074	3077	73	1505	6
3219	10552	3078	2442	20	689	4
3220	10553	2442	3079	26	485	3
3221	10554	2313	3080	316	646	4
3222	10557	1426	1428	32	0	0
3223	10558	1431	3081	35	417	3
3224	10560	3082	3083	94	646	4
3225	10561	3083	3084	33	162	1
3226	10562	3085	3086	49	527	3
3227	10582	3086	3084	87	0	0
3228	10583	3084	1434	20	0	0
3229	10584	1434	1431	87	0	0
3230	10586	3082	1055	25	162	1
3231	10587	1056	2317	145	1573	10
3232	10588	1055	523	95	417	3
3233	10610	1576	2314	127	0	0
3234	10611	3087	3088	199	1309	2
3235	10612	3088	222	59	0	0
3236	10613	296	3087	109	1309	2
3237	10614	3087	1339	39	0	0
3238	10615	2579	3089	52	0	0
3239	10616	3089	2280	64	408	1
3240	10617	2281	1745	56	0	0
3241	10618	1746	2377	15	0	0
3242	10619	2377	3090	164	578	4
3243	10620	1564	3091	41	7192	8
3244	10621	2371	1583	78	0	0
3245	10622	1555	3092	55	5168	5
3246	10623	2368	1581	83	162	1
3247	10643	2316	3093	81	646	4
3248	10675	1553	1612	253	323	2
3249	10676	2401	1625	158	0	0
3250	10677	1625	281	356	663	3
3251	10678	1612	3094	16	0	0
3252	10679	3094	3095	302	323	2
3253	10680	2380	3096	110	672	5
3254	10685	764	237	490	0	0
3255	10688	2380	1605	221	578	4
3256	10691	1081	1607	142	162	1
3257	10692	1607	593	145	0	0
3258	10707	1620	283	212	349	3
3259	10713	3097	3037	29	527	3
3260	10714	3037	3058	255	2516	16
3261	10757	3098	2383	130	1930	6
3262	10758	3099	31	44	1802	2
3263	10760	1709	3100	55	825	4
3264	10761	3100	3099	78	1633	8
3265	10762	3100	3101	32	485	3
3266	10769	237	1051	480	0	0
3267	10774	1715	1591	37	893	4
3268	10775	2336	1565	29	1922	3
3269	10776	2348	1072	134	1335	8
3270	10800	602	3102	6	0	0
3271	10801	3102	1715	88	969	6
3272	10802	1332	1202	8	0	0
3273	10803	1202	1340	18	0	0
3274	10805	3104	1185	48	0	0
3275	10806	3103	3104	7	0	0
3276	10807	1332	3104	178	0	0
3277	10808	1096	1181	35	0	0
3278	10809	1181	1098	53	0	0
3279	10811	1050	1096	40	0	0
3280	10813	1048	1049	11	0	0
3281	10814	3103	3105	272	0	0
3282	10815	3105	770	389	0	0
3283	10816	3106	23	33	0	0
3284	10817	3105	3106	6	0	0
3285	10818	3104	3106	268	0	0
3286	10819	3106	770	392	0	0
3287	10820	1180	1200	41	0	0
3288	10821	1200	1381	37	612	2
3289	10822	1098	1180	18	0	0
3290	10823	3061	1190	53	646	4
3291	10824	1190	1717	48	213	2
3292	10825	3107	1193	62	808	5
3293	10826	1193	1071	68	808	5
3294	10827	1722	3108	62	1310	1
3295	10829	1724	1177	92	0	0
3296	10831	3045	1173	48	1173	7
3297	10832	1595	1188	88	1472	2
3298	10833	1188	1768	51	162	1
3299	10842	3109	1203	83	1139	5
3300	10843	1203	2422	95	366	2
3301	-2	38	753	1	0	0
3302	-5	1997	2042	1	0	0
3303	-6	8	2072	793	0	0
3304	-8	77	153	32	0	0
3305	-9	232	207	352	0	0
3306	-10	245	2231	278	0	0
3307	-12	288	286	648	0	0
3308	-13	349	350	256	0	0
3309	-14	493	495	231	0	0
3310	-17	587	1054	636	0	0
3311	-19	704	703	535	0	0
3312	-20	760	761	197	0	0
3313	-21	770	845	282	0	0
3314	-22	833	2356	215	0	0
3315	-23	850	141	94	0	0
3316	-24	868	2363	113	0	0
3317	-26	548	748	733	0	0
3318	-27	1079	1080	278	0	0
3319	-28	1093	9	257	0	0
3320	-29	1113	1112	49	0	0
3321	-30	1202	3103	175	0	0
3322	-31	1212	1213	190	0	0
3323	-32	1214	2097	323	0	0
3324	-35	2337	1712	260	0	0
3325	-36	1238	1239	175	0	0
3326	-37	930	1254	550	0	0
3327	-38	1319	1338	297	0	0
3328	-39	1321	1338	50	0	0
3329	-41	1319	1651	151	0	0
3330	-42	1320	1338	77	0	0
3331	-43	1352	1319	128	0	0
3332	-45	1412	1228	213	0	0
3333	-47	1438	1441	68	0	0
3334	-49	280	1553	937	0	0
3335	-50	1581	1578	125	0	0
3336	-51	1436	293	227	0	0
3337	-52	1596	64	67	0	0
3338	-53	1073	2348	88	0	0
3339	-54	1719	2365	39	0	0
3340	-55	1537	2416	131	0	0
3341	-57	1532	2118	95	0	0
3342	-61	503	2112	280	0	0
3343	-63	1350	759	759	0	0
3344	-64	2221	242	36	0	0
3345	-68	2008	2239	647	0	0
3346	-70	760	2295	543	0	0
3347	-71	761	1348	214	0	0
3348	-73	333	1317	184	0	0
3349	-74	2300	376	204	0	0
3350	-75	1421	2245	49	0	0
3351	-76	1574	2367	149	0	0
3352	-78	1224	1735	670	0	0
3353	-79	2394	2404	38	0	0
3354	-80	3056	20	144	0	0
3355	-81	855	856	2	0	0
3356	2570	3110	856	135	485	3
3357	-82	855	3110	1	0	0
END
-----------------------------------------
InputUsedToGenerateTheGraph:
County:	SkanderborgOdder
CenterNodeId:	1416
Radius:	9500
HouseTypes:	Normal	Summer	Apartment
NumberOfWasteFractions: 1
IntervalsForWasteFraction:	general	2.333333	3.5	7.0	14.0	28.0
-----------------------------------------


